,class,score,x1,y1,x2,y2,frame_num,imdb_id,pct_of_frame,instance_num,instance_id,frame_id
0,tv,0.5734819,0,15,453,331,296,48318,0.8424435028248588,0,48318_296_0,48318_296
1,car,0.64611644,304,155,371,230,2664,48318,0.0295727401129943,0,48318_2664_0,48318_2664
2,car,0.5336324,224,149,262,173,2812,48318,0.005367231638418,0,48318_2812_0,48318_2812
3,person,0.52923936,69,78,104,147,2960,48318,0.0142125706214689,0,48318_2960_0,48318_2960
4,person,0.97295344,0,130,193,353,3108,48318,0.2532897834274953,2,48318_3108_2,48318_3108
5,person,0.82355857,120,163,212,324,3108,48318,0.0871704331450094,1,48318_3108_1,48318_3108
6,person,0.5406316,123,161,210,250,3108,48318,0.0455685028248587,0,48318_3108_0,48318_3108
7,person,0.985558,303,65,386,286,3256,48318,0.1079508003766478,2,48318_3256_2,48318_3256
8,person,0.9716446,0,110,182,350,3256,48318,0.2570621468926554,4,48318_3256_4,48318_3256
9,person,0.8964017,130,156,227,235,3256,48318,0.045097693032015,1,48318_3256_1,48318_3256
10,person,0.8649142,409,134,467,241,3256,48318,0.0365230696798493,0,48318_3256_0,48318_3256
11,person,0.6408451999999999,127,156,232,333,3256,48318,0.109375,3,48318_3256_3,48318_3256
12,person,0.96422833,3,108,192,351,3404,48318,0.2702860169491525,4,48318_3404_4,48318_3404
13,person,0.9462793,328,68,411,248,3404,48318,0.0879237288135593,2,48318_3404_2,48318_3404
14,person,0.9227336,194,110,271,335,3404,48318,0.1019597457627118,3,48318_3404_3,48318_3404
15,person,0.7629342,401,120,465,239,3404,48318,0.0448210922787194,0,48318_3404_0,48318_3404
16,person,0.7620889,193,109,269,232,3404,48318,0.0550141242937853,1,48318_3404_1,48318_3404
17,person,0.9918755,225,84,467,357,3552,48318,0.3888064971751413,1,48318_3552_1,48318_3552
18,person,0.98567563,0,46,203,359,3552,48318,0.3739347928436911,0,48318_3552_0,48318_3552
19,person,0.9923177,213,95,466,359,3700,48318,0.3930790960451977,2,48318_3700_2,48318_3700
20,person,0.9889853,0,49,203,360,3700,48318,0.3715454331450094,1,48318_3700_1,48318_3700
21,tie,0.8428844999999999,301,246,357,356,3700,48318,0.0362523540489642,0,48318_3700_0,48318_3700
22,person,0.9974456,31,62,372,360,3848,48318,0.5980343691148776,0,48318_3848_0,48318_3848
23,person,0.9965216999999998,101,49,442,359,3996,48318,0.6221162900188324,0,48318_3996_0,48318_3996
24,person,0.99878794,43,61,374,360,4144,48318,0.5824446798493409,0,48318_4144_0,48318_4144
25,person,0.94969547,288,88,360,283,4292,48318,0.0826271186440678,1,48318_4292_1,48318_4292
26,person,0.94141763,2,115,173,350,4292,48318,0.2364936440677966,3,48318_4292_3,48318_4292
27,person,0.8775261000000001,112,155,195,238,4292,48318,0.0405426082862523,0,48318_4292_0,48318_4292
28,person,0.7724781999999999,104,154,201,302,4292,48318,0.0844868173258003,2,48318_4292_2,48318_4292
29,person,0.9278225,311,55,447,309,4440,48318,0.2032956685499058,1,48318_4440_1,48318_4440
30,person,0.92433304,120,160,185,242,4440,48318,0.0313677024482109,0,48318_4440_0,48318_4440
31,person,0.8125823,8,108,189,352,4440,48318,0.2599105461393597,2,48318_4440_2,48318_4440
32,person,0.9636726,314,106,446,341,4588,48318,0.1825564971751412,1,48318_4588_1,48318_4588
33,person,0.95575184,49,66,317,351,4588,48318,0.4495056497175141,3,48318_4588_3,48318_4588
34,person,0.8669293,211,124,277,207,4588,48318,0.0322387005649717,0,48318_4588_0,48318_4588
35,person,0.54774535,153,113,344,358,4588,48318,0.2753943032015066,2,48318_4588_2,48318_4588
36,person,0.96707034,76,77,333,353,4736,48318,0.4174435028248588,2,48318_4736_2,48318_4736
37,person,0.9386378,265,93,454,350,4736,48318,0.2858580508474576,1,48318_4736_1,48318_4736
38,person,0.799374,225,131,280,194,4736,48318,0.0203919491525423,0,48318_4736_0,48318_4736
39,person,0.96908563,80,83,320,345,4884,48318,0.3700564971751412,1,48318_4884_1,48318_4884
40,person,0.89438486,325,116,427,315,4884,48318,0.1194562146892655,0,48318_4884_0,48318_4884
41,person,0.9889361,102,58,461,349,5032,48318,0.6148128531073447,0,48318_5032_0,48318_5032
42,person,0.979749,166,81,329,224,5328,48318,0.1371763182674199,0,48318_5328_0,48318_5328
43,refrigerator,0.68167824,0,86,121,356,5328,48318,0.1922669491525424,1,48318_5328_1,48318_5328
44,person,0.96680987,49,115,264,269,5476,48318,0.1948564030131826,0,48318_5476_0,48318_5476
45,person,0.95301956,287,141,470,359,5772,48318,0.2347810734463277,1,48318_5772_1,48318_5772
46,person,0.9386386,0,120,230,359,5772,48318,0.3235051789077213,2,48318_5772_2,48318_5772
47,person,0.5043626,246,94,382,358,5772,48318,0.2112994350282484,0,48318_5772_0,48318_5772
48,person,0.9832835,353,100,450,351,5920,48318,0.1432850753295668,1,48318_5920_1,48318_5920
49,person,0.9198138,222,164,311,353,5920,48318,0.0989936440677966,0,48318_5920_0,48318_5920
50,person,0.9915053,342,106,447,354,6068,48318,0.1532485875706214,1,48318_6068_1,48318_6068
51,person,0.9263897,147,155,312,358,6068,48318,0.1971221751412428,2,48318_6068_2,48318_6068
52,person,0.7217018,217,159,309,360,6068,48318,0.1088276836158192,0,48318_6068_0,48318_6068
53,person,0.9770797,282,54,394,354,6216,48318,0.1977401129943503,0,48318_6216_0,48318_6216
54,person,0.97580385,158,80,288,360,6216,48318,0.2142184557438794,1,48318_6216_1,48318_6216
55,person,0.998016,305,67,439,354,6364,48318,0.2263300376647834,1,48318_6364_1,48318_6364
56,person,0.9399563,187,109,266,247,6364,48318,0.064159604519774,0,48318_6364_0,48318_6364
57,person,0.9870452,244,66,422,346,6512,48318,0.2933145009416196,0,48318_6512_0,48318_6512
58,person,0.9479433,224,31,467,359,6660,48318,0.4690677966101695,2,48318_6660_2,48318_6660
59,person,0.9464212,34,77,209,234,6660,48318,0.1616937382297552,1,48318_6660_1,48318_6660
60,person,0.90519464,127,244,220,358,6660,48318,0.0623940677966101,0,48318_6660_0,48318_6660
61,person,0.8694877000000001,22,88,256,238,6808,48318,0.2065677966101695,1,48318_6808_1,48318_6808
62,person,0.75525904,130,242,224,357,6808,48318,0.0636181732580037,0,48318_6808_0,48318_6808
63,person,0.7156468,233,39,470,355,6808,48318,0.4407485875706215,2,48318_6808_2,48318_6808
64,person,0.9775689,110,105,462,351,6956,48318,0.5096045197740113,0,48318_6956_0,48318_6956
65,person,0.90346175,38,110,128,236,7104,48318,0.0667372881355932,0,48318_7104_0,48318_7104
66,person,0.8982728000000001,141,101,290,219,7104,48318,0.1034722222222222,1,48318_7104_1,48318_7104
67,person,0.8596258,278,35,461,351,7104,48318,0.3403248587570621,2,48318_7104_2,48318_7104
68,person,0.96400195,278,30,471,360,7252,48318,0.3748234463276836,2,48318_7252_2,48318_7252
69,person,0.9360172,37,114,127,235,7252,48318,0.0640889830508474,0,48318_7252_0,48318_7252
70,person,0.8030282,211,82,328,241,7252,48318,0.1094809322033898,1,48318_7252_1,48318_7252
71,person,0.72073793,125,51,457,342,7252,48318,0.5685734463276836,3,48318_7252_3,48318_7252
72,person,0.8780084999999999,300,85,464,357,7400,48318,0.2625235404896421,0,48318_7400_0,48318_7400
73,person,0.9742022,89,70,408,360,7548,48318,0.5444326741996234,0,48318_7548_0,48318_7548
74,person,0.98635364,112,59,258,359,7696,48318,0.2577683615819209,1,48318_7696_1,48318_7696
75,person,0.6784401999999999,240,110,355,282,7696,48318,0.1164077212806026,0,48318_7696_0,48318_7696
76,person,0.9638413,18,213,169,360,7844,48318,0.1306320621468926,5,48318_7844_5,48318_7844
77,person,0.83705044,122,132,195,295,7844,48318,0.0700270715630885,4,48318_7844_4,48318_7844
78,person,0.69712925,322,182,385,238,7844,48318,0.0207627118644067,2,48318_7844_2,48318_7844
79,person,0.62268114,262,153,311,209,7844,48318,0.0161487758945386,0,48318_7844_0,48318_7844
80,person,0.5881947,187,146,243,250,7844,48318,0.0342749529190207,3,48318_7844_3,48318_7844
81,person,0.5695808000000001,136,115,183,188,7844,48318,0.0201918549905838,1,48318_7844_1,48318_7844
82,person,0.99646986,53,56,201,356,7992,48318,0.2612994350282486,1,48318_7992_1,48318_7992
83,person,0.6393135999999999,238,273,467,358,7992,48318,0.1145539077212806,0,48318_7992_0,48318_7992
84,person,0.97977257,4,49,158,349,8140,48318,0.2718926553672316,2,48318_8140_2,48318_8140
85,person,0.842664,361,168,429,267,8140,48318,0.0396186440677966,0,48318_8140_0,48318_8140
86,person,0.7599579000000001,207,256,467,358,8140,48318,0.1560734463276836,1,48318_8140_1,48318_8140
87,person,0.9966198,55,53,197,360,8288,48318,0.2565560263653484,1,48318_8288_1,48318_8288
88,person,0.71052635,227,272,469,356,8288,48318,0.1196327683615819,0,48318_8288_0,48318_8288
89,person,0.9743645,18,216,164,360,8436,48318,0.123728813559322,3,48318_8436_3,48318_8436
90,person,0.8827229999999999,131,168,194,290,8436,48318,0.0452330508474576,2,48318_8436_2,48318_8436
91,person,0.69760454,316,179,382,242,8436,48318,0.0244703389830508,1,48318_8436_1,48318_8436
92,person,0.5692638000000001,273,157,338,220,8436,48318,0.0240995762711864,0,48318_8436_0,48318_8436
93,person,0.97098756,18,215,167,360,8584,48318,0.1271480696798493,4,48318_8584_4,48318_8584
94,person,0.89208823,125,158,198,298,8584,48318,0.0601459510357815,2,48318_8584_2,48318_8584
95,person,0.6357409,186,149,242,276,8584,48318,0.0418549905838041,1,48318_8584_1,48318_8584
96,person,0.6241,250,149,311,211,8584,48318,0.0222575329566854,0,48318_8584_0,48318_8584
97,person,0.5904829,259,174,374,270,8584,48318,0.0649717514124293,3,48318_8584_3,48318_8584
98,person,0.9882764,23,92,238,360,8732,48318,0.3391007532956685,1,48318_8732_1,48318_8732
99,person,0.68226784,376,187,461,282,8732,48318,0.04752236346516,0,48318_8732_0,48318_8732
100,person,0.99423754,34,91,208,359,8880,48318,0.2744350282485876,1,48318_8880_1,48318_8880
101,person,0.53228587,340,179,442,281,8880,48318,0.061228813559322,0,48318_8880_0,48318_8880
102,person,0.99556667,184,60,364,354,9028,48318,0.3114406779661017,0,48318_9028_0,48318_9028
103,person,0.98777664,85,58,343,355,9176,48318,0.4509533898305085,0,48318_9176_0,48318_9176
104,person,0.98193884,89,46,341,360,9324,48318,0.4656779661016949,0,48318_9324_0,48318_9324
105,person,0.9912418,189,59,375,354,9472,48318,0.3229166666666667,1,48318_9472_1,48318_9472
106,person,0.53929937,23,46,91,223,9472,48318,0.0708333333333333,0,48318_9472_0,48318_9472
107,person,0.9944577,190,62,373,346,9620,48318,0.305861581920904,0,48318_9620_0,48318_9620
108,person,0.99233454,187,59,375,358,9768,48318,0.3308145009416196,0,48318_9768_0,48318_9768
109,person,0.99561065,86,58,347,357,9916,48318,0.4592690677966101,1,48318_9916_1,48318_9916
110,refrigerator,0.54880273,29,96,172,360,9916,48318,0.2221751412429378,0,48318_9916_0,48318_9916
111,person,0.98505473,58,44,249,354,10064,48318,0.3484580979284369,3,48318_10064_3,48318_10064
112,person,0.9539244,199,115,353,353,10064,48318,0.2157015065913371,0,48318_10064_0,48318_10064
113,person,0.94281757,273,133,472,360,10064,48318,0.2658486346516007,2,48318_10064_2,48318_10064
114,person,0.76406044,154,104,322,359,10064,48318,0.2521186440677966,1,48318_10064_1,48318_10064
115,person,0.9851119,75,74,238,357,10212,48318,0.2714748116760828,0,48318_10212_0,48318_10212
116,person,0.98117733,0,26,143,349,10360,48318,0.2718279190207156,1,48318_10360_1,48318_10360
117,dog,0.5973927,307,120,444,325,10360,48318,0.1652836629001883,0,48318_10360_0,48318_10360
118,person,0.8167054,37,62,231,357,10508,48318,0.3368055555555556,1,48318_10508_1,48318_10508
119,toilet,0.57262146,165,236,256,354,10508,48318,0.0631944444444444,0,48318_10508_0,48318_10508
120,person,0.74562776,96,97,184,273,10656,48318,0.0911487758945386,0,48318_10656_0,48318_10656
121,person,0.96349007,193,135,381,353,10952,48318,0.2411958568738229,0,48318_10952_0,48318_10952
122,person,0.8938360000000001,78,69,209,355,11100,48318,0.2204919962335216,1,48318_11100_1,48318_11100
123,person,0.7891401,88,74,207,253,11100,48318,0.1253589924670433,0,48318_11100_0,48318_11100
124,person,0.96095604,96,54,237,346,11248,48318,0.2423022598870057,1,48318_11248_1,48318_11248
125,person,0.6874906,95,61,207,281,11248,48318,0.1450094161958568,0,48318_11248_0,48318_11248
126,person,0.9591716,88,61,212,341,11396,48318,0.2043314500941619,1,48318_11396_1,48318_11396
127,person,0.7752679,93,61,211,234,11396,48318,0.1201388888888888,0,48318_11396_0,48318_11396
128,car,0.7561638,251,108,401,281,11544,48318,0.1527189265536723,1,48318_11544_1,48318_11544
129,person,0.5751264,194,113,251,273,11544,48318,0.0536723163841807,0,48318_11544_0,48318_11544
130,person,0.9579787,78,58,267,353,11692,48318,0.328125,3,48318_11692_3,48318_11692
131,person,0.9535615,99,141,287,356,11692,48318,0.2378766478342749,1,48318_11692_1,48318_11692
132,person,0.7490352,66,46,182,253,11692,48318,0.1413135593220339,0,48318_11692_0,48318_11692
133,person,0.6801166999999999,61,39,199,344,11692,48318,0.247704802259887,2,48318_11692_2,48318_11692
134,person,0.929285,47,123,225,360,11988,48318,0.2482697740112994,1,48318_11988_1,48318_11988
135,person,0.8114634000000001,153,117,248,203,11988,48318,0.0480814500941619,0,48318_11988_0,48318_11988
136,person,0.9858985999999998,102,63,417,359,12136,48318,0.548728813559322,0,48318_12136_0,48318_12136
137,person,0.97735596,113,45,463,359,12284,48318,0.6467749529190208,0,48318_12284_0,48318_12284
138,car,0.8610846999999999,296,201,394,267,12432,48318,0.0380649717514124,0,48318_12432_0,48318_12432
139,car,0.53160423,19,171,316,353,12432,48318,0.318114406779661,1,48318_12432_1,48318_12432
140,truck,0.50341016,6,160,310,357,12432,48318,0.3524482109227872,2,48318_12432_2,48318_12432
141,car,0.9554652,317,198,396,271,12580,48318,0.0339395009416195,1,48318_12580_1,48318_12580
142,car,0.7280153,6,184,49,227,12580,48318,0.0108815913370998,0,48318_12580_0,48318_12580
143,person,0.9144705,243,86,453,262,12876,48318,0.2175141242937853,1,48318_12876_1,48318_12876
144,person,0.8931683000000001,26,110,321,269,12876,48318,0.2760416666666667,2,48318_12876_2,48318_12876
145,person,0.6034447,29,101,226,252,12876,48318,0.1750647363465159,0,48318_12876_0,48318_12876
146,person,0.9345009,258,101,403,258,13024,48318,0.1339748116760828,1,48318_13024_1,48318_13024
147,person,0.9153694,34,104,189,248,13024,48318,0.1313559322033898,0,48318_13024_0,48318_13024
148,car,0.5896058000000001,213,124,339,209,13172,48318,0.0630296610169491,1,48318_13172_1,48318_13172
149,car,0.5851775,2,112,51,159,13172,48318,0.0135534369114877,0,48318_13172_0,48318_13172
150,truck,0.52452046,178,115,351,213,13172,48318,0.0997763653483992,2,48318_13172_2,48318_13172
151,person,0.97425634,199,162,266,355,13468,48318,0.0761005178907721,3,48318_13468_3,48318_13468
152,person,0.713118,306,235,389,358,13468,48318,0.0600812146892655,0,48318_13468_0,48318_13468
153,person,0.6821054,276,234,374,356,13468,48318,0.0703625235404896,1,48318_13468_1,48318_13468
154,person,0.5748308000000001,260,218,348,355,13468,48318,0.0709510357815442,2,48318_13468_2,48318_13468
155,person,0.92012715,246,88,439,269,13616,48318,0.2055849811676083,2,48318_13616_2,48318_13616
156,person,0.9128716,4,89,135,247,13616,48318,0.121810263653484,1,48318_13616_1,48318_13616
157,baseball bat,0.5694517,225,45,364,142,13616,48318,0.0793491054613936,0,48318_13616_0,48318_13616
158,person,0.9543532,248,111,320,285,13764,48318,0.073728813559322,0,48318_13764_0,48318_13764
159,person,0.8782938,309,139,421,291,13764,48318,0.1001883239171374,1,48318_13764_1,48318_13764
160,person,0.95006377,197,102,341,227,13912,48318,0.1059322033898305,0,48318_13912_0,48318_13912
161,person,0.65059584,17,89,146,351,13912,48318,0.1989053672316384,1,48318_13912_1,48318_13912
162,person,0.995992,359,106,451,352,14060,48318,0.1331920903954802,0,48318_14060_0,48318_14060
163,person,0.8938606,259,68,359,351,14208,48318,0.1665489642184557,0,48318_14208_0,48318_14208
164,dog,0.5879583,9,126,200,357,14208,48318,0.2596574858757062,1,48318_14208_1,48318_14208
165,person,0.54468834,46,0,201,198,14356,48318,0.1806144067796609,0,48318_14356_0,48318_14356
166,person,0.6667585,385,81,468,213,14504,48318,0.0644774011299435,1,48318_14504_1,48318_14504
167,person,0.5697937,408,83,467,195,14504,48318,0.0388888888888888,0,48318_14504_0,48318_14504
168,truck,0.5576281999999999,31,44,449,352,14504,48318,0.7576741996233521,2,48318_14504_2,48318_14504
169,person,0.9689349,10,102,180,299,14652,48318,0.1970927495291902,2,48318_14652_2,48318_14652
170,person,0.79220265,307,125,472,286,14652,48318,0.1563382768361582,1,48318_14652_1,48318_14652
171,person,0.62941617,266,118,385,290,14652,48318,0.1204566854990584,0,48318_14652_0,48318_14652
172,oven,0.5205325,0,0,470,345,14652,48318,0.9542725988700564,3,48318_14652_3,48318_14652
173,person,0.95420414,5,79,176,291,14800,48318,0.2133474576271186,1,48318_14800_1,48318_14800
174,person,0.9330319,255,124,469,290,14800,48318,0.209063088512241,0,48318_14800_0,48318_14800
175,person,0.9556611,289,56,376,267,14948,48318,0.1080331920903954,4,48318_14948_4,48318_14948
176,person,0.9506522,196,188,295,358,14948,48318,0.0990466101694915,3,48318_14948_3,48318_14948
177,person,0.95037645,383,161,461,278,14948,48318,0.053707627118644,1,48318_14948_1,48318_14948
178,person,0.85504407,54,178,181,354,14948,48318,0.1315442561205273,5,48318_14948_5,48318_14948
179,person,0.7492985,113,97,203,224,14948,48318,0.0672669491525423,2,48318_14948_2,48318_14948
180,person,0.51994133,375,51,422,216,14948,48318,0.0456391242937853,0,48318_14948_0,48318_14948
181,person,0.99336547,29,60,156,355,15096,48318,0.2204861111111111,5,48318_15096_5,48318_15096
182,person,0.97172415,111,117,330,360,15096,48318,0.3131885593220339,6,48318_15096_6,48318_15096
183,person,0.81370217,292,162,389,346,15096,48318,0.1050376647834274,4,48318_15096_4,48318_15096
184,person,0.6715816,411,187,471,335,15096,48318,0.0522598870056497,2,48318_15096_2,48318_15096
185,person,0.59835994,328,94,416,239,15096,48318,0.0750941619585687,3,48318_15096_3,48318_15096
186,person,0.56020254,381,280,459,360,15096,48318,0.0367231638418079,0,48318_15096_0,48318_15096
187,person,0.5330760999999999,385,103,451,209,15096,48318,0.0411723163841807,1,48318_15096_1,48318_15096
188,person,0.99241966,210,60,463,359,15244,48318,0.4451918549905838,2,48318_15244_2,48318_15244
189,person,0.6717882,126,95,196,214,15244,48318,0.0490230696798493,0,48318_15244_0,48318_15244
190,tie,0.57636654,298,122,374,336,15244,48318,0.0957156308851224,1,48318_15244_1,48318_15244
191,person,0.9765096,362,134,454,357,15392,48318,0.1207391713747646,4,48318_15392_4,48318_15392
192,person,0.94804025,262,163,371,353,15392,48318,0.1218808851224105,5,48318_15392_5,48318_15392
193,person,0.89398587,160,138,259,319,15392,48318,0.1054555084745762,3,48318_15392_3,48318_15392
194,remote,0.8456178,182,290,269,349,15392,48318,0.0302083333333333,0,48318_15392_0,48318_15392
195,person,0.825464,89,143,178,245,15392,48318,0.0534251412429378,1,48318_15392_1,48318_15392
196,person,0.74488586,10,9,104,235,15392,48318,0.1250235404896421,6,48318_15392_6,48318_15392
197,person,0.61056113,0,210,120,357,15392,48318,0.1038135593220339,2,48318_15392_2,48318_15392
198,person,0.98111457,359,134,463,354,15540,48318,0.1346516007532956,4,48318_15540_4,48318_15540
199,person,0.90351254,159,136,287,271,15540,48318,0.1016949152542373,3,48318_15540_3,48318_15540
200,person,0.8880231,21,9,144,237,15540,48318,0.1650423728813559,5,48318_15540_5,48318_15540
201,person,0.783848,101,142,187,295,15540,48318,0.0774364406779661,1,48318_15540_1,48318_15540
202,person,0.7506649000000001,2,220,120,355,15540,48318,0.09375,2,48318_15540_2,48318_15540
203,person,0.72420883,104,141,187,234,15540,48318,0.0454272598870056,0,48318_15540_0,48318_15540
204,person,0.9730558,3,130,168,347,15836,48318,0.2107168079096045,8,48318_15836_8,48318_15836
205,person,0.9411728,152,161,320,360,15836,48318,0.1967514124293784,7,48318_15836_7,48318_15836
206,person,0.9298517,336,89,447,293,15836,48318,0.1332627118644067,6,48318_15836_6,48318_15836
207,person,0.71648794,19,76,70,211,15836,48318,0.0405190677966101,3,48318_15836_3,48318_15836
208,chair,0.6747878,408,145,472,305,15836,48318,0.0602636534839924,5,48318_15836_5,48318_15836
209,person,0.61629623,151,109,233,193,15836,48318,0.0405367231638418,4,48318_15836_4,48318_15836
210,person,0.6000082,310,126,366,193,15836,48318,0.0220809792843691,0,48318_15836_0,48318_15836
211,person,0.57809013,312,129,366,232,15836,48318,0.0327330508474576,2,48318_15836_2,48318_15836
212,chair,0.5222210999999999,294,187,352,254,15836,48318,0.0228695856873822,1,48318_15836_1,48318_15836
213,person,0.91842246,21,162,218,343,15984,48318,0.2098458097928437,4,48318_15984_4,48318_15984
214,person,0.8751205,141,97,197,296,15984,48318,0.0655838041431261,0,48318_15984_0,48318_15984
215,person,0.7616694,225,92,304,272,15984,48318,0.0836864406779661,3,48318_15984_3,48318_15984
216,person,0.565037,110,99,170,288,15984,48318,0.0667372881355932,1,48318_15984_1,48318_15984
217,person,0.54194653,88,100,159,262,15984,48318,0.0676906779661016,2,48318_15984_2,48318_15984
218,person,0.98709756,160,83,263,353,16132,48318,0.1636652542372881,1,48318_16132_1,48318_16132
219,person,0.9804125,269,34,424,340,16132,48318,0.2791313559322034,3,48318_16132_3,48318_16132
220,person,0.7903958999999999,0,172,167,350,16132,48318,0.1749411487758945,2,48318_16132_2,48318_16132
221,person,0.64637595,323,183,427,359,16132,48318,0.1077212806026365,0,48318_16132_0,48318_16132
222,person,0.9862147,144,50,258,350,16280,48318,0.201271186440678,2,48318_16280_2,48318_16280
223,person,0.9292775,254,75,312,261,16280,48318,0.0634887005649717,0,48318_16280_0,48318_16280
224,person,0.87660694,0,80,66,290,16280,48318,0.0815677966101695,1,48318_16280_1,48318_16280
225,person,0.66456956,266,99,470,330,16280,48318,0.2773305084745763,3,48318_16280_3,48318_16280
226,person,0.9495309,187,183,256,354,16428,48318,0.0694385593220339,1,48318_16428_1,48318_16428
227,person,0.8861357,294,98,439,355,16428,48318,0.2193090866290019,2,48318_16428_2,48318_16428
228,chair,0.58870155,261,282,326,357,16428,48318,0.0286899717514124,0,48318_16428_0,48318_16428
229,person,0.98926103,85,163,289,348,16576,48318,0.2221045197740113,2,48318_16576_2,48318_16576
230,person,0.93094814,278,164,457,355,16576,48318,0.201206450094162,1,48318_16576_1,48318_16576
231,person,0.6968066999999999,248,108,321,256,16576,48318,0.0635828625235404,0,48318_16576_0,48318_16576
232,person,0.99567246,256,64,371,353,16724,48318,0.1955920433145008,2,48318_16724_2,48318_16724
233,person,0.98970175,21,39,166,353,16724,48318,0.2679496233521657,3,48318_16724_3,48318_16724
234,person,0.9277817,133,98,228,235,16724,48318,0.076594868173258,0,48318_16724_0,48318_16724
235,person,0.9080316,352,82,460,325,16724,48318,0.1544491525423728,1,48318_16724_1,48318_16724
236,person,0.98641413,308,93,460,360,16872,48318,0.2388418079096045,1,48318_16872_1,48318_16872
237,person,0.9824723,53,42,301,351,16872,48318,0.4509887005649718,2,48318_16872_2,48318_16872
238,person,0.94131005,0,135,101,325,16872,48318,0.1129354990583804,0,48318_16872_0,48318_16872
239,person,0.9938491,242,86,438,358,17020,48318,0.3137476459510357,2,48318_17020_2,48318_17020
240,person,0.9770098,0,128,145,336,17020,48318,0.1774952919020715,1,48318_17020_1,48318_17020
241,person,0.8587991,413,118,462,277,17020,48318,0.0458509887005649,0,48318_17020_0,48318_17020
242,person,0.98527354,256,99,414,335,17168,48318,0.2194444444444444,0,48318_17168_0,48318_17168
243,person,0.9915006,15,83,222,354,17316,48318,0.3301377118644068,1,48318_17316_1,48318_17316
244,person,0.98705,215,36,472,352,17316,48318,0.477942561205273,2,48318_17316_2,48318_17316
245,tie,0.61104083,129,180,152,269,17316,48318,0.0120468455743879,0,48318_17316_0,48318_17316
246,person,0.99031746,236,56,437,354,17464,48318,0.3525070621468926,3,48318_17464_3,48318_17464
247,person,0.98164546,1,99,213,360,17464,48318,0.3256355932203389,2,48318_17464_2,48318_17464
248,person,0.7320684000000001,76,63,182,224,17464,48318,0.1004354990583804,1,48318_17464_1,48318_17464
249,person,0.6391594,386,104,443,234,17464,48318,0.0436087570621468,0,48318_17464_0,48318_17464
250,person,0.98858696,206,49,408,356,17612,48318,0.3649599811676083,2,48318_17612_2,48318_17612
251,person,0.98392683,2,59,177,360,17612,48318,0.3099988229755179,1,48318_17612_1,48318_17612
252,person,0.66992676,356,103,430,289,17612,48318,0.081002824858757,0,48318_17612_0,48318_17612
253,person,0.9871629,221,60,468,345,17760,48318,0.4142831920903955,1,48318_17760_1,48318_17760
254,person,0.9853727,25,68,173,358,17760,48318,0.2525894538606403,0,48318_17760_0,48318_17760
255,person,0.98987573,195,54,436,341,17908,48318,0.4070562617702448,2,48318_17908_2,48318_17908
256,person,0.98579377,31,63,172,360,17908,48318,0.2464512711864407,1,48318_17908_1,48318_17908
257,cup,0.65548027,238,228,314,342,17908,48318,0.0509887005649717,0,48318_17908_0,48318_17908
258,person,0.9618708,380,117,465,249,18056,48318,0.0660310734463276,2,48318_18056_2,48318_18056
259,person,0.96032643,92,120,205,289,18056,48318,0.1123881826741996,3,48318_18056_3,48318_18056
260,person,0.8393504,307,105,372,257,18056,48318,0.0581450094161958,1,48318_18056_1,48318_18056
261,person,0.62783414,174,120,225,195,18056,48318,0.0225105932203389,0,48318_18056_0,48318_18056
262,person,0.9368101,157,60,249,217,18204,48318,0.0850047080979284,2,48318_18204_2,48318_18204
263,person,0.90801114,303,138,389,254,18204,48318,0.0587099811676082,1,48318_18204_1,48318_18204
264,person,0.7581800999999999,246,127,307,212,18204,48318,0.0305143596986817,0,48318_18204_0,48318_18204
265,person,0.97080225,44,51,105,239,18352,48318,0.0674905838041431,2,48318_18352_2,48318_18352
266,person,0.9403802,112,76,236,253,18352,48318,0.1291666666666666,4,48318_18352_4,48318_18352
267,person,0.9096583,294,128,388,221,18352,48318,0.0514477401129943,1,48318_18352_1,48318_18352
268,person,0.7993313,210,128,312,263,18352,48318,0.0810381355932203,3,48318_18352_3,48318_18352
269,cup,0.58743805,409,255,470,356,18352,48318,0.0362582391713747,0,48318_18352_0,48318_18352
270,person,0.9905888,117,54,422,353,18500,48318,0.5366937382297552,0,48318_18500_0,48318_18500
271,person,0.98839116,87,53,274,356,18648,48318,0.3334569209039548,1,48318_18648_1,48318_18648
272,person,0.97947043,337,240,449,358,18648,48318,0.0777777777777777,0,48318_18648_0,48318_18648
273,person,0.99419844,70,119,238,348,18796,48318,0.2264124293785311,1,48318_18796_1,48318_18796
274,person,0.9701524,334,224,459,358,18796,48318,0.0985758003766478,0,48318_18796_0,48318_18796
275,person,0.9903617,61,79,402,353,18944,48318,0.5498705273069681,0,48318_18944_0,48318_18944
276,person,0.9182689,136,80,346,354,19092,48318,0.3386299435028249,3,48318_19092_3,48318_19092
277,person,0.9139595,38,91,407,354,19092,48318,0.5711334745762712,4,48318_19092_4,48318_19092
278,person,0.8003610999999999,293,94,459,346,19092,48318,0.2461864406779661,1,48318_19092_1,48318_19092
279,person,0.57549196,212,84,420,349,19092,48318,0.3243879472693032,2,48318_19092_2,48318_19092
280,person,0.50924665,212,121,273,206,19092,48318,0.0305143596986817,0,48318_19092_0,48318_19092
281,person,0.97312915,96,70,392,350,19240,48318,0.4877589453860639,0,48318_19240_0,48318_19240
282,person,0.93341476,141,62,398,351,19388,48318,0.4371056967984934,0,48318_19388_0,48318_19388
283,person,0.9938419,284,39,373,333,19536,48318,0.1539901129943502,4,48318_19536_4,48318_19536
284,person,0.908605,42,168,155,289,19536,48318,0.0804672787193973,2,48318_19536_2,48318_19536
285,person,0.8304370999999999,49,52,157,199,19536,48318,0.0934322033898305,3,48318_19536_3,48318_19536
286,person,0.6529812,394,125,470,279,19536,48318,0.068879472693032,0,48318_19536_0,48318_19536
287,sink,0.50563854,324,265,467,357,19536,48318,0.077424670433145,1,48318_19536_1,48318_19536
288,person,0.98591727,185,33,312,354,19684,48318,0.2399187853107345,5,48318_19684_5,48318_19684
289,person,0.91430473,39,179,164,315,19684,48318,0.1000470809792843,4,48318_19684_4,48318_19684
290,person,0.7269145,84,77,160,234,19684,48318,0.0702212806026365,2,48318_19684_2,48318_19684
291,person,0.66466564,396,145,471,305,19684,48318,0.0706214689265536,3,48318_19684_3,48318_19684
292,person,0.5177962,67,69,110,177,19684,48318,0.0273305084745762,0,48318_19684_0,48318_19684
293,sink,0.5015969,323,307,469,360,19684,48318,0.045539077212806,1,48318_19684_1,48318_19684
294,person,0.9922996,163,61,306,359,19832,48318,0.2507886064030132,3,48318_19832_3,48318_19832
295,person,0.8571136999999999,43,178,161,300,19832,48318,0.0847222222222222,2,48318_19832_2,48318_19832
296,person,0.55351156,399,145,470,307,19832,48318,0.0676906779661016,1,48318_19832_1,48318_19832
297,sink,0.536917,324,306,468,360,19832,48318,0.0457627118644067,0,48318_19832_0,48318_19832
298,person,0.85927856,267,143,428,355,19980,48318,0.2008709981167608,2,48318_19980_2,48318_19980
299,person,0.7491432,366,203,467,333,19980,48318,0.0772716572504708,0,48318_19980_0,48318_19980
300,person,0.7457418,226,99,348,334,19980,48318,0.1687264595103578,1,48318_19980_1,48318_19980
301,person,0.99456054,185,41,324,354,20128,48318,0.2560440207156309,4,48318_20128_4,48318_20128
302,person,0.78332514,400,156,471,311,20128,48318,0.0647657721280602,1,48318_20128_1,48318_20128
303,person,0.77786994,27,168,161,319,20128,48318,0.1190795668549906,2,48318_20128_2,48318_20128
304,person,0.6349678000000001,39,163,226,332,20128,48318,0.1859875235404896,3,48318_20128_3,48318_20128
305,suitcase,0.5126345999999999,11,265,96,348,20128,48318,0.041519538606403,0,48318_20128_0,48318_20128
306,person,0.76400423,255,197,292,249,20276,48318,0.0113229755178907,0,48318_20276_0,48318_20276
307,person,0.75230336,194,192,241,260,20276,48318,0.0188088512241054,1,48318_20276_1,48318_20276
308,person,0.7472174,30,224,97,312,20276,48318,0.03469868173258,3,48318_20276_3,48318_20276
309,person,0.6843345000000001,342,49,462,360,20276,48318,0.2196327683615819,5,48318_20276_5,48318_20276
310,person,0.6756835999999999,78,172,154,350,20276,48318,0.0796139359698681,4,48318_20276_4,48318_20276
311,person,0.54207426,57,231,101,311,20276,48318,0.0207156308851224,2,48318_20276_2,48318_20276
312,person,0.9868173,101,72,341,360,20424,48318,0.4067796610169492,4,48318_20424_4,48318_20424
313,tie,0.9576733,173,221,213,357,20424,48318,0.032015065913371,0,48318_20424_0,48318_20424
314,person,0.87779754,375,0,469,340,20424,48318,0.1880885122410546,3,48318_20424_3,48318_20424
315,person,0.73950386,259,3,360,157,20424,48318,0.0915371939736346,2,48318_20424_2,48318_20424
316,person,0.5761371,135,0,207,80,20424,48318,0.0338983050847457,1,48318_20424_1,48318_20424
317,tie,0.9870123,201,218,247,358,20572,48318,0.0379001883239171,0,48318_20572_0,48318_20572
318,person,0.980224,111,86,347,360,20572,48318,0.3805555555555555,4,48318_20572_4,48318_20572
319,person,0.97987354,310,0,469,360,20572,48318,0.336864406779661,3,48318_20572_3,48318_20572
320,person,0.62996054,265,2,351,151,20572,48318,0.0754119585687382,1,48318_20572_1,48318_20572
321,person,0.5770741,233,128,358,356,20572,48318,0.1677259887005649,2,48318_20572_2,48318_20572
322,person,0.98830855,256,64,409,360,20720,48318,0.2665254237288135,2,48318_20720_2,48318_20720
323,tie,0.9689689,130,191,164,332,20720,48318,0.0282132768361581,0,48318_20720_0,48318_20720
324,person,0.9673421999999998,11,67,231,359,20720,48318,0.378060263653484,3,48318_20720_3,48318_20720
325,person,0.6159898,394,152,450,354,20720,48318,0.0665725047080979,1,48318_20720_1,48318_20720
326,person,0.9945527,263,56,428,360,20868,48318,0.2951977401129944,5,48318_20868_5,48318_20868
327,person,0.961201,156,65,278,336,20868,48318,0.1945739171374765,4,48318_20868_4,48318_20868
328,person,0.9079152,26,214,154,354,20868,48318,0.1054613935969868,3,48318_20868_3,48318_20868
329,person,0.7094507,210,168,270,358,20868,48318,0.067090395480226,2,48318_20868_2,48318_20868
330,tie,0.58367306,202,138,224,211,20868,48318,0.0094515065913371,0,48318_20868_0,48318_20868
331,person,0.55301774,410,119,468,200,20868,48318,0.0276483050847457,1,48318_20868_1,48318_20868
332,person,0.98979014,251,52,340,359,21016,48318,0.1607991996233521,5,48318_21016_5,48318_21016
333,person,0.97332126,164,86,261,304,21016,48318,0.1244467984934086,4,48318_21016_4,48318_21016
334,person,0.9123713,30,199,168,339,21016,48318,0.1137005649717514,3,48318_21016_3,48318_21016
335,person,0.6580852,103,124,190,286,21016,48318,0.0829449152542372,2,48318_21016_2,48318_21016
336,person,0.6447324999999999,22,212,221,359,21016,48318,0.1721574858757062,6,48318_21016_6,48318_21016
337,vase,0.60461015,363,184,402,226,21016,48318,0.0096398305084745,0,48318_21016_0,48318_21016
338,person,0.5801184,377,145,443,219,21016,48318,0.0287429378531073,1,48318_21016_1,48318_21016
339,person,0.9973845,228,52,365,358,21164,48318,0.2467161016949153,2,48318_21164_2,48318_21164
340,person,0.9581069,31,199,168,337,21164,48318,0.1112641242937853,1,48318_21164_1,48318_21164
341,person,0.5907793,144,131,235,277,21164,48318,0.0781897363465159,0,48318_21164_0,48318_21164
342,person,0.9985683,228,44,355,360,21312,48318,0.2361817325800377,3,48318_21312_3,48318_21312
343,person,0.8661620999999999,32,193,182,353,21312,48318,0.1412429378531073,2,48318_21312_2,48318_21312
344,person,0.6980141,82,120,223,269,21312,48318,0.1236405367231638,1,48318_21312_1,48318_21312
345,person,0.5383578,406,101,466,196,21312,48318,0.033545197740113,0,48318_21312_0,48318_21312
346,person,0.997166,195,64,348,360,21460,48318,0.2665254237288135,2,48318_21460_2,48318_21460
347,person,0.86693037,39,196,168,317,21460,48318,0.0918608757062146,0,48318_21460_0,48318_21460
348,person,0.7025852,100,126,230,271,21460,48318,0.1109345574387947,1,48318_21460_1,48318_21460
349,person,0.99349606,131,69,411,360,21608,48318,0.4795197740112994,4,48318_21608_4,48318_21608
350,person,0.80500907,129,8,208,177,21608,48318,0.0785722693032015,2,48318_21608_2,48318_21608
351,person,0.79163843,62,0,144,135,21608,48318,0.0651483050847457,0,48318_21608_0,48318_21608
352,person,0.6036989,399,45,469,303,21608,48318,0.1062853107344632,3,48318_21608_3,48318_21608
353,person,0.58670986,0,0,82,161,21608,48318,0.0776953860640301,1,48318_21608_1,48318_21608
354,person,0.98543775,274,87,464,355,21756,48318,0.2996704331450094,4,48318_21756_4,48318_21756
355,person,0.87327325,44,86,346,343,21756,48318,0.456767890772128,5,48318_21756_5,48318_21756
356,person,0.8554691999999999,386,66,466,143,21756,48318,0.0362523540489642,1,48318_21756_1,48318_21756
357,person,0.8531806000000001,169,31,260,180,21756,48318,0.0797963747645951,3,48318_21756_3,48318_21756
358,person,0.6713824,230,68,315,216,21756,48318,0.0740348399246704,2,48318_21756_2,48318_21756
359,person,0.57877666,216,53,274,122,21756,48318,0.0235522598870056,0,48318_21756_0,48318_21756
360,person,0.98168486,255,77,469,351,21904,48318,0.3450800376647834,3,48318_21904_3,48318_21904
361,person,0.8235366,50,85,318,353,21904,48318,0.4226930320150659,4,48318_21904_4,48318_21904
362,person,0.8009535,162,28,275,186,21904,48318,0.1050729755178907,2,48318_21904_2,48318_21904
363,person,0.79802835,392,63,466,147,21904,48318,0.0365819209039548,1,48318_21904_1,48318_21904
364,person,0.5179628,0,4,41,103,21904,48318,0.0238877118644067,0,48318_21904_0,48318_21904
365,person,0.97907674,282,77,463,353,22052,48318,0.2939971751412429,2,48318_22052_2,48318_22052
366,person,0.8965829,69,83,318,350,22052,48318,0.3912605932203389,3,48318_22052_3,48318_22052
367,person,0.7272166999999999,392,67,468,144,22052,48318,0.034439736346516,0,48318_22052_0,48318_22052
368,person,0.67254555,157,31,273,185,22052,48318,0.1051318267419962,1,48318_22052_1,48318_22052
369,person,0.9803909,281,77,469,350,22200,48318,0.30204802259887,3,48318_22200_3,48318_22200
370,person,0.9251283,51,104,387,360,22200,48318,0.5062146892655367,4,48318_22200_4,48318_22200
371,person,0.8122285,390,60,465,145,22200,48318,0.0375176553672316,0,48318_22200_0,48318_22200
372,person,0.78403467,187,47,304,196,22200,48318,0.1025953389830508,2,48318_22200_2,48318_22200
373,chair,0.6857451999999999,0,107,117,217,22200,48318,0.0757415254237288,1,48318_22200_1,48318_22200
374,person,0.97783935,295,90,465,353,22348,48318,0.2631238229755179,1,48318_22348_1,48318_22348
375,person,0.8508131999999999,62,45,287,353,22348,48318,0.4078389830508475,2,48318_22348_2,48318_22348
376,person,0.79311186,397,67,470,146,22348,48318,0.0339395009416195,0,48318_22348_0,48318_22348
377,person,0.9548539,168,98,247,258,22496,48318,0.0743879472693032,2,48318_22496_2,48318_22496
378,person,0.7091101,254,112,295,254,22496,48318,0.0342631826741996,0,48318_22496_0,48318_22496
379,person,0.7082678000000001,290,101,329,251,22496,48318,0.0344279661016949,1,48318_22496_1,48318_22496
380,person,0.9937104,7,33,203,360,22644,48318,0.3771892655367232,1,48318_22644_1,48318_22644
381,person,0.9793591,232,88,451,342,22644,48318,0.3273658192090396,0,48318_22644_0,48318_22644
382,person,0.99392796,277,91,454,360,22792,48318,0.2802083333333333,0,48318_22792_0,48318_22792
383,person,0.98567826,0,64,252,334,22792,48318,0.4004237288135593,1,48318_22792_1,48318_22792
384,person,0.9888938,0,42,226,357,22940,48318,0.4189618644067797,1,48318_22940_1,48318_22940
385,person,0.9625305,252,80,413,341,22940,48318,0.2472987288135593,0,48318_22940_0,48318_22940
386,person,0.9914317,315,91,464,360,23088,48318,0.2358815913370998,0,48318_23088_0,48318_23088
387,person,0.98431396,19,60,283,345,23088,48318,0.4427966101694915,1,48318_23088_1,48318_23088
388,person,0.97162306,12,96,221,354,23236,48318,0.3173375706214689,1,48318_23236_1,48318_23236
389,person,0.9109887,221,112,371,357,23236,48318,0.2162782485875706,0,48318_23236_0,48318_23236
390,person,0.98222554,116,45,263,356,23384,48318,0.2690501412429378,1,48318_23384_1,48318_23384
391,person,0.97703826,239,116,397,345,23384,48318,0.2129354990583804,0,48318_23384_0,48318_23384
392,person,0.98545814,184,83,321,354,23532,48318,0.2184969397363465,1,48318_23532_1,48318_23532
393,person,0.620891,321,181,390,353,23532,48318,0.0698446327683615,0,48318_23532_0,48318_23532
394,person,0.99462706,72,68,312,353,23680,48318,0.4025423728813559,1,48318_23680_1,48318_23680
395,potted plant,0.50259084,330,191,472,360,23680,48318,0.1412311676082862,0,48318_23680_0,48318_23680
396,person,0.9953803,237,63,412,360,23828,48318,0.3058792372881356,0,48318_23828_0,48318_23828
397,person,0.9927315,114,69,317,359,23976,48318,0.3464571563088512,0,48318_23976_0,48318_23976
398,person,0.99600357,250,50,395,354,24124,48318,0.2594161958568738,0,48318_24124_0,48318_24124
399,person,0.89455223,73,173,239,357,24272,48318,0.1797551789077212,0,48318_24272_0,48318_24272
400,refrigerator,0.6732256999999999,0,7,268,360,24272,48318,0.5567561205273069,1,48318_24272_1,48318_24272
401,person,0.9907137,301,22,470,352,24420,48318,0.3282132768361582,1,48318_24420_1,48318_24420
402,person,0.9883305,20,151,213,354,24420,48318,0.2305732109227872,0,48318_24420_0,48318_24420
403,person,0.9926959,84,67,313,357,24568,48318,0.3908309792843691,1,48318_24568_1,48318_24568
404,potted plant,0.64494914,340,201,467,357,24568,48318,0.1165960451977401,0,48318_24568_0,48318_24568
405,person,0.9888614,344,40,471,353,24716,48318,0.2339395009416196,2,48318_24716_2,48318_24716
406,person,0.98607117,130,138,262,356,24716,48318,0.1693502824858757,0,48318_24716_0,48318_24716
407,person,0.92103255,0,87,113,359,24716,48318,0.1808851224105461,1,48318_24716_1,48318_24716
408,person,0.9917891,310,7,470,352,24864,48318,0.3248587570621469,1,48318_24864_1,48318_24864
409,person,0.9671339,24,138,178,342,24864,48318,0.1848870056497175,0,48318_24864_0,48318_24864
410,person,0.9905199,111,63,337,349,25012,48318,0.3803907721280603,1,48318_25012_1,48318_25012
411,person,0.6377429,329,59,384,205,25012,48318,0.0472575329566855,0,48318_25012_0,48318_25012
412,person,0.9838881,75,69,330,356,25160,48318,0.4307026836158192,0,48318_25160_0,48318_25160
413,person,0.98982036,84,77,376,351,25308,48318,0.4708568738229755,0,48318_25308_0,48318_25308
414,person,0.9926958,202,116,355,354,25456,48318,0.2143008474576271,0,48318_25456_0,48318_25456
415,person,0.98286587,14,101,156,254,25604,48318,0.1278601694915254,2,48318_25604_2,48318_25604
416,person,0.8113607,273,64,364,266,25604,48318,0.1081803201506591,1,48318_25604_1,48318_25604
417,person,0.7179915,374,144,427,284,25604,48318,0.0436676082862523,0,48318_25604_0,48318_25604
418,person,0.9628747,164,90,234,263,25752,48318,0.0712688323917137,1,48318_25752_1,48318_25752
419,person,0.8641244,296,73,369,294,25752,48318,0.0949446798493408,3,48318_25752_3,48318_25752
420,chair,0.81562763,362,171,422,296,25752,48318,0.044138418079096,0,48318_25752_0,48318_25752
421,chair,0.5288019,90,120,178,259,25752,48318,0.0719868173258003,2,48318_25752_2,48318_25752
422,person,0.9874862,51,100,153,234,25900,48318,0.0804378531073446,2,48318_25900_2,48318_25900
423,person,0.96652794,173,88,243,265,25900,48318,0.0729166666666666,1,48318_25900_1,48318_25900
424,chair,0.84072554,341,172,419,302,25900,48318,0.0596751412429378,0,48318_25900_0,48318_25900
425,person,0.8031415,276,70,364,293,25900,48318,0.1154896421845574,3,48318_25900_3,48318_25900
426,person,0.89311105,170,85,313,269,26048,48318,0.15484934086629,4,48318_26048_4,48318_26048
427,chair,0.8516855999999999,345,174,421,299,26048,48318,0.0559086629001883,1,48318_26048_1,48318_26048
428,person,0.7435086999999999,286,72,358,311,26048,48318,0.1012711864406779,3,48318_26048_3,48318_26048
429,person,0.6483781,176,92,271,259,26048,48318,0.0933674670433145,2,48318_26048_2,48318_26048
430,person,0.5859023,213,63,274,182,26048,48318,0.0427201035781544,0,48318_26048_0,48318_26048
431,person,0.98601377,363,74,450,294,26196,48318,0.1126412429378531,2,48318_26196_2,48318_26196
432,person,0.96701306,143,85,220,264,26196,48318,0.0811146421845574,1,48318_26196_1,48318_26196
433,person,0.90714043,255,70,337,304,26196,48318,0.1129237288135593,3,48318_26196_3,48318_26196
434,chair,0.84134656,317,167,387,295,26196,48318,0.0527306967984934,0,48318_26196_0,48318_26196
435,person,0.996198,95,55,301,354,26344,48318,0.3624882297551789,0,48318_26344_0,48318_26344
436,person,0.9901585,194,84,432,357,26492,48318,0.3823799435028248,1,48318_26492_1,48318_26492
437,person,0.936687,20,73,222,358,26492,48318,0.3388064971751412,0,48318_26492_0,48318_26492
438,person,0.9794151,338,77,423,286,26640,48318,0.1045491996233521,0,48318_26640_0,48318_26640
439,person,0.87433094,218,74,337,324,26640,48318,0.1750823917137476,1,48318_26640_1,48318_26640
440,person,0.9685269,228,72,329,283,26788,48318,0.1254178436911487,1,48318_26788_1,48318_26788
441,person,0.9314946,314,140,440,344,26788,48318,0.1512711864406779,3,48318_26788_3,48318_26788
442,person,0.9041753,141,51,234,295,26788,48318,0.133545197740113,2,48318_26788_2,48318_26788
443,chair,0.7879565,219,178,286,280,26788,48318,0.0402189265536723,0,48318_26788_0,48318_26788
444,person,0.9509628,196,67,322,348,26936,48318,0.2083686440677966,1,48318_26936_1,48318_26936
445,person,0.7732775,109,40,309,360,26936,48318,0.3766478342749529,2,48318_26936_2,48318_26936
446,book,0.64125913,320,307,391,338,26936,48318,0.012953154425612,0,48318_26936_0,48318_26936
447,person,0.998338,134,67,374,359,27084,48318,0.4124293785310734,1,48318_27084_1,48318_27084
448,chair,0.83433884,341,273,465,356,27084,48318,0.0605696798493408,0,48318_27084_0,48318_27084
449,person,0.97068185,65,84,285,341,27232,48318,0.3327448210922787,0,48318_27232_0,48318_27232
450,person,0.9775619,93,80,301,333,27380,48318,0.30969868173258,1,48318_27380_1,48318_27380
451,book,0.50631523,339,253,413,281,27380,48318,0.0121939736346516,0,48318_27380_0,48318_27380
452,person,0.97825193,359,75,459,299,27528,48318,0.1318267419962335,5,48318_27528_5,48318_27528
453,person,0.9351249,41,131,137,265,27528,48318,0.0757062146892655,3,48318_27528_3,48318_27528
454,person,0.92843026,275,57,361,210,27528,48318,0.0774364406779661,4,48318_27528_4,48318_27528
455,chair,0.7776038000000001,357,188,413,290,27528,48318,0.0336158192090395,2,48318_27528_2,48318_27528
456,bowl,0.6553245,248,182,301,207,27528,48318,0.0077977871939736,0,48318_27528_0,48318_27528
457,chair,0.60384053,373,185,420,286,27528,48318,0.0279366760828625,1,48318_27528_1,48318_27528
458,person,0.9610179,361,76,453,285,27676,48318,0.1131591337099811,5,48318_27676_5,48318_27676
459,person,0.9556544,271,58,363,209,27676,48318,0.0817561205273069,3,48318_27676_3,48318_27676
460,person,0.920446,37,130,137,262,27676,48318,0.077683615819209,2,48318_27676_2,48318_27676
461,bowl,0.61961824,246,183,304,208,27676,48318,0.0085334274952919,0,48318_27676_0,48318_27676
462,chair,0.5765125,352,179,414,287,27676,48318,0.0394067796610169,1,48318_27676_1,48318_27676
463,person,0.5172321,351,80,427,271,27676,48318,0.0854284369114877,4,48318_27676_4,48318_27676
464,person,0.9620737,22,149,172,339,27824,48318,0.1677259887005649,2,48318_27824_2,48318_27824
465,person,0.94744307,243,54,368,267,27824,48318,0.1566913841807909,1,48318_27824_1,48318_27824
466,person,0.8618314,322,60,432,255,27824,48318,0.1262358757062147,0,48318_27824_0,48318_27824
467,person,0.9977634,175,52,314,360,27972,48318,0.2519538606403013,2,48318_27972_2,48318_27972
468,person,0.98435163,48,107,167,341,27972,48318,0.1638771186440678,1,48318_27972_1,48318_27972
469,person,0.8980851000000001,337,69,424,274,27972,48318,0.1049611581920904,0,48318_27972_0,48318_27972
470,person,0.9973688,111,47,243,353,28120,48318,0.2377118644067797,4,48318_28120_4,48318_28120
471,person,0.94081503,309,64,411,280,28120,48318,0.1296610169491525,3,48318_28120_3,48318_28120
472,chair,0.8614097,399,220,459,352,28120,48318,0.0466101694915254,1,48318_28120_1,48318_28120
473,person,0.80391514,244,116,336,316,28120,48318,0.1082862523540489,2,48318_28120_2,48318_28120
474,tie,0.52549237,175,124,189,173,28120,48318,0.0040371939736346,0,48318_28120_0,48318_28120
475,person,0.9945463,196,89,415,357,28268,48318,0.345409604519774,1,48318_28268_1,48318_28268
476,person,0.95879525,70,77,187,352,28268,48318,0.189353813559322,0,48318_28268_0,48318_28268
477,person,0.9942216,158,9,445,357,28416,48318,0.5877824858757063,1,48318_28416_1,48318_28416
478,person,0.9834396,18,109,170,358,28416,48318,0.2227401129943503,0,48318_28416_0,48318_28416
479,person,0.991122,208,103,380,360,28564,48318,0.2601459510357815,1,48318_28564_1,48318_28564
480,person,0.98458177,113,64,243,353,28564,48318,0.2211040489642184,0,48318_28564_0,48318_28564
481,person,0.99461335,74,98,265,360,28712,48318,0.2945032956685499,0,48318_28712_0,48318_28712
482,person,0.9943251,235,48,436,360,28712,48318,0.3690677966101695,1,48318_28712_1,48318_28712
483,person,0.9949654,222,43,426,360,28860,48318,0.3805790960451977,1,48318_28860_1,48318_28860
484,person,0.9867612,46,98,182,360,28860,48318,0.20969868173258,0,48318_28860_0,48318_28860
485,person,0.9963086,184,0,470,355,29008,48318,0.5975164783427496,1,48318_29008_1,48318_29008
486,person,0.9915673,5,101,199,360,29008,48318,0.2957038606403013,0,48318_29008_0,48318_29008
487,person,0.9928041,245,36,472,355,29156,48318,0.4261593691148776,2,48318_29156_2,48318_29156
488,person,0.6672610999999999,0,67,109,360,29156,48318,0.187953154425612,1,48318_29156_1,48318_29156
489,person,0.50177366,1,236,109,358,29156,48318,0.0775423728813559,0,48318_29156_0,48318_29156
490,person,0.99272114,243,59,434,353,29304,48318,0.3304731638418079,1,48318_29304_1,48318_29304
491,person,0.97962016,33,99,160,360,29304,48318,0.1950741525423728,0,48318_29304_0,48318_29304
492,person,0.9851541,56,56,278,360,29452,48318,0.3971751412429378,2,48318_29452_2,48318_29452
493,chair,0.75735104,286,175,450,349,29452,48318,0.1679378531073446,1,48318_29452_1,48318_29452
494,chair,0.60251474,289,235,427,360,29452,48318,0.1015183615819209,0,48318_29452_0,48318_29452
495,person,0.99179274,100,64,292,357,29600,48318,0.3310734463276836,1,48318_29600_1,48318_29600
496,chair,0.6756528,294,143,462,349,29600,48318,0.2036723163841808,0,48318_29600_0,48318_29600
497,person,0.9937163,95,63,229,354,29748,48318,0.2294844632768361,3,48318_29748_3,48318_29748
498,person,0.9914478,295,109,401,352,29748,48318,0.1515889830508474,2,48318_29748_2,48318_29748
499,chair,0.97051406,206,229,331,355,29748,48318,0.0926906779661017,1,48318_29748_1,48318_29748
500,chair,0.6887819000000001,13,253,117,359,29748,48318,0.0648775894538606,0,48318_29748_0,48318_29748
501,chair,0.99410194,236,238,377,360,29896,48318,0.1012358757062146,2,48318_29896_2,48318_29896
502,person,0.9831944,149,66,256,351,29896,48318,0.1794668079096045,3,48318_29896_3,48318_29896
503,chair,0.6536005,341,240,384,356,29896,48318,0.0293549905838041,0,48318_29896_0,48318_29896
504,chair,0.55706143,317,243,379,358,29896,48318,0.0419609227871939,1,48318_29896_1,48318_29896
505,person,0.9827403,220,117,264,245,30044,48318,0.0331450094161958,0,48318_30044_0,48318_30044
506,car,0.8106776,0,128,99,285,30044,48318,0.0914724576271186,1,48318_30044_1,48318_30044
507,truck,0.52451265,377,64,471,254,30044,48318,0.105108286252354,2,48318_30044_2,48318_30044
508,person,0.98817503,346,89,469,360,30192,48318,0.1961687853107344,2,48318_30192_2,48318_30192
509,person,0.9822389,4,77,124,348,30192,48318,0.1913841807909604,0,48318_30192_0,48318_30192
510,person,0.9774505,115,83,239,349,30192,48318,0.1941148775894538,1,48318_30192_1,48318_30192
511,person,0.9956487,34,59,161,346,30340,48318,0.2145068267419962,3,48318_30340_3,48318_30340
512,person,0.99080527,146,76,269,360,30340,48318,0.2055790960451976,2,48318_30340_2,48318_30340
513,person,0.9889703,338,78,459,360,30340,48318,0.2008121468926553,1,48318_30340_1,48318_30340
514,person,0.97515464,237,151,354,356,30340,48318,0.1411546610169491,0,48318_30340_0,48318_30340
515,person,0.9920853,32,53,152,358,30488,48318,0.2153954802259887,3,48318_30488_3,48318_30488
516,person,0.99010813,139,72,259,359,30488,48318,0.202683615819209,1,48318_30488_1,48318_30488
517,person,0.98998415,335,82,459,360,30488,48318,0.2028719397363465,2,48318_30488_2,48318_30488
518,person,0.98461884,235,133,351,356,30488,48318,0.1522363465160075,0,48318_30488_0,48318_30488
519,person,0.9949485999999998,110,51,398,357,30636,48318,0.5186440677966102,0,48318_30636_0,48318_30636
520,person,0.99241567,260,148,467,359,30784,48318,0.2570444915254237,0,48318_30784_0,48318_30784
521,person,0.9886664,0,46,204,354,30784,48318,0.3697740112994351,1,48318_30784_1,48318_30784
522,person,0.99052507,251,40,446,356,30932,48318,0.3626412429378531,1,48318_30932_1,48318_30932
523,person,0.9883973,52,103,246,354,30932,48318,0.2865701506591337,0,48318_30932_0,48318_30932
524,person,0.99005604,99,92,231,360,31080,48318,0.2081920903954802,2,48318_31080_2,48318_31080
525,person,0.98752475,1,64,107,354,31080,48318,0.1809086629001883,1,48318_31080_1,48318_31080
526,person,0.9700502,227,58,470,352,31080,48318,0.4204449152542373,3,48318_31080_3,48318_31080
527,person,0.8845613999999999,205,153,319,357,31080,48318,0.136864406779661,0,48318_31080_0,48318_31080
528,person,0.99165535,147,51,410,351,31228,48318,0.4643361581920904,2,48318_31228_2,48318_31228
529,cup,0.5854913,175,312,256,360,31228,48318,0.0228813559322033,1,48318_31228_1,48318_31228
530,bottle,0.50090957,307,3,339,89,31228,48318,0.0161958568738229,0,48318_31228_0,48318_31228
531,person,0.99466383,271,126,472,356,31376,48318,0.272069209039548,0,48318_31376_0,48318_31376
532,person,0.9925605,0,50,217,354,31376,48318,0.3882297551789077,1,48318_31376_1,48318_31376
533,person,0.99373287,31,120,233,354,31524,48318,0.2781779661016949,1,48318_31524_1,48318_31524
534,person,0.9846059,264,51,472,349,31524,48318,0.3647834274952919,2,48318_31524_2,48318_31524
535,handbag,0.5191635,275,150,449,360,31524,48318,0.2150423728813559,0,48318_31524_0,48318_31524
536,person,0.99439657,59,118,260,357,31672,48318,0.282715395480226,1,48318_31672_1,48318_31672
537,person,0.99130285,257,55,466,358,31672,48318,0.3726871468926553,2,48318_31672_2,48318_31672
538,backpack,0.73590547,273,187,432,353,31672,48318,0.1553319209039548,0,48318_31672_0,48318_31672
539,person,0.9958733,255,127,472,356,31820,48318,0.2924493879472693,1,48318_31820_1,48318_31820
540,person,0.9907382,2,59,213,355,31820,48318,0.3675612052730697,2,48318_31820_2,48318_31820
541,car,0.7491081999999999,0,117,76,231,31820,48318,0.0509887005649717,0,48318_31820_0,48318_31820
542,person,0.99408746,268,126,472,354,31968,48318,0.273728813559322,0,48318_31968_0,48318_31968
543,person,0.98624796,29,62,290,354,31968,48318,0.4485169491525424,1,48318_31968_1,48318_31968
544,person,0.9929236,266,118,472,355,32116,48318,0.2873234463276836,1,48318_32116_1,48318_32116
545,person,0.9720457,14,63,221,359,32116,48318,0.3605932203389831,2,48318_32116_2,48318_32116
546,potted plant,0.60059184,198,20,312,226,32116,48318,0.1382062146892655,0,48318_32116_0,48318_32116
547,person,0.9949975,250,57,468,356,32264,48318,0.3836040489642185,1,48318_32264_1,48318_32264
548,person,0.99136984,7,110,272,353,32264,48318,0.3789724576271186,0,48318_32264_0,48318_32264
549,person,0.99266607,251,60,461,360,32412,48318,0.3707627118644068,2,48318_32412_2,48318_32412
550,person,0.99133,30,101,206,355,32412,48318,0.2630885122410546,1,48318_32412_1,48318_32412
551,person,0.9156046,173,124,271,345,32412,48318,0.1274599811676083,0,48318_32412_0,48318_32412
552,person,0.9928878,302,87,392,335,32560,48318,0.1313559322033898,3,48318_32560_3,48318_32560
553,person,0.98963064,372,86,444,333,32560,48318,0.1046610169491525,1,48318_32560_1,48318_32560
554,person,0.89105755,163,138,198,258,32560,48318,0.0247175141242937,0,48318_32560_0,48318_32560
555,person,0.6646199,337,78,413,340,32560,48318,0.1171845574387947,2,48318_32560_2,48318_32560
556,person,0.99362826,180,91,268,295,32708,48318,0.1056497175141242,1,48318_32708_1,48318_32708
557,person,0.9015923,251,104,281,277,32708,48318,0.0305437853107344,0,48318_32708_0,48318_32708
558,person,0.991342,84,73,201,351,32856,48318,0.1914194915254237,1,48318_32856_1,48318_32856
559,person,0.68634325,0,103,68,261,32856,48318,0.0632297551789077,0,48318_32856_0,48318_32856
560,person,0.99165756,307,59,461,360,33004,48318,0.2727989642184557,0,48318_33004_0,48318_33004
561,person,0.9903064,33,162,156,355,33152,48318,0.1397069209039548,1,48318_33152_1,48318_33152
562,car,0.7655985,118,206,208,269,33152,48318,0.0333686440677966,0,48318_33152_0,48318_33152
563,person,0.9727826,135,89,347,351,33300,48318,0.3268832391713747,0,48318_33300_0,48318_33300
564,person,0.96717715,89,58,472,353,33448,48318,0.6649305555555556,1,48318_33448_1,48318_33448
565,remote,0.80288833,109,129,164,212,33448,48318,0.0268655838041431,0,48318_33448_0,48318_33448
566,person,0.68937355,415,197,445,245,33596,48318,0.0084745762711864,0,48318_33596_0,48318_33596
567,train,0.61839503,1,5,255,182,33596,48318,0.2645833333333333,2,48318_33596_2,48318_33596
568,person,0.5319274,207,143,249,196,33596,48318,0.0131002824858757,1,48318_33596_1,48318_33596
569,person,0.99130464,5,52,167,351,33744,48318,0.2850635593220339,2,48318_33744_2,48318_33744
570,person,0.99046916,358,65,472,354,33744,48318,0.1938912429378531,1,48318_33744_1,48318_33744
571,person,0.94718593,167,104,326,288,33744,48318,0.1721751412429378,0,48318_33744_0,48318_33744
572,person,0.9914682,351,63,469,356,33892,48318,0.2034722222222222,1,48318_33892_1,48318_33892
573,person,0.9663981,165,107,290,352,33892,48318,0.1802318738229755,0,48318_33892_0,48318_33892
574,person,0.9557086,11,53,176,348,33892,48318,0.2864583333333333,2,48318_33892_2,48318_33892
575,person,0.99220955,146,81,427,356,34040,48318,0.4547728342749529,0,48318_34040_0,48318_34040
576,chair,0.9547515,79,161,192,316,34188,48318,0.1030779190207156,0,48318_34188_0,48318_34188
577,person,0.936631,267,47,360,312,34188,48318,0.1450388418079096,1,48318_34188_1,48318_34188
578,chair,0.9245864,262,150,389,324,34336,48318,0.1300494350282486,5,48318_34336_5,48318_34336
579,person,0.862181,216,60,311,188,34336,48318,0.071563088512241,0,48318_34336_0,48318_34336
580,person,0.839569,212,65,311,262,34336,48318,0.1147775423728813,4,48318_34336_4,48318_34336
581,chair,0.5487158000000001,7,204,110,354,34336,48318,0.0909251412429378,1,48318_34336_1,48318_34336
582,chair,0.5227188,103,161,194,360,34336,48318,0.10657368173258,3,48318_34336_3,48318_34336
583,cow,0.5110291,104,151,195,349,34336,48318,0.1060381355932203,2,48318_34336_2,48318_34336
584,person,0.9964528,161,55,288,357,34484,48318,0.2257179849340866,1,48318_34484_1,48318_34484
585,chair,0.9173271,274,204,363,357,34484,48318,0.0801377118644067,0,48318_34484_0,48318_34484
586,person,0.9932325,148,59,299,352,34632,48318,0.2603754708097928,0,48318_34632_0,48318_34632
587,person,0.9952657,312,71,472,356,34780,48318,0.268361581920904,0,48318_34780_0,48318_34780
588,person,0.9929806,154,56,325,353,34780,48318,0.2988877118644068,1,48318_34780_1,48318_34780
589,person,0.99051416,52,86,222,358,34928,48318,0.2721280602636535,1,48318_34928_1,48318_34928
590,person,0.97873735,167,58,349,353,34928,48318,0.3159722222222222,2,48318_34928_2,48318_34928
591,truck,0.8030276,390,264,472,350,34928,48318,0.0415018832391713,0,48318_34928_0,48318_34928
592,person,0.9964096,51,78,234,356,35076,48318,0.2993997175141243,2,48318_35076_2,48318_35076
593,person,0.99542373,215,45,370,360,35076,48318,0.2873411016949153,1,48318_35076_1,48318_35076
594,car,0.79304135,0,238,47,291,35076,48318,0.0146598399246704,0,48318_35076_0,48318_35076
595,person,0.99049145,221,24,471,353,35224,48318,0.48405131826742,1,48318_35224_1,48318_35224
596,person,0.98699796,24,115,231,351,35224,48318,0.2875,0,48318_35224_0,48318_35224
597,person,0.989804,101,65,276,356,35372,48318,0.2996998587570621,3,48318_35372_3,48318_35372
598,person,0.9692621,205,62,356,356,35372,48318,0.2612641242937853,2,48318_35372_2,48318_35372
599,car,0.8199493,0,250,48,296,35372,48318,0.0129943502824858,0,48318_35372_0,48318_35372
600,truck,0.51945376,408,270,472,352,35372,48318,0.0308851224105461,1,48318_35372_1,48318_35372
601,person,0.99416745,86,73,257,356,35520,48318,0.2847987288135593,3,48318_35520_3,48318_35520
602,person,0.9717568,192,69,352,350,35520,48318,0.2645951035781544,2,48318_35520_2,48318_35520
603,car,0.8641511000000001,0,247,46,302,35520,48318,0.0148893596986817,0,48318_35520_0,48318_35520
604,truck,0.5223285,410,270,472,354,35520,48318,0.0306497175141242,1,48318_35520_1,48318_35520
605,person,0.9919258,100,80,230,351,35668,48318,0.2073328625235405,2,48318_35668_2,48318_35668
606,person,0.9810915,200,64,335,352,35668,48318,0.2288135593220339,3,48318_35668_3,48318_35668
607,car,0.72825176,0,250,48,289,35668,48318,0.0110169491525423,0,48318_35668_0,48318_35668
608,truck,0.66514957,405,269,472,357,35668,48318,0.03469868173258,1,48318_35668_1,48318_35668
609,person,0.9907424,86,85,262,351,35816,48318,0.2755178907721281,1,48318_35816_1,48318_35816
610,person,0.96559215,203,60,375,337,35816,48318,0.2803907721280602,2,48318_35816_2,48318_35816
611,car,0.8553929,1,250,41,288,35816,48318,0.0089453860640301,0,48318_35816_0,48318_35816
612,person,0.9576103,280,134,344,313,35964,48318,0.0674199623352165,0,48318_35964_0,48318_35964
613,person,0.9852012,153,161,204,275,36112,48318,0.0342161016949152,1,48318_36112_1,48318_36112
614,person,0.95286393,65,159,104,275,36112,48318,0.0266242937853107,0,48318_36112_0,48318_36112
615,chair,0.76502156,328,204,417,316,36112,48318,0.0586629001883239,2,48318_36112_2,48318_36112
616,person,0.9801823,182,140,234,293,36260,48318,0.046822033898305,1,48318_36260_1,48318_36260
617,chair,0.8061941,271,208,362,316,36260,48318,0.0578389830508474,2,48318_36260_2,48318_36260
618,person,0.68952817,266,143,318,207,36260,48318,0.0195856873822975,0,48318_36260_0,48318_36260
619,person,0.99100554,110,102,305,355,36408,48318,0.2903425141242938,1,48318_36408_1,48318_36408
620,person,0.9647422,251,99,346,275,36408,48318,0.0983992467043314,0,48318_36408_0,48318_36408
621,person,0.9941836,260,59,428,357,36556,48318,0.2946327683615819,0,48318_36556_0,48318_36556
622,person,0.9710698,18,37,261,342,36556,48318,0.4361758474576271,1,48318_36556_1,48318_36556
623,person,0.9847513,213,72,443,352,36704,48318,0.3790018832391714,2,48318_36704_2,48318_36704
624,person,0.97494125,65,56,204,357,36704,48318,0.2462276365348399,1,48318_36704_1,48318_36704
625,person,0.7876645,428,125,472,267,36704,48318,0.0367702448210922,0,48318_36704_0,48318_36704
626,person,0.99375856,64,49,290,359,36852,48318,0.4123116760828625,2,48318_36852_2,48318_36852
627,person,0.9749399,260,81,423,358,36852,48318,0.2657191619585688,1,48318_36852_1,48318_36852
628,person,0.62052333,400,245,472,346,36852,48318,0.0427966101694915,0,48318_36852_0,48318_36852
629,person,0.9922776,192,65,309,357,37000,48318,0.2010593220338983,2,48318_37000_2,48318_37000
630,person,0.96973914,355,123,433,355,37000,48318,0.1064971751412429,0,48318_37000_0,48318_37000
631,person,0.9141114,285,100,363,352,37000,48318,0.1156779661016949,1,48318_37000_1,48318_37000
632,person,0.9904649,26,121,241,352,37148,48318,0.292284604519774,0,48318_37148_0,48318_37148
633,person,0.9891145,197,44,417,358,37148,48318,0.4065442561205273,1,48318_37148_1,48318_37148
634,person,0.9773178,133,47,381,354,37296,48318,0.4480696798493409,0,48318_37296_0,48318_37296
635,person,0.9857927,296,87,435,273,37444,48318,0.1521539548022598,1,48318_37444_1,48318_37444
636,person,0.96976376,57,40,266,360,37444,48318,0.3935969868173258,2,48318_37444_2,48318_37444
637,vase,0.6010089,233,149,264,217,37444,48318,0.0124058380414312,0,48318_37444_0,48318_37444
638,person,0.923127,383,142,433,262,37592,48318,0.0353107344632768,1,48318_37592_1,48318_37592
639,person,0.5848996,417,81,467,179,37592,48318,0.028837099811676,0,48318_37592_0,48318_37592
640,chair,0.5848246,183,245,293,355,37592,48318,0.0712099811676082,2,48318_37592_2,48318_37592
641,person,0.9818777,196,175,284,354,37888,48318,0.0927024482109228,3,48318_37888_3,48318_37888
642,person,0.9381632,20,182,103,355,37888,48318,0.084504472693032,1,48318_37888_1,48318_37888
643,person,0.9027051,274,197,386,353,37888,48318,0.1028248587570621,4,48318_37888_4,48318_37888
644,person,0.89701194,115,191,207,357,37888,48318,0.0898775894538606,2,48318_37888_2,48318_37888
645,person,0.60531783,0,196,35,340,37888,48318,0.0296610169491525,0,48318_37888_0,48318_37888
646,person,0.9191296,1,127,70,351,38036,48318,0.0909604519774011,0,48318_38036_0,48318_38036
647,person,0.76006866,305,180,420,358,38036,48318,0.1204684557438794,2,48318_38036_2,48318_38036
648,person,0.72051376,48,123,114,358,38036,48318,0.0912782485875706,1,48318_38036_1,48318_38036
649,car,0.7111776,187,83,471,350,38036,48318,0.4462570621468927,3,48318_38036_3,48318_38036
650,person,0.85747635,15,10,199,341,38184,48318,0.3584274952919021,1,48318_38184_1,48318_38184
651,person,0.69994944,345,38,469,355,38184,48318,0.2313323917137476,0,48318_38184_0,48318_38184
652,person,0.96955776,0,76,158,351,38332,48318,0.2557085687382298,1,48318_38332_1,48318_38332
653,person,0.7952818,359,81,470,353,38332,48318,0.177683615819209,0,48318_38332_0,48318_38332
654,person,0.56152326,241,71,457,348,38332,48318,0.3521186440677966,2,48318_38332_2,48318_38332
655,person,0.8859484000000001,300,96,410,274,38480,48318,0.1152306967984934,1,48318_38480_1,48318_38480
656,person,0.83521736,9,58,120,343,38480,48318,0.1861758474576271,2,48318_38480_2,48318_38480
657,person,0.82767284,393,79,469,332,38480,48318,0.1131591337099811,0,48318_38480_0,48318_38480
658,person,0.9273814,238,120,406,357,38628,48318,0.2343220338983051,3,48318_38628_3,48318_38628
659,person,0.9133607,22,145,204,359,38628,48318,0.229213747645951,2,48318_38628_2,48318_38628
660,person,0.64173436,218,86,281,272,38628,48318,0.0689618644067796,1,48318_38628_1,48318_38628
661,person,0.58787966,150,195,218,343,38628,48318,0.0592278719397363,0,48318_38628_0,48318_38628
662,person,0.9853124,0,56,129,350,38776,48318,0.2231991525423728,4,48318_38776_4,48318_38776
663,person,0.95394015,140,65,225,333,38776,48318,0.134063088512241,0,48318_38776_0,48318_38776
664,person,0.947277,293,59,405,351,38776,48318,0.1924670433145009,2,48318_38776_2,48318_38776
665,person,0.90519816,366,75,471,336,38776,48318,0.1612817796610169,1,48318_38776_1,48318_38776
666,person,0.58511084,216,65,342,346,38776,48318,0.2083686440677966,3,48318_38776_3,48318_38776
667,person,0.9676905,7,69,154,347,38924,48318,0.2405014124293785,2,48318_38924_2,48318_38924
668,person,0.93022114,129,67,331,335,38924,48318,0.3185969868173258,3,48318_38924_3,48318_38924
669,person,0.89367175,158,78,402,345,38924,48318,0.3834039548022599,4,48318_38924_4,48318_38924
670,person,0.7087753999999999,407,77,472,344,38924,48318,0.1021362994350282,0,48318_38924_0,48318_38924
671,person,0.58166707,346,86,434,351,38924,48318,0.1372410546139359,1,48318_38924_1,48318_38924
672,person,0.98289436,95,63,232,352,39072,48318,0.2330096516007533,4,48318_39072_4,48318_39072
673,person,0.90723014,0,45,82,339,39072,48318,0.1418785310734463,3,48318_39072_3,48318_39072
674,person,0.90338403,403,73,469,337,39072,48318,0.1025423728813559,2,48318_39072_2,48318_39072
675,person,0.86897224,222,113,402,349,39072,48318,0.25,5,48318_39072_5,48318_39072
676,person,0.78058046,356,103,424,285,39072,48318,0.072834274952919,0,48318_39072_0,48318_39072
677,person,0.75857496,221,54,305,261,39072,48318,0.1023305084745762,1,48318_39072_1,48318_39072
678,person,0.9812794,96,64,235,354,39220,48318,0.2372292843691149,4,48318_39220_4,48318_39220
679,person,0.9321695,0,53,115,349,39220,48318,0.2003295668549906,2,48318_39220_2,48318_39220
680,person,0.9291059000000002,254,72,392,358,39220,48318,0.232274011299435,3,48318_39220_3,48318_39220
681,person,0.84064656,372,94,468,276,39220,48318,0.1028248587570621,0,48318_39220_0,48318_39220
682,person,0.83468306,233,52,307,310,39220,48318,0.1123587570621468,1,48318_39220_1,48318_39220
683,person,0.9446984,161,59,296,351,39368,48318,0.2319915254237288,3,48318_39368_3,48318_39368
684,person,0.88010895,85,64,200,357,39368,48318,0.1982991996233521,2,48318_39368_2,48318_39368
685,person,0.6643025,265,71,320,170,39368,48318,0.0320444915254237,0,48318_39368_0,48318_39368
686,person,0.55985814,82,77,190,233,39368,48318,0.0991525423728813,1,48318_39368_1,48318_39368
687,person,0.9298489,164,51,293,359,39516,48318,0.2338276836158192,2,48318_39516_2,48318_39516
688,person,0.8896023000000001,277,90,472,357,39516,48318,0.3064088983050847,3,48318_39516_3,48318_39516
689,person,0.8449730999999999,79,55,196,334,39516,48318,0.1921080508474576,1,48318_39516_1,48318_39516
690,person,0.58982766,261,73,328,174,39516,48318,0.0398246233521657,0,48318_39516_0,48318_39516
691,person,0.9334125,292,98,465,356,39664,48318,0.2626765536723164,3,48318_39664_3,48318_39664
692,person,0.8335882,156,72,268,346,39664,48318,0.18060263653484,2,48318_39664_2,48318_39664
693,person,0.80238825,47,54,197,354,39664,48318,0.2648305084745763,4,48318_39664_4,48318_39664
694,person,0.62948537,258,70,328,182,39664,48318,0.0461393596986817,1,48318_39664_1,48318_39664
695,person,0.5630376,424,74,470,107,39664,48318,0.008933615819209,0,48318_39664_0,48318_39664
696,person,0.98590535,318,57,467,356,39812,48318,0.2621880885122411,1,48318_39812_1,48318_39812
697,person,0.9795854,70,35,295,353,39812,48318,0.4210805084745763,2,48318_39812_2,48318_39812
698,chair,0.68248445,6,190,51,360,39812,48318,0.0450211864406779,0,48318_39812_0,48318_39812
699,person,0.71417964,63,0,368,271,39960,48318,0.4864347928436911,0,48318_39960_0,48318_39960
700,person,0.9939985,26,80,280,360,40108,48318,0.4185499058380414,1,48318_40108_1,48318_40108
701,person,0.9785075,340,159,467,350,40108,48318,0.1427554143126177,0,48318_40108_0,48318_40108
702,person,0.94057727,260,50,386,330,40256,48318,0.2076271186440678,1,48318_40256_1,48318_40256
703,person,0.7847343000000001,52,29,144,282,40256,48318,0.1369821092278719,0,48318_40256_0,48318_40256
704,person,0.76570076,118,52,283,281,40256,48318,0.2223693502824859,2,48318_40256_2,48318_40256
705,person,0.95788246,12,117,131,349,40404,48318,0.1624764595103578,2,48318_40404_2,48318_40404
706,person,0.90246433,353,107,457,353,40404,48318,0.1505649717514124,1,48318_40404_1,48318_40404
707,person,0.84592485,210,98,456,359,40404,48318,0.3778601694915254,3,48318_40404_3,48318_40404
708,person,0.5275612,168,109,329,246,40404,48318,0.1298081450094162,0,48318_40404_0,48318_40404
709,person,0.9433965,194,0,460,197,40552,48318,0.3083921845574388,0,48318_40552_0,48318_40552
710,person,0.7797638000000001,190,0,464,327,40552,48318,0.527295197740113,1,48318_40552_1,48318_40552
711,person,0.9929594,21,28,189,285,40700,48318,0.2540960451977401,4,48318_40700_4,48318_40700
712,person,0.9307077,282,129,427,286,40700,48318,0.1339748116760828,3,48318_40700_3,48318_40700
713,car,0.68948615,212,105,346,177,40700,48318,0.0567796610169491,2,48318_40700_2,48318_40700
714,cup,0.6024341,205,228,237,289,40700,48318,0.011487758945386,1,48318_40700_1,48318_40700
715,dining table,0.55734867,0,250,454,357,40700,48318,0.2858874764595103,5,48318_40700_5,48318_40700
716,cup,0.5302438,167,222,204,260,40700,48318,0.0082744821092278,0,48318_40700_0,48318_40700
717,person,0.97016114,246,137,411,292,40848,48318,0.1505120056497175,0,48318_40848_0,48318_40848
718,person,0.95247453,46,45,185,274,40848,48318,0.1873293314500941,1,48318_40848_1,48318_40848
719,person,0.9856645,1,63,84,317,40996,48318,0.1240701506591337,2,48318_40996_2,48318_40996
720,person,0.96655524,128,70,283,278,40996,48318,0.1897363465160075,3,48318_40996_3,48318_40996
721,person,0.6343976,378,135,467,292,40996,48318,0.0822328154425612,1,48318_40996_1,48318_40996
722,cup,0.61793727,290,239,315,282,40996,48318,0.0063265065913371,0,48318_40996_0,48318_40996
723,dining table,0.59760755,129,258,463,358,40996,48318,0.196563088512241,4,48318_40996_4,48318_40996
724,person,0.96300703,164,46,349,291,41144,48318,0.2667431732580038,1,48318_41144_1,48318_41144
725,dining table,0.78663373,0,228,472,358,41144,48318,0.3611111111111111,2,48318_41144_2,48318_41144
726,chair,0.5041174,0,200,163,324,41144,48318,0.1189500941619585,0,48318_41144_0,48318_41144
727,person,0.99664944,33,75,255,354,41292,48318,0.3645127118644068,3,48318_41292_3,48318_41292
728,person,0.9232415,347,205,465,355,41292,48318,0.1041666666666666,2,48318_41292_2,48318_41292
729,person,0.77029514,387,156,445,245,41292,48318,0.0303790018832391,1,48318_41292_1,48318_41292
730,person,0.51345897,427,136,454,197,41292,48318,0.0096927966101694,0,48318_41292_0,48318_41292
731,person,0.989156,0,0,185,352,41440,48318,0.3832391713747646,1,48318_41440_1,48318_41440
732,person,0.9735405,225,113,382,348,41440,48318,0.2171315913370998,0,48318_41440_0,48318_41440
733,person,0.98815364,191,54,395,349,41588,48318,0.3541666666666667,1,48318_41588_1,48318_41588
734,person,0.97284317,0,36,186,354,41588,48318,0.348093220338983,0,48318_41588_0,48318_41588
735,person,0.9860847,190,49,423,360,41736,48318,0.4264536252354049,1,48318_41736_1,48318_41736
736,person,0.97475535,0,45,200,353,41736,48318,0.3625235404896422,0,48318_41736_0,48318_41736
737,person,0.990361,184,33,448,358,41884,48318,0.5049435028248588,2,48318_41884_2,48318_41884
738,person,0.9818864,4,59,234,356,41884,48318,0.4020127118644068,1,48318_41884_1,48318_41884
739,microwave,0.85212266,7,94,70,176,41884,48318,0.0304025423728813,0,48318_41884_0,48318_41884
740,person,0.8002491,111,43,364,360,42032,48318,0.4719927024482109,4,48318_42032_4,48318_42032
741,toilet,0.6805614999999999,330,284,430,348,42032,48318,0.0376647834274952,1,48318_42032_1,48318_42032
742,microwave,0.6051333000000001,116,103,190,174,42032,48318,0.0309204331450094,0,48318_42032_0,48318_42032
743,car,0.6031696,27,171,165,252,42032,48318,0.0657838983050847,2,48318_42032_2,48318_42032
744,teddy bear,0.57475823,116,58,377,342,42032,48318,0.4362288135593219,3,48318_42032_3,48318_42032
745,person,0.9923914,142,32,323,360,42180,48318,0.3493879472693032,0,48318_42180_0,48318_42180
746,person,0.98904675,73,80,194,360,42328,48318,0.1993879472693032,1,48318_42328_1,48318_42328
747,person,0.98642945,181,65,324,358,42328,48318,0.2465807438794727,2,48318_42328_2,48318_42328
748,oven,0.65897983,338,79,456,201,42328,48318,0.0847222222222222,0,48318_42328_0,48318_42328
749,person,0.99420506,255,24,429,354,42476,48318,0.3379237288135593,1,48318_42476_1,48318_42476
750,person,0.98502654,87,74,222,357,42476,48318,0.2248411016949152,0,48318_42476_0,48318_42476
751,person,0.9955472,270,50,449,360,42624,48318,0.3265654425612053,1,48318_42624_1,48318_42624
752,person,0.9878412,76,86,208,358,42624,48318,0.2112994350282484,0,48318_42624_0,48318_42624
753,person,0.992097,81,0,199,196,42772,48318,0.1361111111111111,0,48318_42772_0,48318_42772
754,person,0.8385195,221,1,434,200,42772,48318,0.2494526836158192,2,48318_42772_2,48318_42772
755,person,0.6343768,280,0,411,195,42772,48318,0.1503354519774011,1,48318_42772_1,48318_42772
756,person,0.9987134,268,62,462,360,42920,48318,0.3402306967984934,1,48318_42920_1,48318_42920
757,person,0.9863397,97,105,249,360,42920,48318,0.2281073446327684,0,48318_42920_0,48318_42920
758,person,0.9641185,262,128,466,353,43068,48318,0.2701271186440678,1,48318_43068_1,48318_43068
759,person,0.85327256,2,138,70,360,43068,48318,0.0888418079096045,0,48318_43068_0,48318_43068
760,person,0.99136084,44,116,238,359,43216,48318,0.2774364406779661,0,48318_43216_0,48318_43216
761,person,0.9912142,233,24,419,348,43216,48318,0.3546610169491525,1,48318_43216_1,48318_43216
762,person,0.99342793,265,75,465,357,43364,48318,0.3319209039548023,1,48318_43364_1,48318_43364
763,person,0.97751313,85,171,238,357,43364,48318,0.167478813559322,0,48318_43364_0,48318_43364
764,person,0.9874241,217,7,442,353,43512,48318,0.4581567796610169,1,48318_43512_1,48318_43512
765,person,0.9861654,25,91,250,357,43512,48318,0.3522245762711864,0,48318_43512_0,48318_43512
766,person,0.7513930999999999,58,142,122,288,43660,48318,0.0549905838041431,4,48318_43660_4,48318_43660
767,person,0.66967154,108,179,153,296,43660,48318,0.0309851694915254,2,48318_43660_2,48318_43660
768,person,0.6570753,416,166,465,338,43660,48318,0.0495998116760828,3,48318_43660_3,48318_43660
769,person,0.6352393,21,170,63,283,43660,48318,0.0279307909604519,0,48318_43660_0,48318_43660
770,bottle,0.5480196999999999,166,125,200,274,43660,48318,0.0298140301318267,1,48318_43660_1,48318_43660
771,person,0.53959113,68,146,152,297,43660,48318,0.0746468926553672,5,48318_43660_5,48318_43660
772,person,0.9809106,31,133,228,354,43808,48318,0.2562205743879473,0,48318_43808_0,48318_43808
773,person,0.9780025,217,38,458,359,43808,48318,0.4552789548022599,1,48318_43808_1,48318_43808
774,person,0.9828704,116,82,330,356,43956,48318,0.3450800376647834,2,48318_43956_2,48318_43956
775,person,0.9166937,318,135,458,351,43956,48318,0.1779661016949152,1,48318_43956_1,48318_43956
776,person,0.60066813,321,139,416,283,43956,48318,0.0805084745762711,0,48318_43956_0,48318_43956
777,person,0.99289376,60,41,232,352,44104,48318,0.3148069679849341,3,48318_44104_3,48318_44104
778,person,0.9673524,294,122,460,359,44104,48318,0.2315324858757062,2,48318_44104_2,48318_44104
779,person,0.9599013,219,27,329,290,44104,48318,0.1702565913370998,1,48318_44104_1,48318_44104
780,person,0.9302771,0,118,77,357,44104,48318,0.1083039077212806,0,48318_44104_0,48318_44104
781,person,0.9960316,29,33,227,353,44252,48318,0.3728813559322034,2,48318_44252_2,48318_44252
782,person,0.9291576,216,131,407,350,44252,48318,0.2461687853107345,1,48318_44252_1,48318_44252
783,person,0.5001365,274,192,411,360,44252,48318,0.1354519774011299,0,48318_44252_0,48318_44252
784,person,0.98828775,5,45,214,355,44400,48318,0.3812970809792844,2,48318_44400_2,48318_44400
785,person,0.9806639,208,100,402,355,44400,48318,0.2911370056497175,1,48318_44400_1,48318_44400
786,person,0.7204943,306,19,385,204,44400,48318,0.0860110640301318,0,48318_44400_0,48318_44400
787,person,0.9857669,78,75,215,360,44548,48318,0.2297846045197739,2,48318_44548_2,48318_44548
788,person,0.92892045,16,33,111,317,44548,48318,0.1587806026365348,1,48318_44548_1,48318_44548
789,clock,0.72478473,349,7,437,90,44548,48318,0.042984934086629,0,48318_44548_0,48318_44548
790,person,0.9949043,247,51,469,357,44696,48318,0.3997881355932204,3,48318_44696_3,48318_44696
791,person,0.9847943,67,81,220,359,44696,48318,0.2503177966101695,2,48318_44696_2,48318_44696
792,person,0.9393683,211,83,279,268,44696,48318,0.0740348399246704,1,48318_44696_1,48318_44696
793,tie,0.58881146,138,168,158,238,44696,48318,0.0082391713747645,0,48318_44696_0,48318_44696
794,person,0.9926139,64,82,216,353,44844,48318,0.2424199623352165,0,48318_44844_0,48318_44844
795,person,0.9912476999999998,249,43,467,354,44844,48318,0.3989995291902072,1,48318_44844_1,48318_44844
796,person,0.98613226,246,59,468,357,44992,48318,0.3893361581920904,3,48318_44992_3,48318_44992
797,person,0.9796205,63,95,211,360,44992,48318,0.2308145009416196,2,48318_44992_2,48318_44992
798,person,0.86461306,145,59,213,269,44992,48318,0.0840395480225988,0,48318_44992_0,48318_44992
799,person,0.8412189,227,57,331,311,44992,48318,0.1554613935969868,1,48318_44992_1,48318_44992
800,person,0.9945709,186,52,426,359,45140,48318,0.4336158192090395,2,48318_45140_2,48318_45140
801,person,0.9725045,60,81,166,359,45140,48318,0.1734227871939736,1,48318_45140_1,48318_45140
802,person,0.65864027,6,95,76,353,45140,48318,0.1062853107344632,0,48318_45140_0,48318_45140
803,person,0.7661252,68,0,192,228,45288,48318,0.1663841807909604,1,48318_45288_1,48318_45288
804,person,0.750899,98,0,386,274,45288,48318,0.464406779661017,4,48318_45288_4,48318_45288
805,person,0.7328975000000001,397,24,471,331,45288,48318,0.1336982109227872,0,48318_45288_0,48318_45288
806,person,0.7134305999999999,234,0,410,286,45288,48318,0.2962335216572505,3,48318_45288_3,48318_45288
807,person,0.6651851,283,10,448,301,45288,48318,0.2825741525423729,2,48318_45288_2,48318_45288
808,snowboard,0.5863965,0,150,453,343,45288,48318,0.5145303672316384,5,48318_45288_5,48318_45288
809,person,0.9980045,189,73,442,355,45436,48318,0.4198799435028249,2,48318_45436_2,48318_45436
810,person,0.9704304,71,85,149,356,45436,48318,0.1243997175141242,1,48318_45436_1,48318_45436
811,person,0.7978281999999999,156,137,219,347,45436,48318,0.0778601694915254,0,48318_45436_0,48318_45436
812,person,0.99112344,31,85,461,360,45584,48318,0.6959157250470811,0,48318_45584_0,48318_45584
813,person,0.9717229,27,132,229,329,45732,48318,0.2341925612052731,2,48318_45732_2,48318_45732
814,person,0.9433681,228,74,316,232,45732,48318,0.0818267419962335,0,48318_45732_0,48318_45732
815,person,0.82847506,240,145,453,299,45732,48318,0.1930437853107344,1,48318_45732_1,48318_45732
816,person,0.9561441,33,133,215,318,45880,48318,0.1981520715630885,4,48318_45880_4,48318_45880
817,person,0.94267094,216,65,297,235,45880,48318,0.0810381355932203,2,48318_45880_2,48318_45880
818,person,0.8218081,260,138,453,290,45880,48318,0.1726459510357815,3,48318_45880_3,48318_45880
819,book,0.7686165,46,288,233,337,45880,48318,0.0539253766478342,0,48318_45880_0,48318_45880
820,chair,0.607675,284,104,366,239,45880,48318,0.0651483050847457,1,48318_45880_1,48318_45880
821,person,0.9810292,28,131,231,322,46028,48318,0.2281838512241054,4,48318_46028_4,48318_46028
822,person,0.8486596,298,146,418,296,46028,48318,0.1059322033898305,3,48318_46028_3,48318_46028
823,person,0.7061484,219,94,286,235,46028,48318,0.0555967514124293,2,48318_46028_2,48318_46028
824,book,0.6023173,45,292,227,338,46028,48318,0.0492702448210922,0,48318_46028_0,48318_46028
825,person,0.51125807,232,73,294,221,46028,48318,0.0540018832391713,1,48318_46028_1,48318_46028
826,person,0.95308274,177,65,276,227,46176,48318,0.094385593220339,3,48318_46176_3,48318_46176
827,person,0.95161206,32,125,190,315,46176,48318,0.1766713747645951,5,48318_46176_5,48318_46176
828,person,0.9352202,324,148,463,292,46176,48318,0.1177966101694915,4,48318_46176_4,48318_46176
829,chair,0.67141646,278,107,366,240,46176,48318,0.068879472693032,2,48318_46176_2,48318_46176
830,person,0.53309786,373,56,411,169,46176,48318,0.0252707156308851,0,48318_46176_0,48318_46176
831,book,0.51753956,42,290,236,338,46176,48318,0.0548022598870056,1,48318_46176_1,48318_46176
832,person,0.9528041,27,130,204,318,46324,48318,0.1958333333333333,2,48318_46324_2,48318_46324
833,person,0.9469649,322,148,454,302,46324,48318,0.1196327683615819,1,48318_46324_1,48318_46324
834,person,0.9358112,219,75,285,232,46324,48318,0.0609816384180791,0,48318_46324_0,48318_46324
835,person,0.9803827,181,65,276,237,46472,48318,0.0961629001883239,0,48318_46472_0,48318_46472
836,person,0.9676693,22,119,204,315,46472,48318,0.2099340866290018,2,48318_46472_2,48318_46472
837,person,0.85299885,266,146,439,291,46472,48318,0.1476282956685499,1,48318_46472_1,48318_46472
838,person,0.9913837,168,93,457,353,46620,48318,0.4422080979284369,3,48318_46620_3,48318_46620
839,person,0.96196723,4,65,141,354,46620,48318,0.2330096516007533,2,48318_46620_2,48318_46620
840,person,0.87563145,257,0,364,193,46620,48318,0.1215336629001883,0,48318_46620_0,48318_46620
841,person,0.8441498,120,0,260,203,46620,48318,0.1672551789077213,1,48318_46620_1,48318_46620
842,person,0.98649174,187,77,472,357,46768,48318,0.4696327683615819,5,48318_46768_5,48318_46768
843,person,0.9388221,3,75,146,349,46768,48318,0.2305908662900188,3,48318_46768_3,48318_46768
844,person,0.8314966,119,0,242,173,46768,48318,0.1252295197740113,1,48318_46768_1,48318_46768
845,person,0.7994375,254,0,383,183,46768,48318,0.1389300847457627,2,48318_46768_2,48318_46768
846,person,0.5574022,132,0,382,216,46768,48318,0.3177966101694915,4,48318_46768_4,48318_46768
847,chair,0.50183976,92,212,231,338,46768,48318,0.103072033898305,0,48318_46768_0,48318_46768
848,person,0.9880534,0,73,298,352,46916,48318,0.4893008474576272,2,48318_46916_2,48318_46916
849,person,0.94214547,158,63,459,352,46916,48318,0.5119409133709981,3,48318_46916_3,48318_46916
850,tie,0.66981936,116,238,151,318,46916,48318,0.0164783427495291,0,48318_46916_0,48318_46916
851,person,0.5902005,283,74,470,344,46916,48318,0.2971398305084746,1,48318_46916_1,48318_46916
852,person,0.98367196,0,66,326,355,47064,48318,0.5544609227871939,3,48318_47064_3,48318_47064
853,person,0.92424303,254,60,471,360,47064,48318,0.3831214689265537,1,48318_47064_1,48318_47064
854,person,0.7852776,89,82,396,360,47064,48318,0.5022716572504708,2,48318_47064_2,48318_47064
855,tie,0.54812545,128,233,176,317,47064,48318,0.023728813559322,0,48318_47064_0,48318_47064
856,person,0.9891667,193,50,466,353,47212,48318,0.4868114406779661,2,48318_47212_2,48318_47212
857,person,0.86196387,2,54,123,350,47212,48318,0.2107815442561205,1,48318_47212_1,48318_47212
858,person,0.5262171999999999,251,1,336,106,47212,48318,0.0525247175141243,0,48318_47212_0,48318_47212
859,person,0.97764444,224,56,461,354,47360,48318,0.4156426553672317,2,48318_47360_2,48318_47360
860,person,0.90713644,7,79,298,355,47360,48318,0.4726694915254237,3,48318_47360_3,48318_47360
861,handbag,0.59724617,233,174,361,360,47360,48318,0.1401129943502825,1,48318_47360_1,48318_47360
862,person,0.5355356,399,97,466,270,47360,48318,0.0682144538606403,0,48318_47360_0,48318_47360
863,person,0.9930621,84,51,270,356,47508,48318,0.3338629943502825,6,48318_47508_6,48318_47508
864,person,0.95061433,6,96,101,352,47508,48318,0.1431261770244821,2,48318_47508_2,48318_47508
865,chair,0.85406226,301,10,419,146,47508,48318,0.0944444444444444,1,48318_47508_1,48318_47508
866,person,0.7761458999999999,354,127,470,337,47508,48318,0.1433615819209039,3,48318_47508_3,48318_47508
867,person,0.76151896,310,129,457,351,47508,48318,0.1920550847457627,5,48318_47508_5,48318_47508
868,person,0.689445,277,136,417,360,47508,48318,0.1845574387947269,4,48318_47508_4,48318_47508
869,person,0.5450274,273,136,373,253,47508,48318,0.0688559322033898,0,48318_47508_0,48318_47508
870,person,0.9926075,116,50,308,354,47656,48318,0.343502824858757,5,48318_47656_5,48318_47656
871,person,0.9830929,3,94,158,346,47656,48318,0.2298728813559322,3,48318_47656_3,48318_47656
872,person,0.9728162,335,107,468,356,47656,48318,0.1948975988700565,2,48318_47656_2,48318_47656
873,person,0.7931629,262,113,348,257,47656,48318,0.0728813559322033,1,48318_47656_1,48318_47656
874,person,0.7001058000000001,29,84,207,358,47656,48318,0.2870291902071563,4,48318_47656_4,48318_47656
875,person,0.6348471,437,117,467,233,47656,48318,0.0204802259887005,0,48318_47656_0,48318_47656
876,person,0.9897251,138,51,315,352,47804,48318,0.3135416666666666,3,48318_47804_3,48318_47804
877,person,0.97136307,317,108,472,358,47804,48318,0.2280484934086629,1,48318_47804_1,48318_47804
878,person,0.96985877,4,75,174,355,47804,48318,0.2801318267419962,2,48318_47804_2,48318_47804
879,person,0.77298516,252,115,361,246,47804,48318,0.0840336629001883,0,48318_47804_0,48318_47804
880,person,0.73263574,45,81,257,360,47804,48318,0.348093220338983,4,48318_47804_4,48318_47804
881,person,0.9867005,143,54,304,354,47952,48318,0.2842514124293785,3,48318_47952_3,48318_47952
882,person,0.97720575,317,109,472,360,47952,48318,0.2289606873822975,1,48318_47952_1,48318_47952
883,person,0.9674109,1,90,171,350,47952,48318,0.2601224105461394,2,48318_47952_2,48318_47952
884,person,0.88686615,250,111,372,245,47952,48318,0.0962099811676082,0,48318_47952_0,48318_47952
885,person,0.9870407,124,55,304,351,48100,48318,0.3135593220338983,3,48318_48100_3,48318_48100
886,person,0.98103106,4,81,160,354,48100,48318,0.2506355932203389,1,48318_48100_1,48318_48100
887,person,0.7967325,259,110,343,251,48100,48318,0.0697033898305084,0,48318_48100_0,48318_48100
888,person,0.54080606,64,67,238,360,48100,48318,0.3000353107344633,2,48318_48100_2,48318_48100
889,person,0.99258983,116,55,301,351,48248,48318,0.3222693032015066,3,48318_48248_3,48318_48248
890,person,0.9795338,7,84,151,355,48248,48318,0.2296610169491525,2,48318_48248_2,48318_48248
891,person,0.8746745000000001,339,121,465,355,48248,48318,0.1735169491525423,1,48318_48248_1,48318_48248
892,person,0.87149024,257,117,338,248,48248,48318,0.062447033898305,0,48318_48248_0,48318_48248
893,person,0.9710207,254,96,370,221,48396,48318,0.085334274952919,2,48318_48396_2,48318_48396
894,person,0.96349823,6,78,276,306,48396,48318,0.3622881355932203,4,48318_48396_4,48318_48396
895,person,0.90450644,365,97,469,251,48396,48318,0.0942561205273069,3,48318_48396_3,48318_48396
896,person,0.59630364,409,22,450,111,48396,48318,0.0214748116760828,0,48318_48396_0,48318_48396
897,sink,0.5414085999999999,173,312,383,359,48396,48318,0.0580861581920904,1,48318_48396_1,48318_48396
898,person,0.9850278,0,71,293,350,48544,48318,0.4810911016949153,2,48318_48544_2,48318_48544
899,person,0.84433514,199,77,472,360,48544,48318,0.4546786723163842,1,48318_48544_1,48318_48544
900,tie,0.8378495,134,235,185,323,48544,48318,0.026412429378531,0,48318_48544_0,48318_48544
901,person,0.9909276,0,70,281,352,48692,48318,0.4663488700564972,2,48318_48692_2,48318_48692
902,person,0.86244726,261,56,469,352,48692,48318,0.3623352165725047,1,48318_48692_1,48318_48692
903,tie,0.6440799,128,224,158,308,48692,48318,0.0148305084745762,0,48318_48692_0,48318_48692
904,person,0.9915187,0,69,287,357,48840,48318,0.4864406779661017,2,48318_48840_2,48318_48840
905,person,0.74115336,290,57,471,340,48840,48318,0.3014536252354049,1,48318_48840_1,48318_48840
906,tie,0.63377804,127,224,170,337,48840,48318,0.0285958097928436,0,48318_48840_0,48318_48840
907,person,0.9833619,207,77,466,355,48988,48318,0.4237405838041432,2,48318_48988_2,48318_48988
908,person,0.975112,1,72,177,353,48988,48318,0.2910546139359699,1,48318_48988_1,48318_48988
909,person,0.74999094,258,5,349,176,48988,48318,0.0915783898305084,0,48318_48988_0,48318_48988
910,person,0.9886692,198,85,462,353,49136,48318,0.4163841807909605,2,48318_49136_2,48318_49136
911,person,0.9333809,2,74,193,353,49136,48318,0.3136122881355932,1,48318_49136_1,48318_49136
912,person,0.60930544,262,0,386,175,49136,48318,0.1277071563088512,0,48318_49136_0,48318_49136
913,person,0.9926313,1,67,288,356,49284,48318,0.4881297080979285,2,48318_49284_2,48318_49284
914,person,0.7879630999999999,280,87,469,349,49284,48318,0.2914194915254237,1,48318_49284_1,48318_49284
915,tie,0.71402323,131,226,165,309,49284,48318,0.0166078154425612,0,48318_49284_0,48318_49284
916,person,0.9896884,1,63,294,349,49432,48318,0.4931614877589454,3,48318_49432_3,48318_49432
917,person,0.8924996999999999,47,79,390,355,49432,48318,0.5571327683615819,4,48318_49432_4,48318_49432
918,person,0.85930336,224,38,472,360,49432,48318,0.4699623352165725,2,48318_49432_2,48318_49432
919,tie,0.8394325,131,221,168,307,49432,48318,0.0187264595103578,0,48318_49432_0,48318_49432
920,person,0.5616812,318,35,470,331,49432,48318,0.2647834274952919,1,48318_49432_1,48318_49432
921,person,0.9958527,0,58,280,358,49580,48318,0.4943502824858757,2,48318_49580_2,48318_49580
922,person,0.86691314,289,7,471,348,49580,48318,0.3652424670433145,1,48318_49580_1,48318_49580
923,tie,0.85558885,132,205,165,342,49580,48318,0.026606638418079,0,48318_49580_0,48318_49580
924,person,0.9913362,0,74,292,355,49728,48318,0.4828860640301319,2,48318_49728_2,48318_49728
925,person,0.9503384,244,68,471,359,49728,48318,0.3887535310734464,1,48318_49728_1,48318_49728
926,person,0.5019632,327,71,472,245,49728,48318,0.1484816384180791,0,48318_49728_0,48318_49728
927,person,0.97968125,17,100,253,289,49876,48318,0.2625,3,48318_49876_3,48318_49876
928,person,0.89498675,264,76,360,204,49876,48318,0.0723163841807909,1,48318_49876_1,48318_49876
929,person,0.8929559000000001,279,101,472,267,49876,48318,0.1885475517890772,2,48318_49876_2,48318_49876
930,person,0.57086754,407,4,449,148,49876,48318,0.035593220338983,0,48318_49876_0,48318_49876
931,person,0.9564773,8,82,213,303,50024,48318,0.2666254708097928,2,48318_50024_2,48318_50024
932,person,0.94093925,258,78,360,213,50024,48318,0.0810381355932203,0,48318_50024_0,48318_50024
933,person,0.90303326,376,101,470,251,50024,48318,0.0829802259887005,1,48318_50024_1,48318_50024
934,person,0.9853115,90,77,183,356,50172,48318,0.1527012711864406,1,48318_50172_1,48318_50172
935,person,0.9737519,338,89,470,360,50172,48318,0.2105225988700565,2,48318_50172_2,48318_50172
936,person,0.9390181,223,129,317,262,50172,48318,0.0735758003766478,0,48318_50172_0,48318_50172
937,person,0.9527692,227,112,318,254,50320,48318,0.0760475517890772,0,48318_50320_0,48318_50320
938,person,0.9319451,58,141,240,347,50320,48318,0.2206450094161958,1,48318_50320_1,48318_50320
939,person,0.8360337999999999,269,58,471,353,50320,48318,0.3506944444444444,2,48318_50320_2,48318_50320
940,person,0.9888072,0,85,180,359,50468,48318,0.2902542372881356,2,48318_50468_2,48318_50468
941,person,0.87879187,199,129,290,234,50468,48318,0.0562323446327683,0,48318_50468_0,48318_50468
942,person,0.76699275,243,86,456,321,50468,48318,0.2945798022598869,3,48318_50468_3,48318_50468
943,handbag,0.5845226,360,139,458,241,50468,48318,0.0588276836158192,1,48318_50468_1,48318_50468
944,person,0.98227787,2,73,158,355,50616,48318,0.2588983050847457,4,48318_50616_4,48318_50616
945,person,0.96998143,168,93,263,270,50616,48318,0.0989583333333333,2,48318_50616_2,48318_50616
946,person,0.94416684,324,72,469,347,50616,48318,0.2346692561205273,3,48318_50616_3,48318_50616
947,cup,0.5549991,160,239,200,271,50616,48318,0.007532956685499,0,48318_50616_0,48318_50616
948,chair,0.5363824,243,130,313,269,50616,48318,0.0572622410546139,1,48318_50616_1,48318_50616
949,person,0.97184306,8,98,146,307,50764,48318,0.1697387005649717,4,48318_50764_4,48318_50764
950,person,0.8987527,217,114,295,283,50764,48318,0.0775776836158192,3,48318_50764_3,48318_50764
951,person,0.8030404000000001,191,127,237,283,50764,48318,0.042231638418079,1,48318_50764_1,48318_50764
952,person,0.7772846,425,139,472,309,50764,48318,0.0470221280602636,2,48318_50764_2,48318_50764
953,book,0.76257807,277,309,362,343,50764,48318,0.0170080037664783,0,48318_50764_0,48318_50764
954,person,0.9909066,65,56,310,360,50912,48318,0.4383239171374765,0,48318_50912_0,48318_50912
955,person,0.98712456,66,49,324,356,51060,48318,0.4661370056497175,0,48318_51060_0,48318_51060
956,person,0.9219074,348,103,456,271,51208,48318,0.1067796610169491,3,48318_51208_3,48318_51208
957,person,0.89757717,252,91,342,205,51208,48318,0.0603813559322033,0,48318_51208_0,48318_51208
958,person,0.8543735,8,124,128,273,51208,48318,0.1052259887005649,2,48318_51208_2,48318_51208
959,dining table,0.64775926,131,180,403,346,51208,48318,0.2657250470809793,6,48318_51208_6,48318_51208
960,chair,0.59284127,3,212,138,354,51208,48318,0.1128177966101695,4,48318_51208_4,48318_51208
961,chair,0.51835793,365,209,455,356,51208,48318,0.0778601694915254,1,48318_51208_1,48318_51208
962,person,0.50900084,333,103,458,354,51208,48318,0.1846457156308851,5,48318_51208_5,48318_51208
963,person,0.9382968,350,95,450,233,51356,48318,0.0812146892655367,2,48318_51356_2,48318_51356
964,person,0.9105277,259,88,346,209,51356,48318,0.0619526836158192,0,48318_51356_0,48318_51356
965,person,0.9022537,3,127,152,327,51356,48318,0.1753766478342749,5,48318_51356_5,48318_51356
966,chair,0.7310105,379,180,461,347,51356,48318,0.0805908662900188,1,48318_51356_1,48318_51356
967,chair,0.67187655,4,211,132,360,51356,48318,0.1122410546139359,3,48318_51356_3,48318_51356
968,dining table,0.61617047,128,176,412,341,51356,48318,0.2757768361581921,6,48318_51356_6,48318_51356
969,person,0.5123705,344,96,452,332,51356,48318,0.15,4,48318_51356_4,48318_51356
970,person,0.99495596,329,52,452,342,51504,48318,0.2099223163841808,2,48318_51504_2,48318_51504
971,person,0.9633616,2,144,115,281,51504,48318,0.0911075800376647,1,48318_51504_1,48318_51504
972,person,0.90690595,164,116,239,232,51504,48318,0.0512005649717514,0,48318_51504_0,48318_51504
973,person,0.9865958,80,59,331,356,51652,48318,0.4387182203389831,0,48318_51652_0,48318_51652
974,person,0.985631,75,45,350,357,51800,48318,0.5049435028248588,0,48318_51800_0,48318_51800
975,person,0.9422778,291,83,422,239,51948,48318,0.1202683615819209,2,48318_51948_2,48318_51948
976,person,0.9239365,216,71,290,198,51948,48318,0.0553083804143126,0,48318_51948_0,48318_51948
977,person,0.90378284,27,97,139,325,51948,48318,0.1502824858757062,3,48318_51948_3,48318_51948
978,chair,0.75972587,365,194,467,354,51948,48318,0.096045197740113,1,48318_51948_1,48318_51948
979,person,0.61957884,289,86,431,342,51948,48318,0.2139359698681733,4,48318_51948_4,48318_51948
980,person,0.9937465,96,58,396,360,52096,48318,0.5331920903954802,1,48318_52096_1,48318_52096
981,tie,0.87832755,246,193,286,345,52096,48318,0.0357815442561205,0,48318_52096_0,48318_52096
982,person,0.9937296999999998,105,68,440,358,52244,48318,0.5717396421845574,3,48318_52244_3,48318_52244
983,tie,0.77253497,259,201,289,278,52244,48318,0.0135946327683615,1,48318_52244_1,48318_52244
984,tie,0.6280346,255,200,278,279,52244,48318,0.0106932674199623,0,48318_52244_0,48318_52244
985,tie,0.5592961999999999,268,205,298,285,52244,48318,0.0141242937853107,2,48318_52244_2,48318_52244
986,person,0.96985346,267,79,407,236,52392,48318,0.1293549905838041,2,48318_52392_2,48318_52392
987,person,0.95764583,17,100,152,321,52392,48318,0.175582627118644,3,48318_52392_3,48318_52392
988,person,0.8955681999999999,220,69,293,193,52392,48318,0.0532721280602636,0,48318_52392_0,48318_52392
989,chair,0.8743796999999999,383,191,468,357,52392,48318,0.083039077212806,1,48318_52392_1,48318_52392
990,person,0.986931,271,118,435,343,52540,48318,0.2171610169491524,0,48318_52540_0,48318_52540
991,person,0.9732449,95,78,242,358,52540,48318,0.2422316384180791,1,48318_52540_1,48318_52540
992,person,0.99434584,42,71,348,352,52688,48318,0.5060381355932203,1,48318_52688_1,48318_52688
993,chair,0.82288766,371,252,469,324,52688,48318,0.0415254237288135,0,48318_52688_0,48318_52688
994,person,0.9959518,29,52,376,351,52836,48318,0.6105991054613936,2,48318_52836_2,48318_52836
995,tie,0.8505608,180,189,213,270,52836,48318,0.0157309322033898,0,48318_52836_0,48318_52836
996,chair,0.78213805,366,246,468,323,52836,48318,0.0462217514124293,1,48318_52836_1,48318_52836
997,person,0.9942893,256,128,422,349,52984,48318,0.2159016007532956,1,48318_52984_1,48318_52984
998,person,0.9899038,100,62,222,352,52984,48318,0.2082156308851224,0,48318_52984_0,48318_52984
999,person,0.9849091,174,33,412,351,53132,48318,0.445409604519774,0,48318_53132_0,48318_53132
1000,person,0.993489,118,63,433,356,53280,48318,0.5431673728813561,0,48318_53280_0,48318_53280
1001,person,0.98901445,63,48,213,354,53428,48318,0.2701271186440678,1,48318_53428_1,48318_53428
1002,person,0.93487686,266,145,405,355,53428,48318,0.1717867231638418,0,48318_53428_0,48318_53428
1003,person,0.99681145,62,96,346,360,53576,48318,0.4412429378531073,2,48318_53576_2,48318_53576
1004,person,0.9579978,385,175,436,332,53576,48318,0.0471221751412429,1,48318_53576_1,48318_53576
1005,person,0.6195019,348,167,386,326,53576,48318,0.0355579096045197,0,48318_53576_0,48318_53576
1006,person,0.99316955,38,107,206,352,53724,48318,0.2422316384180791,4,48318_53724_4,48318_53724
1007,person,0.9419028,358,127,459,278,53724,48318,0.0897540018832391,2,48318_53724_2,48318_53724
1008,person,0.9374294,259,131,331,252,53724,48318,0.0512711864406779,1,48318_53724_1,48318_53724
1009,dining table,0.81800216,126,246,429,357,53724,48318,0.1979343220338983,3,48318_53724_3,48318_53724
1010,cup,0.6062271,247,221,279,260,53724,48318,0.0073446327683615,0,48318_53724_0,48318_53724
1011,person,0.9719739,282,134,425,276,53872,48318,0.1195032956685499,3,48318_53872_3,48318_53872
1012,person,0.96631396,43,134,189,332,53872,48318,0.1701271186440678,4,48318_53872_4,48318_53872
1013,cup,0.80520517,252,244,280,288,53872,48318,0.0072504708097928,1,48318_53872_1,48318_53872
1014,person,0.80249226,244,125,315,228,53872,48318,0.0430379001883239,2,48318_53872_2,48318_53872
1015,dining table,0.73871166,105,234,421,350,53872,48318,0.2157250470809792,5,48318_53872_5,48318_53872
1016,cup,0.5453179,388,242,411,284,53872,48318,0.0056850282485875,0,48318_53872_0,48318_53872
1017,person,0.97692627,31,145,171,342,54020,48318,0.1623116760828625,4,48318_54020_4,48318_54020
1018,person,0.9510406,301,137,429,286,54020,48318,0.1122410546139359,3,48318_54020_3,48318_54020
1019,person,0.9366095,104,55,177,246,54020,48318,0.0820562617702448,2,48318_54020_2,48318_54020
1020,person,0.82551825,244,130,302,255,54020,48318,0.0426671374764595,1,48318_54020_1,48318_54020
1021,cup,0.6307765999999999,245,260,269,304,54020,48318,0.0062146892655367,0,48318_54020_0,48318_54020
1022,person,0.98094773,120,60,214,249,54168,48318,0.1045550847457627,2,48318_54168_2,48318_54168
1023,person,0.9794967,25,148,178,351,54168,48318,0.1827860169491525,4,48318_54168_4,48318_54168
1024,person,0.92474973,291,142,422,298,54168,48318,0.1202683615819209,3,48318_54168_3,48318_54168
1025,person,0.84709525,245,135,300,258,54168,48318,0.0398128531073446,1,48318_54168_1,48318_54168
1026,cup,0.5669016,245,265,267,307,54168,48318,0.0054378531073446,0,48318_54168_0,48318_54168
1027,person,0.99357796,39,53,272,354,54316,48318,0.4127412900188324,1,48318_54316_1,48318_54316
1028,person,0.97553843,315,183,426,356,54316,48318,0.1130120056497175,0,48318_54316_0,48318_54316
1029,person,0.9908625,43,60,268,346,54464,48318,0.3787076271186441,1,48318_54464_1,48318_54464
1030,person,0.94325393,320,181,415,356,54464,48318,0.0978401600753295,0,48318_54464_0,48318_54464
1031,person,0.9957027,48,58,271,348,54612,48318,0.3805908662900188,1,48318_54612_1,48318_54612
1032,person,0.9610535,323,181,424,360,54612,48318,0.1063971280602636,0,48318_54612_0,48318_54612
1033,person,0.99766374,41,52,264,353,54760,48318,0.3950270715630885,1,48318_54760_1,48318_54760
1034,person,0.93952465,313,180,415,353,54760,48318,0.1038488700564971,0,48318_54760_0,48318_54760
1035,person,0.99415284,69,54,378,359,54908,48318,0.5546433615819211,0,48318_54908_0,48318_54908
1036,person,0.99152195,56,56,268,349,55056,48318,0.365560263653484,1,48318_55056_1,48318_55056
1037,person,0.9665885,318,189,433,356,55056,48318,0.1130237758945386,0,48318_55056_0,48318_55056
1038,person,0.99328107,42,68,262,353,55204,48318,0.3689971751412429,1,48318_55204_1,48318_55204
1039,person,0.97930855,305,189,422,356,55204,48318,0.114989406779661,0,48318_55204_0,48318_55204
1040,person,0.9952455,43,47,265,356,55352,48318,0.4037076271186441,1,48318_55352_1,48318_55352
1041,person,0.9587171999999998,318,180,421,354,55352,48318,0.1054731638418079,0,48318_55352_0,48318_55352
1042,person,0.9595697,150,77,285,263,55500,48318,0.1477754237288135,5,48318_55500_5,48318_55500
1043,person,0.9586526,20,156,152,354,55500,48318,0.1538135593220339,6,48318_55500_6,48318_55500
1044,person,0.84689605,114,62,199,231,55500,48318,0.0845397834274953,3,48318_55500_3,48318_55500
1045,dining table,0.6640611999999999,90,245,404,354,55500,48318,0.201424199623352,7,48318_55500_7,48318_55500
1046,cup,0.6607264,220,237,277,277,55500,48318,0.0134180790960451,0,48318_55500_0,48318_55500
1047,sink,0.5750558000000001,285,295,387,323,55500,48318,0.0168079096045197,1,48318_55500_1,48318_55500
1048,person,0.55308485,128,71,223,246,55500,48318,0.0978401600753295,4,48318_55500_4,48318_55500
1049,person,0.5009964,419,183,464,249,55500,48318,0.017478813559322,2,48318_55500_2,48318_55500
1050,person,0.98580825,23,55,232,344,55648,48318,0.3554672787193974,1,48318_55648_1,48318_55648
1051,person,0.9400406,362,195,470,354,55648,48318,0.1010593220338983,0,48318_55648_0,48318_55648
1052,person,0.9760448,241,108,364,351,55796,48318,0.1759004237288135,0,48318_55796_0,48318_55796
1053,refrigerator,0.5683604,74,47,449,341,55796,48318,0.6488347457627118,1,48318_55796_1,48318_55796
1054,person,0.99287343,76,54,366,360,55944,48318,0.5222457627118644,0,48318_55944_0,48318_55944
1055,person,0.968254,178,74,292,296,56092,48318,0.1489406779661017,0,48318_56092_0,48318_56092
1056,person,0.9541042,4,146,177,349,56092,48318,0.2066796139359698,1,48318_56092_1,48318_56092
1057,person,0.99270904,138,72,345,355,56240,48318,0.3447563559322034,0,48318_56240_0,48318_56240
1058,person,0.99576133,78,56,379,354,56388,48318,0.5278837099811676,0,48318_56388_0,48318_56388
1059,potted plant,0.62608814,155,303,194,357,56536,48318,0.0123940677966101,0,48318_56536_0,48318_56536
1060,person,0.99303436,118,90,243,357,56684,48318,0.1964159604519774,2,48318_56684_2,48318_56684
1061,person,0.9891137,337,60,454,353,56684,48318,0.2017478813559322,3,48318_56684_3,48318_56684
1062,person,0.97379905,279,148,354,354,56684,48318,0.0909251412429378,1,48318_56684_1,48318_56684
1063,person,0.9641492,63,123,112,331,56684,48318,0.0599811676082862,0,48318_56684_0,48318_56684
1064,person,0.99623126,61,68,209,355,56832,48318,0.2499764595103578,2,48318_56832_2,48318_56832
1065,person,0.9706021,352,134,465,358,56832,48318,0.1489642184557438,1,48318_56832_1,48318_56832
1066,person,0.947092,1,130,46,269,56832,48318,0.0368114406779661,0,48318_56832_0,48318_56832
1067,person,0.9878556,29,40,183,354,56980,48318,0.2845809792843691,3,48318_56980_3,48318_56980
1068,person,0.98333734,376,120,472,357,56980,48318,0.1338983050847457,2,48318_56980_2,48318_56980
1069,person,0.9047507,203,191,338,333,56980,48318,0.1128177966101695,1,48318_56980_1,48318_56980
1070,person,0.86457926,0,105,61,349,56980,48318,0.0875941619585687,0,48318_56980_0,48318_56980
1071,person,0.9845276,303,121,434,360,57128,48318,0.184257297551789,6,48318_57128_6,48318_57128
1072,person,0.9500925,184,192,298,354,57128,48318,0.1086864406779661,2,48318_57128_2,48318_57128
1073,person,0.93553704,55,145,157,350,57128,48318,0.1230579096045197,4,48318_57128_4,48318_57128
1074,person,0.9297360999999998,4,102,89,360,57128,48318,0.1290607344632768,5,48318_57128_5,48318_57128
1075,person,0.7626229,126,179,212,347,57128,48318,0.0850282485875706,1,48318_57128_1,48318_57128
1076,person,0.6415113,157,183,274,345,57128,48318,0.1115466101694915,3,48318_57128_3,48318_57128
1077,person,0.50252587,45,162,91,214,57128,48318,0.0140772128060263,0,48318_57128_0,48318_57128
1078,person,0.953324,243,188,308,300,57276,48318,0.0428436911487759,2,48318_57276_2,48318_57276
1079,person,0.92099434,177,110,236,226,57276,48318,0.0402777777777777,1,48318_57276_1,48318_57276
1080,person,0.8316832000000001,426,97,469,190,57276,48318,0.023534604519774,0,48318_57276_0,48318_57276
1081,person,0.96342844,254,108,348,342,57424,48318,0.1294491525423728,4,48318_57424_4,48318_57424
1082,person,0.9102318,108,60,198,295,57424,48318,0.1244703389830508,3,48318_57424_3,48318_57424
1083,sink,0.7081858,0,300,166,358,57424,48318,0.0566619585687382,1,48318_57424_1,48318_57424
1084,person,0.65423584,196,173,268,346,57424,48318,0.0733050847457627,2,48318_57424_2,48318_57424
1085,person,0.58240765,407,86,461,184,57424,48318,0.0311440677966101,0,48318_57424_0,48318_57424
1086,person,0.937597,117,66,186,293,57572,48318,0.0921786723163842,4,48318_57572_4,48318_57572
1087,person,0.8652168,408,91,460,181,57572,48318,0.0275423728813559,0,48318_57572_0,48318_57572
1088,person,0.816483,251,110,326,347,57572,48318,0.1046080508474576,5,48318_57572_5,48318_57572
1089,person,0.80304056,293,111,352,209,57572,48318,0.0340277777777777,1,48318_57572_1,48318_57572
1090,person,0.67653984,34,61,104,250,57572,48318,0.0778601694915254,3,48318_57572_3,48318_57572
1091,person,0.6478688,198,112,310,350,57572,48318,0.1568738229755178,6,48318_57572_6,48318_57572
1092,sink,0.53642845,0,299,166,357,57572,48318,0.0566619585687382,2,48318_57572_2,48318_57572
1093,person,0.9930408000000002,262,114,451,356,57720,48318,0.2691737288135593,1,48318_57720_1,48318_57720
1094,person,0.9793129,0,20,232,353,57720,48318,0.4546610169491526,2,48318_57720_2,48318_57720
1095,person,0.50191796,410,24,470,276,57720,48318,0.0889830508474576,0,48318_57720_0,48318_57720
1096,person,0.9878144,37,93,181,360,57868,48318,0.226271186440678,1,48318_57868_1,48318_57868
1097,person,0.9417129,314,139,448,349,57868,48318,0.1656073446327683,0,48318_57868_0,48318_57868
1098,person,0.9921611,233,43,467,355,58016,48318,0.4296610169491525,2,48318_58016_2,48318_58016
1099,person,0.9839076,0,110,230,356,58016,48318,0.3329802259887006,1,48318_58016_1,48318_58016
1100,person,0.6499075,215,90,309,339,58016,48318,0.1377471751412429,0,48318_58016_0,48318_58016
1101,person,0.9968882,292,45,472,355,58164,48318,0.3283898305084746,1,48318_58164_1,48318_58164
1102,person,0.96617126,0,36,229,347,58164,48318,0.4191325329566855,2,48318_58164_2,48318_58164
1103,person,0.66456217,190,151,253,261,58164,48318,0.0407838983050847,0,48318_58164_0,48318_58164
1104,person,0.9939785,0,119,236,360,58312,48318,0.3347222222222222,1,48318_58312_1,48318_58312
1105,person,0.9917663,237,43,467,355,58312,48318,0.422316384180791,2,48318_58312_2,48318_58312
1106,person,0.91732866,212,82,311,334,58312,48318,0.1468220338983051,0,48318_58312_0,48318_58312
1107,person,0.9921673,241,44,467,350,58460,48318,0.4069915254237288,2,48318_58460_2,48318_58460
1108,person,0.9615181,8,109,226,357,58460,48318,0.3181732580037665,1,48318_58460_1,48318_58460
1109,person,0.7028941,212,96,312,329,58460,48318,0.137123352165725,0,48318_58460_0,48318_58460
1110,person,0.9951586,296,54,469,358,58608,48318,0.3095103578154425,0,48318_58608_0,48318_58608
1111,person,0.9747695,0,39,217,356,58608,48318,0.4048316854990584,1,48318_58608_1,48318_58608
1112,person,0.99338526,293,49,471,352,58756,48318,0.3174081920903955,0,48318_58756_0,48318_58756
1113,person,0.9844775,1,31,214,353,58756,48318,0.4036370056497175,1,48318_58756_1,48318_58756
1114,person,0.99173224,46,51,291,357,58904,48318,0.4412076271186441,1,48318_58904_1,48318_58904
1115,person,0.9806482,264,82,468,355,58904,48318,0.3277542372881356,0,48318_58904_0,48318_58904
1116,person,0.99579275,90,63,249,350,59200,48318,0.268555790960452,1,48318_59200_1,48318_59200
1117,person,0.96269506,334,130,432,348,59200,48318,0.1257297551789077,0,48318_59200_0,48318_59200
1118,person,0.7898978,283,200,314,256,59644,48318,0.010216572504708,0,48318_59644_0,48318_59644
1119,person,0.64273924,292,208,454,276,59644,48318,0.0648305084745762,1,48318_59644_1,48318_59644
1120,person,0.9362203,126,123,214,243,59792,48318,0.0621468926553672,1,48318_59792_1,48318_59792
1121,person,0.71643746,129,130,188,228,59792,48318,0.0340277777777777,0,48318_59792_0,48318_59792
1122,person,0.6129832,137,131,448,266,59792,48318,0.2470868644067796,3,48318_59792_3,48318_59792
1123,person,0.58832026,159,187,441,267,59792,48318,0.1327683615819209,2,48318_59792_2,48318_59792
1124,person,0.94117004,27,146,458,270,59940,48318,0.3145244821092279,2,48318_59940_2,48318_59940
1125,person,0.6686951999999999,64,97,141,222,59940,48318,0.0566443032015065,0,48318_59940_0,48318_59940
1126,person,0.5660521,64,98,192,245,59940,48318,0.1107344632768361,1,48318_59940_1,48318_59940
1127,person,0.9206816,33,151,458,274,60088,48318,0.3076447740112994,2,48318_60088_2,48318_60088
1128,person,0.8408453000000001,66,91,212,248,60088,48318,0.1348987758945386,1,48318_60088_1,48318_60088
1129,person,0.8136789000000001,68,93,133,231,60088,48318,0.0527895480225988,0,48318_60088_0,48318_60088
1130,person,0.9920353,11,38,210,337,60236,48318,0.3501706685499058,1,48318_60236_1,48318_60236
1131,person,0.5287672,224,228,459,348,60236,48318,0.1659604519774011,0,48318_60236_0,48318_60236
1132,person,0.98422354,16,41,192,331,60384,48318,0.300376647834275,1,48318_60384_1,48318_60384
1133,person,0.62862104,225,237,385,303,60384,48318,0.0621468926553672,0,48318_60384_0,48318_60384
1134,person,0.98485285,20,50,206,330,60532,48318,0.3064971751412429,2,48318_60532_2,48318_60532
1135,person,0.5554255,305,235,388,298,60532,48318,0.0307733050847457,0,48318_60532_0,48318_60532
1136,person,0.5489824000000001,243,236,463,345,60532,48318,0.1411252354048964,1,48318_60532_1,48318_60532
1137,person,0.98959607,19,48,211,334,60680,48318,0.3231638418079096,1,48318_60680_1,48318_60680
1138,person,0.5734985,227,233,464,347,60680,48318,0.1590042372881356,0,48318_60680_0,48318_60680
1139,person,0.9899332,27,44,211,326,60828,48318,0.3053672316384181,0,48318_60828_0,48318_60828
1140,person,0.96952033,46,81,206,317,60976,48318,0.2222222222222222,0,48318_60976_0,48318_60976
1141,person,0.9928582,298,144,470,360,61124,48318,0.2186440677966101,0,48318_61124_0,48318_61124
1142,person,0.9921583,9,61,212,336,61124,48318,0.3285369585687382,1,48318_61124_1,48318_61124
1143,person,0.9932359,295,144,472,353,61272,48318,0.2177083333333333,0,48318_61272_0,48318_61272
1144,person,0.9919024,7,54,193,339,61272,48318,0.3119703389830508,1,48318_61272_1,48318_61272
1145,person,0.98887,262,126,444,352,61420,48318,0.2420668549905838,0,48318_61420_0,48318_61420
1146,person,0.9679928,21,48,198,316,61420,48318,0.2791666666666667,1,48318_61420_1,48318_61420
1147,person,0.99586993,110,58,340,359,61568,48318,0.4074270244821092,1,48318_61568_1,48318_61568
1148,truck,0.7055445,11,6,105,78,61568,48318,0.0398305084745762,0,48318_61568_0,48318_61568
1149,person,0.9958038,280,155,462,355,61716,48318,0.2142184557438794,2,48318_61716_2,48318_61716
1150,person,0.93525773,27,25,208,342,61716,48318,0.3376706685499058,3,48318_61716_3,48318_61716
1151,person,0.68968064,152,176,242,344,61716,48318,0.0889830508474576,0,48318_61716_0,48318_61716
1152,person,0.677674,20,169,206,354,61716,48318,0.2025070621468926,1,48318_61716_1,48318_61716
1153,person,0.9953549,67,58,241,347,61864,48318,0.2959392655367232,0,48318_61864_0,48318_61864
1154,person,0.98907113,190,48,361,337,62012,48318,0.2908368644067796,1,48318_62012_1,48318_62012
1155,person,0.97133315,31,123,167,330,62012,48318,0.1656779661016949,0,48318_62012_0,48318_62012
1156,person,0.9900643,117,120,236,354,62160,48318,0.1638771186440678,0,48318_62160_0,48318_62160
1157,person,0.98378456,227,50,429,341,62160,48318,0.3459392655367232,1,48318_62160_1,48318_62160
1158,person,0.9933582,228,38,435,359,62308,48318,0.3910487288135593,1,48318_62308_1,48318_62308
1159,person,0.9830662,106,115,270,346,62308,48318,0.22295197740113,0,48318_62308_0,48318_62308
1160,person,0.9947614,27,107,224,355,62456,48318,0.2875235404896422,2,48318_62456_2,48318_62456
1161,person,0.97289646,242,52,396,349,62456,48318,0.2691737288135593,1,48318_62456_1,48318_62456
1162,person,0.5074312,298,66,394,340,62456,48318,0.1548022598870056,0,48318_62456_0,48318_62456
1163,person,0.9963018,255,45,424,351,62604,48318,0.304343220338983,0,48318_62604_0,48318_62604
1164,person,0.9861801,13,84,213,353,62604,48318,0.3166195856873823,1,48318_62604_1,48318_62604
1165,person,0.9951892,214,55,472,352,62752,48318,0.4509533898305085,1,48318_62752_1,48318_62752
1166,person,0.9825832,11,72,209,341,62752,48318,0.3134533898305085,0,48318_62752_0,48318_62752
1167,person,0.9940376,213,54,466,332,62900,48318,0.4139241996233521,1,48318_62900_1,48318_62900
1168,person,0.9793632,11,61,210,340,62900,48318,0.3267478813559322,0,48318_62900_0,48318_62900
1169,person,0.99353904,219,60,468,350,63048,48318,0.4249646892655367,1,48318_63048_1,48318_63048
1170,person,0.98902917,13,72,211,351,63048,48318,0.3251059322033898,0,48318_63048_0,48318_63048
1171,person,0.99089944,210,48,464,328,63196,48318,0.4185499058380414,1,48318_63196_1,48318_63196
1172,person,0.9844499,12,63,207,351,63196,48318,0.3305084745762712,0,48318_63196_0,48318_63196
1173,person,0.97242504,31,82,305,349,63344,48318,0.4305437853107345,0,48318_63344_0,48318_63344
1174,person,0.9695273,183,0,472,356,63344,48318,0.605484934086629,1,48318_63344_1,48318_63344
1175,person,0.99151236,11,105,261,356,63492,48318,0.3692914312617702,0,48318_63492_0,48318_63492
1176,person,0.9790486,211,0,465,359,63492,48318,0.5366407721280603,1,48318_63492_1,48318_63492
1177,person,0.99520564,273,29,449,355,63640,48318,0.3376647834274953,1,48318_63640_1,48318_63640
1178,person,0.9786349,30,136,125,353,63640,48318,0.1213217984934086,0,48318_63640_0,48318_63640
1179,person,0.9914659,351,95,472,360,63788,48318,0.1887064500941619,2,48318_63788_2,48318_63788
1180,truck,0.78682244,30,76,472,360,63788,48318,0.7387476459510358,3,48318_63788_3,48318_63788
1181,person,0.7706034,51,125,105,224,63788,48318,0.0314618644067796,0,48318_63788_0,48318_63788
1182,person,0.5242063,43,122,110,315,63788,48318,0.0761005178907721,1,48318_63788_1,48318_63788
1183,person,0.98026294,131,62,324,360,64084,48318,0.3384769303201506,1,48318_64084_1,48318_64084
1184,person,0.69478345,395,55,456,310,64084,48318,0.0915430790960452,0,48318_64084_0,48318_64084
1185,person,0.73813766,11,1,228,221,64232,48318,0.2809557438794727,1,48318_64232_1,48318_64232
1186,person,0.7107303,184,31,331,179,64232,48318,0.1280367231638418,0,48318_64232_0,48318_64232
1187,person,0.6374890999999999,32,4,341,305,64232,48318,0.5473693502824859,2,48318_64232_2,48318_64232
1188,oven,0.9031553,0,0,446,360,64380,48318,0.9449152542372882,0,48318_64380_0,48318_64380
1189,person,0.8807333,46,11,270,359,64676,48318,0.4587570621468927,3,48318_64676_3,48318_64676
1190,cup,0.5891349,8,221,178,359,64676,48318,0.1380649717514124,0,48318_64676_0,48318_64676
1191,chair,0.54934996,7,213,181,359,64676,48318,0.1495056497175141,1,48318_64676_1,48318_64676
1192,chair,0.51653254,27,17,256,300,64676,48318,0.3813971280602637,2,48318_64676_2,48318_64676
1193,person,0.9727486,201,68,425,352,64824,48318,0.3743879472693032,1,48318_64824_1,48318_64824
1194,person,0.93651253,77,101,191,264,64824,48318,0.1093573446327683,0,48318_64824_0,48318_64824
1195,book,0.57399297,30,0,464,339,64972,48318,0.8658545197740113,0,48318_64972_0,48318_64972
1196,bowl,0.90969884,122,49,371,320,65120,48318,0.3971221751412429,2,48318_65120_2,48318_65120
1197,person,0.677301,55,3,335,168,65120,48318,0.2718926553672316,1,48318_65120_1,48318_65120
1198,person,0.5876348000000001,63,0,319,268,65120,48318,0.4037664783427496,3,48318_65120_3,48318_65120
1199,person,0.56806093,202,134,314,290,65120,48318,0.1028248587570621,0,48318_65120_0,48318_65120
1200,person,0.9320158000000002,30,170,247,359,65268,48318,0.2413665254237288,3,48318_65268_3,48318_65268
1201,person,0.9105197,256,17,380,189,65268,48318,0.125517890772128,2,48318_65268_2,48318_65268
1202,person,0.6504484,0,72,66,297,65268,48318,0.0873940677966101,1,48318_65268_1,48318_65268
1203,person,0.5152845,427,40,472,133,65268,48318,0.0246292372881356,0,48318_65268_0,48318_65268
1204,person,0.99411595,44,42,397,360,65416,48318,0.6606285310734463,0,48318_65416_0,48318_65416
1205,book,0.80471104,0,25,472,333,65564,48318,0.8555555555555555,1,48318_65564_1,48318_65564
1206,cell phone,0.66142803,41,130,148,250,65564,48318,0.0755649717514124,0,48318_65564_0,48318_65564
1207,person,0.9847044,107,54,230,353,65712,48318,0.2164371468926553,3,48318_65712_3,48318_65712
1208,person,0.9660887,246,58,410,350,65712,48318,0.2818267419962335,4,48318_65712_4,48318_65712
1209,person,0.70165986,201,79,252,308,65712,48318,0.0687323446327683,1,48318_65712_1,48318_65712
1210,clock,0.6767515000000001,392,24,429,110,65712,48318,0.0187264595103578,0,48318_65712_0,48318_65712
1211,person,0.59526986,325,72,421,348,65712,48318,0.1559322033898305,2,48318_65712_2,48318_65712
1212,person,0.9864429,261,61,399,352,65860,48318,0.2363347457627118,3,48318_65860_3,48318_65860
1213,person,0.97490025,102,56,217,352,65860,48318,0.2003295668549906,2,48318_65860_2,48318_65860
1214,person,0.7058761,204,72,250,327,65860,48318,0.0690324858757062,1,48318_65860_1,48318_65860
1215,clock,0.6224735,394,17,428,99,65860,48318,0.0164077212806026,0,48318_65860_0,48318_65860
1216,person,0.9868673,260,53,393,353,66008,48318,0.2348163841807909,3,48318_66008_3,48318_66008
1217,person,0.8873690000000001,110,59,210,195,66008,48318,0.0800376647834275,2,48318_66008_2,48318_66008
1218,person,0.79738975,100,78,254,342,66008,48318,0.2392655367231638,4,48318_66008_4,48318_66008
1219,person,0.6473683000000001,194,76,247,202,66008,48318,0.0393008474576271,1,48318_66008_1,48318_66008
1220,clock,0.5564866,392,15,427,102,66008,48318,0.0179201977401129,0,48318_66008_0,48318_66008
1221,person,0.98133904,259,112,407,341,66156,48318,0.1994585687382297,0,48318_66156_0,48318_66156
1222,person,0.9404292,109,30,244,346,66156,48318,0.2510593220338983,1,48318_66156_1,48318_66156
1223,book,0.659964,97,0,472,332,66304,48318,0.7326977401129944,0,48318_66304_0,48318_66304
1224,person,0.9922544,17,60,266,357,66452,48318,0.4352224576271185,2,48318_66452_2,48318_66452
1225,person,0.8757002,233,67,390,290,66452,48318,0.2060440207156308,1,48318_66452_1,48318_66452
1226,person,0.7395719000000001,252,62,324,218,66452,48318,0.0661016949152542,0,48318_66452_0,48318_66452
1227,person,0.9119095,179,42,379,255,66748,48318,0.2507062146892655,1,48318_66748_1,48318_66748
1228,person,0.5543748000000001,182,48,283,211,66748,48318,0.096886770244821,0,48318_66748_0,48318_66748
1229,car,0.6937727,168,129,400,283,66896,48318,0.2102636534839924,0,48318_66896_0,48318_66896
1230,truck,0.52181405,145,119,413,280,66896,48318,0.2539312617702448,1,48318_66896_1,48318_66896
1231,person,0.89890265,400,114,472,266,67044,48318,0.0644067796610169,0,48318_67044_0,48318_67044
1232,car,0.74047506,47,110,436,335,67044,48318,0.5150953389830508,2,48318_67044_2,48318_67044
1233,truck,0.68274873,51,113,434,335,67044,48318,0.5003884180790961,1,48318_67044_1,48318_67044
1234,person,0.990815,122,91,227,354,67192,48318,0.1625176553672316,1,48318_67192_1,48318_67192
1235,person,0.5724965999999999,298,146,379,354,67192,48318,0.0991525423728813,0,48318_67192_0,48318_67192
1236,person,0.988477,124,83,233,357,67340,48318,0.175765065913371,1,48318_67340_1,48318_67340
1237,person,0.9466818,285,120,356,354,67340,48318,0.0977754237288135,0,48318_67340_0,48318_67340
1238,person,0.9880691,86,89,227,351,67488,48318,0.2174081920903954,1,48318_67488_1,48318_67488
1239,person,0.9650307,276,120,360,356,67488,48318,0.1166666666666666,0,48318_67488_0,48318_67488
1240,person,0.96916515,112,119,295,358,67636,48318,0.2573975988700565,2,48318_67636_2,48318_67636
1241,person,0.82813793,92,98,213,224,67636,48318,0.0897245762711864,0,48318_67636_0,48318_67636
1242,person,0.703778,86,96,222,322,67636,48318,0.1808851224105461,1,48318_67636_1,48318_67636
1243,person,0.9929696,121,44,220,345,67784,48318,0.1753707627118644,1,48318_67784_1,48318_67784
1244,person,0.9692499,273,121,365,353,67784,48318,0.1256120527306968,0,48318_67784_0,48318_67784
1245,person,0.98949265,3,9,232,360,67932,48318,0.4730402542372881,1,48318_67932_1,48318_67932
1246,person,0.98858196,251,137,422,357,67932,48318,0.2213983050847457,0,48318_67932_0,48318_67932
1247,person,0.9873584,232,124,418,357,68080,48318,0.2550494350282485,0,48318_68080_0,48318_68080
1248,person,0.980698,22,4,234,356,68080,48318,0.4391713747645951,1,48318_68080_1,48318_68080
1249,person,0.99323046,124,45,373,355,68228,48318,0.4542725988700565,0,48318_68228_0,48318_68228
1250,person,0.99402076,50,48,297,352,68376,48318,0.4419020715630885,1,48318_68376_1,48318_68376
1251,person,0.9794322,241,32,472,355,68376,48318,0.4391066384180791,0,48318_68376_0,48318_68376
1252,person,0.99411327,28,46,290,355,68524,48318,0.4764477401129944,1,48318_68524_1,48318_68524
1253,person,0.9729192,222,15,472,356,68524,48318,0.5017066854990584,2,48318_68524_2,48318_68524
1254,tie,0.7030026,147,202,192,325,68524,48318,0.0325741525423728,0,48318_68524_0,48318_68524
1255,person,0.990838,7,40,273,354,68672,48318,0.4915489642184557,1,48318_68672_1,48318_68672
1256,person,0.98030466,249,96,444,355,68672,48318,0.2972281073446328,0,48318_68672_0,48318_68672
1257,person,0.99069947,23,53,271,356,68820,48318,0.4422316384180791,2,48318_68820_2,48318_68820
1258,person,0.9699341,219,9,472,353,68820,48318,0.5121939736346516,3,48318_68820_3,48318_68820
1259,vase,0.729574,318,168,472,354,68820,48318,0.1685734463276836,1,48318_68820_1,48318_68820
1260,tie,0.5987670999999999,131,216,188,339,68820,48318,0.0412605932203389,0,48318_68820_0,48318_68820
1261,person,0.9930189,27,50,272,354,68968,48318,0.4383239171374765,0,48318_68968_0,48318_68968
1262,person,0.9808904,204,11,471,351,68968,48318,0.5342514124293786,1,48318_68968_1,48318_68968
1263,person,0.9925634,22,43,270,355,69116,48318,0.4553672316384181,0,48318_69116_0,48318_69116
1264,person,0.98820007,206,10,470,353,69116,48318,0.532909604519774,1,48318_69116_1,48318_69116
1265,person,0.98300076,12,50,327,356,69264,48318,0.5672669491525424,1,48318_69264_1,48318_69264
1266,person,0.9642108,243,98,448,357,69264,48318,0.3124705743879473,0,48318_69264_0,48318_69264
1267,person,0.98749125,9,49,291,351,69412,48318,0.5012005649717514,1,48318_69412_1,48318_69412
1268,person,0.9657561,231,92,446,357,69412,48318,0.3353048493408663,0,48318_69412_0,48318_69412
1269,person,0.9965327,113,54,219,342,69560,48318,0.1796610169491525,1,48318_69560_1,48318_69560
1270,person,0.91387665,252,127,371,353,69560,48318,0.1582744821092278,0,48318_69560_0,48318_69560
1271,person,0.9951866,89,105,266,358,69708,48318,0.2635416666666667,0,48318_69708_0,48318_69708
1272,person,0.9900359,222,65,375,360,69708,48318,0.265625,1,48318_69708_1,48318_69708
1273,person,0.9907511999999998,54,99,324,357,69856,48318,0.4099576271186441,1,48318_69856_1,48318_69856
1274,person,0.9628242,203,63,344,245,69856,48318,0.151024011299435,0,48318_69856_0,48318_69856
1275,person,0.99680126,153,77,313,359,70004,48318,0.2655367231638418,1,48318_70004_1,48318_70004
1276,person,0.78250337,405,254,469,360,70004,48318,0.039924670433145,0,48318_70004_0,48318_70004
1277,person,0.998059,6,79,415,354,70152,48318,0.661929143126177,0,48318_70152_0,48318_70152
1278,person,0.99583435,162,40,314,360,70300,48318,0.2862523540489642,0,48318_70300_0,48318_70300
1279,person,0.9967924,115,45,334,354,70448,48318,0.3982521186440678,0,48318_70448_0,48318_70448
1280,person,0.9950559,123,51,341,356,70596,48318,0.3913017890772128,1,48318_70596_1,48318_70596
1281,chair,0.5758021,30,181,151,351,70596,48318,0.121056967984934,0,48318_70596_0,48318_70596
1282,person,0.9932902,124,48,329,351,70744,48318,0.3655543785310734,0,48318_70744_0,48318_70744
1283,person,0.9949588,128,46,329,342,70892,48318,0.3501412429378531,0,48318_70892_0,48318_70892
1284,person,0.9940252,124,46,326,356,71040,48318,0.3685263653483992,0,48318_71040_0,48318_71040
1285,person,0.93488455,300,43,368,295,71188,48318,0.1008474576271186,0,48318_71188_0,48318_71188
1286,person,0.92658395,96,78,220,337,71188,48318,0.1890065913370998,1,48318_71188_1,48318_71188
1287,person,0.9781804,346,39,426,292,71336,48318,0.1191148775894538,1,48318_71336_1,48318_71336
1288,person,0.9773766,35,74,133,349,71336,48318,0.1586040489642184,2,48318_71336_2,48318_71336
1289,cup,0.7163788000000001,388,264,419,316,71336,48318,0.0094868173258003,0,48318_71336_0,48318_71336
1290,person,0.9822146,345,50,426,292,71484,48318,0.1153601694915254,1,48318_71484_1,48318_71484
1291,person,0.9653044,35,71,128,345,71484,48318,0.1499646892655367,2,48318_71484_2,48318_71484
1292,cup,0.788226,389,266,420,316,71484,48318,0.0091219397363465,0,48318_71484_0,48318_71484
1293,person,0.9919897,142,54,316,353,71632,48318,0.3061793785310735,1,48318_71632_1,48318_71632
1294,person,0.88753104,34,131,178,359,71632,48318,0.1932203389830508,0,48318_71632_0,48318_71632
1295,person,0.9939276,137,52,314,353,71780,48318,0.3135416666666666,1,48318_71780_1,48318_71780
1296,person,0.7629778,40,107,170,360,71780,48318,0.1935616760828625,0,48318_71780_0,48318_71780
1297,person,0.9904421,147,53,324,347,71928,48318,0.30625,1,48318_71928_1,48318_71928
1298,person,0.8548135,42,114,181,360,71928,48318,0.2012358757062146,0,48318_71928_0,48318_71928
1299,person,0.9816072,315,50,409,307,72076,48318,0.1421727871939736,1,48318_72076_1,48318_72076
1300,person,0.96509117,68,69,170,344,72076,48318,0.1650776836158192,2,48318_72076_2,48318_72076
1301,remote,0.5556922,291,297,360,325,72076,48318,0.0113700564971751,0,48318_72076_0,48318_72076
1302,person,0.9988188,311,35,463,360,72224,48318,0.2907250470809793,2,48318_72224_2,48318_72224
1303,person,0.9862018,19,70,159,354,72224,48318,0.2339924670433145,1,48318_72224_1,48318_72224
1304,bowl,0.5967874,198,215,308,282,72224,48318,0.043373352165725,0,48318_72224_0,48318_72224
1305,person,0.9954341,19,85,161,355,72372,48318,0.225635593220339,0,48318_72372_0,48318_72372
1306,person,0.99105024,281,40,454,360,72372,48318,0.3258003766478343,1,48318_72372_1,48318_72372
1307,person,0.9929178,152,64,406,357,72520,48318,0.4379825800376648,1,48318_72520_1,48318_72520
1308,person,0.9659448,3,111,213,352,72520,48318,0.2978460451977401,0,48318_72520_0,48318_72520
1309,person,0.996029,30,90,246,360,72668,48318,0.3432203389830508,0,48318_72668_0,48318_72668
1310,person,0.9899122,287,13,472,346,72668,48318,0.3625529661016949,1,48318_72668_1,48318_72668
1311,person,0.99618286,24,89,241,359,72816,48318,0.3448093220338983,0,48318_72816_0,48318_72816
1312,person,0.97890514,268,0,472,348,72816,48318,0.4177966101694915,1,48318_72816_1,48318_72816
1313,person,0.99069583,309,44,424,353,72964,48318,0.209127824858757,2,48318_72964_2,48318_72964
1314,person,0.97621876,65,107,207,353,72964,48318,0.2055790960451976,1,48318_72964_1,48318_72964
1315,chair,0.5734675,213,259,327,352,72964,48318,0.0623940677966101,0,48318_72964_0,48318_72964
1316,person,0.99204016,299,47,416,359,73112,48318,0.2148305084745762,1,48318_73112_1,48318_73112
1317,person,0.9854187,53,109,193,355,73112,48318,0.202683615819209,0,48318_73112_0,48318_73112
1318,person,0.98853815,55,105,191,353,73260,48318,0.1984934086629002,1,48318_73260_1,48318_73260
1319,person,0.98733425,292,48,415,360,73260,48318,0.2258474576271186,2,48318_73260_2,48318_73260
1320,bowl,0.6627809,201,260,319,341,73260,48318,0.05625,0,48318_73260_0,48318_73260
1321,person,0.99138886,40,122,178,357,73408,48318,0.1908545197740113,0,48318_73408_0,48318_73408
1322,person,0.99041605,296,49,420,359,73408,48318,0.2262241054613936,1,48318_73408_1,48318_73408
1323,person,0.9959708,232,65,428,357,73556,48318,0.3368173258003766,1,48318_73556_1,48318_73556
1324,person,0.9436844,149,102,277,352,73556,48318,0.1883239171374764,0,48318_73556_0,48318_73556
1325,person,0.99113125,95,89,225,358,73704,48318,0.2058027306967985,0,48318_73704_0,48318_73704
1326,person,0.98671883,250,52,372,355,73704,48318,0.2175494350282485,1,48318_73704_1,48318_73704
1327,person,0.99320555,239,13,458,360,73852,48318,0.4472281073446328,1,48318_73852_1,48318_73852
1328,person,0.9904163,32,89,208,360,73852,48318,0.2806967984934087,0,48318_73852_0,48318_73852
1329,person,0.993258,223,12,462,357,74000,48318,0.4852577683615819,1,48318_74000_1,48318_74000
1330,person,0.98807716,30,89,207,360,74000,48318,0.2822916666666666,0,48318_74000_0,48318_74000
1331,person,0.99386674,211,7,462,358,74148,48318,0.5184851694915255,1,48318_74148_1,48318_74148
1332,person,0.9856353,28,87,206,360,74148,48318,0.2859816384180791,0,48318_74148_0,48318_74148
1333,person,0.9926099,216,52,468,353,74296,48318,0.4463983050847457,1,48318_74296_1,48318_74296
1334,person,0.9883278,4,79,233,355,74296,48318,0.3719632768361582,0,48318_74296_0,48318_74296
1335,person,0.99272126,206,15,472,355,74444,48318,0.5322504708097928,1,48318_74444_1,48318_74444
1336,person,0.990622,26,86,201,360,74444,48318,0.2821916195856874,0,48318_74444_0,48318_74444
1337,person,0.9809756,130,69,440,358,74592,48318,0.5272481167608286,2,48318_74592_2,48318_74592
1338,person,0.841829,78,72,243,348,74592,48318,0.2680084745762712,0,48318_74592_0,48318_74592
1339,person,0.7651087,84,65,347,353,74592,48318,0.4457627118644068,1,48318_74592_1,48318_74592
1340,person,0.9933072,189,59,339,355,74740,48318,0.2612994350282486,1,48318_74740_1,48318_74740
1341,person,0.94678557,98,104,220,355,74740,48318,0.1802142184557438,0,48318_74740_0,48318_74740
1342,person,0.9878076,110,100,236,355,74888,48318,0.1890889830508474,0,48318_74888_0,48318_74888
1343,person,0.98511904,201,60,334,352,74888,48318,0.2285546139359699,2,48318_74888_2,48318_74888
1344,person,0.5661440999999999,147,79,269,360,74888,48318,0.2017537664783428,1,48318_74888_1,48318_74888
1345,person,0.9848,110,55,221,356,75036,48318,0.196627824858757,1,48318_75036_1,48318_75036
1346,person,0.6080720000000001,407,300,464,360,75036,48318,0.0201271186440678,0,48318_75036_0,48318_75036
1347,person,0.9976991,203,64,361,359,75184,48318,0.2743055555555556,0,48318_75184_0,48318_75184
1348,person,0.96576524,305,137,348,248,75480,48318,0.0280896892655367,1,48318_75480_1,48318_75480
1349,car,0.9613233,134,182,319,305,75480,48318,0.1339159604519774,3,48318_75480_3,48318_75480
1350,car,0.93353456,0,145,118,278,75480,48318,0.0923611111111111,2,48318_75480_2,48318_75480
1351,person,0.74627733,359,147,392,223,75480,48318,0.0147598870056497,0,48318_75480_0,48318_75480
1352,car,0.9358494,0,135,327,330,75628,48318,0.3752648305084746,4,48318_75628_4,48318_75628
1353,person,0.921959,363,64,461,333,75628,48318,0.1551435969868173,2,48318_75628_2,48318_75628
1354,person,0.84737927,246,97,326,234,75628,48318,0.0645009416195856,0,48318_75628_0,48318_75628
1355,toilet,0.77735746,1,271,172,351,75628,48318,0.0805084745762711,1,48318_75628_1,48318_75628
1356,car,0.57138526,3,140,267,271,75628,48318,0.2035310734463276,3,48318_75628_3,48318_75628
1357,person,0.99425864,344,62,448,341,75776,48318,0.1707627118644067,1,48318_75776_1,48318_75776
1358,person,0.8977956,288,88,357,229,75776,48318,0.0572563559322033,0,48318_75776_0,48318_75776
1359,car,0.70144105,0,137,378,357,75776,48318,0.4894067796610169,2,48318_75776_2,48318_75776
1360,person,0.9951179,241,53,419,358,75924,48318,0.3195032956685499,1,48318_75924_1,48318_75924
1361,person,0.98593485,29,113,236,360,75924,48318,0.3009004237288135,0,48318_75924_0,48318_75924
1362,person,0.9941099,223,55,422,357,76072,48318,0.3536840866290018,1,48318_76072_1,48318_76072
1363,person,0.9886325,26,116,186,359,76072,48318,0.2288135593220339,0,48318_76072_0,48318_76072
1364,person,0.99710554,256,60,434,358,76220,48318,0.3121704331450094,1,48318_76220_1,48318_76220
1365,person,0.9913701,40,116,230,355,76220,48318,0.2672434086629002,0,48318_76220_0,48318_76220
1366,person,0.9962405,258,59,468,357,76368,48318,0.3682909604519774,1,48318_76368_1,48318_76368
1367,person,0.9889408000000002,39,115,243,354,76368,48318,0.2869350282485876,0,48318_76368_0,48318_76368
1368,person,0.988694,293,99,412,356,76516,48318,0.1799846986817326,2,48318_76516_2,48318_76516
1369,person,0.96534926,369,67,469,356,76516,48318,0.1700800376647834,1,48318_76516_1,48318_76516
1370,person,0.67832357,15,160,193,282,76516,48318,0.1278013182674199,0,48318_76516_0,48318_76516
1371,person,0.9956332,279,59,466,360,76664,48318,0.3312558851224105,5,48318_76664_5,48318_76664
1372,person,0.87499607,0,161,66,267,76664,48318,0.0411723163841807,0,48318_76664_0,48318_76664
1373,person,0.63419247,40,176,280,360,76664,48318,0.2598870056497175,3,48318_76664_3,48318_76664
1374,person,0.6173238,50,189,208,288,76664,48318,0.0920550847457627,1,48318_76664_1,48318_76664
1375,car,0.56612635,50,158,309,272,76664,48318,0.1737641242937853,2,48318_76664_2,48318_76664
1376,car,0.53528136,15,162,343,331,76664,48318,0.3262241054613936,4,48318_76664_4,48318_76664
1377,person,0.91067165,4,20,350,358,76812,48318,0.6882532956685499,2,48318_76812_2,48318_76812
1378,person,0.8425824000000001,381,187,472,358,76812,48318,0.0915783898305084,0,48318_76812_0,48318_76812
1379,chair,0.7529912,308,167,449,309,76812,48318,0.1178319209039548,1,48318_76812_1,48318_76812
1380,person,0.95022863,96,7,466,356,76960,48318,0.759945856873823,1,48318_76960_1,48318_76960
1381,person,0.6720474,0,49,159,357,76960,48318,0.2882062146892655,0,48318_76960_0,48318_76960
1382,person,0.94805866,43,0,436,360,77108,48318,0.8326271186440678,0,48318_77108_0,48318_77108
1383,person,0.9897808,354,44,470,355,77256,48318,0.2123116760828625,2,48318_77256_2,48318_77256
1384,person,0.74712604,52,183,235,284,77256,48318,0.1087747175141242,0,48318_77256_0,48318_77256
1385,person,0.7384187,38,181,246,340,77256,48318,0.1946327683615819,1,48318_77256_1,48318_77256
1386,chair,0.960719,194,200,288,315,77404,48318,0.0636181732580037,2,48318_77404_2,48318_77404
1387,person,0.88247633,84,68,168,286,77404,48318,0.1077683615819209,3,48318_77404_3,48318_77404
1388,person,0.6152316999999999,18,216,82,272,77404,48318,0.0210922787193973,0,48318_77404_0,48318_77404
1389,chair,0.59469455,280,162,375,272,77404,48318,0.0614995291902071,1,48318_77404_1,48318_77404
1390,chair,0.8906045,205,205,297,315,77552,48318,0.0595574387947269,1,48318_77552_1,48318_77552
1391,person,0.8056898,29,214,98,278,77552,48318,0.0259887005649717,0,48318_77552_0,48318_77552
1392,person,0.6749109000000001,100,78,174,230,77552,48318,0.0661958568738229,2,48318_77552_2,48318_77552
1393,chair,0.91953784,140,193,244,318,77700,48318,0.0765065913370998,2,48318_77700_2,48318_77700
1394,person,0.89114076,127,65,187,194,77700,48318,0.0455508474576271,0,48318_77700_0,48318_77700
1395,oven,0.6575519000000001,413,154,471,349,77700,48318,0.0665607344632768,1,48318_77700_1,48318_77700
1396,couch,0.58644134,6,264,248,355,77700,48318,0.129602165725047,3,48318_77700_3,48318_77700
1397,person,0.9881734,192,50,382,359,77848,48318,0.3455155367231638,1,48318_77848_1,48318_77848
1398,bottle,0.6061746,86,281,118,352,77848,48318,0.0133709981167608,0,48318_77848_0,48318_77848
1399,person,0.9916203,176,49,348,358,77996,48318,0.3127824858757062,1,48318_77996_1,48318_77996
1400,bottle,0.63633245,84,286,113,349,77996,48318,0.0107521186440677,0,48318_77996_0,48318_77996
1401,person,0.9841129,88,51,217,354,78144,48318,0.2300317796610169,1,48318_78144_1,48318_78144
1402,person,0.9556155,231,203,462,351,78144,48318,0.2012005649717514,0,48318_78144_0,48318_78144
1403,person,0.959412,175,195,425,352,78292,48318,0.230991054613936,2,48318_78292_2,48318_78292
1404,person,0.9474144,96,45,202,328,78292,48318,0.1765419020715631,1,48318_78292_1,48318_78292
1405,potted plant,0.8504267,0,81,101,219,78292,48318,0.082026836158192,0,48318_78292_0,48318_78292
1406,person,0.9575125,20,51,447,357,78440,48318,0.7689618644067797,0,48318_78440_0,48318_78440
1407,person,0.9543124,31,48,422,351,78588,48318,0.6972281073446328,2,48318_78588_2,48318_78588
1408,person,0.8863186,176,36,461,330,78588,48318,0.493114406779661,1,48318_78588_1,48318_78588
1409,person,0.60893846,81,124,393,354,78588,48318,0.422316384180791,0,48318_78588_0,48318_78588
1410,person,0.9502545,6,141,388,356,78736,48318,0.4833451035781544,2,48318_78736_2,48318_78736
1411,person,0.8497184999999999,220,51,450,341,78736,48318,0.3925376647834275,0,48318_78736_0,48318_78736
1412,person,0.61332023,59,68,395,299,78736,48318,0.4567796610169492,1,48318_78736_1,48318_78736
1413,person,0.9721754,0,144,391,357,78884,48318,0.4901306497175141,2,48318_78884_2,48318_78884
1414,person,0.90761983,192,41,461,329,78884,48318,0.4559322033898305,1,48318_78884_1,48318_78884
1415,person,0.63505733,165,40,376,249,78884,48318,0.2595280131826742,0,48318_78884_0,48318_78884
1416,person,0.98524123,163,66,294,350,79032,48318,0.2189500941619585,4,48318_79032_4,48318_79032
1417,person,0.9218271,222,236,461,355,79032,48318,0.1673787664783427,2,48318_79032_2,48318_79032
1418,potted plant,0.7832469,0,132,134,254,79032,48318,0.0962099811676082,1,48318_79032_1,48318_79032
1419,vase,0.73539203,55,207,88,251,79032,48318,0.0085451977401129,0,48318_79032_0,48318_79032
1420,potted plant,0.5017751,8,101,155,310,79032,48318,0.180808615819209,3,48318_79032_3,48318_79032
1421,person,0.9682474,11,0,336,355,79180,48318,0.6789959981167608,0,48318_79180_0,48318_79180
1422,oven,0.59364015,45,49,457,348,79328,48318,0.7249764595103578,1,48318_79328_1,48318_79328
1423,refrigerator,0.53533727,0,86,122,351,79328,48318,0.1902660075329567,0,48318_79328_0,48318_79328
1424,person,0.9965591,0,30,460,359,79476,48318,0.8906544256120528,1,48318_79476_1,48318_79476
1425,vase,0.7669222,56,97,102,161,79476,48318,0.0173258003766478,0,48318_79476_0,48318_79476
1426,person,0.9899013,133,42,356,360,79624,48318,0.4173375706214689,0,48318_79624_0,48318_79624
1427,person,0.9923205,15,46,450,358,79772,48318,0.798728813559322,3,48318_79772_3,48318_79772
1428,vase,0.67416453,93,100,134,170,79772,48318,0.0168903013182674,0,48318_79772_0,48318_79772
1429,potted plant,0.6608391,19,4,171,180,79772,48318,0.1574387947269303,1,48318_79772_1,48318_79772
1430,potted plant,0.58351415,9,2,227,228,79772,48318,0.2899482109227872,2,48318_79772_2,48318_79772
1431,person,0.9949155,46,58,385,353,79920,48318,0.5885416666666666,0,48318_79920_0,48318_79920
1432,car,0.59455615,351,156,443,207,80068,48318,0.0276129943502824,0,48318_80068_0,48318_80068
1433,cup,0.50491387,263,212,296,247,80216,48318,0.0067973163841807,0,48318_80216_0,48318_80216
1434,person,0.666022,125,165,184,266,80364,48318,0.0350694444444444,0,48318_80364_0,48318_80364
1435,person,0.9555204,221,72,313,327,80512,48318,0.1380649717514124,0,48318_80512_0,48318_80512
1436,person,0.9903137,109,61,292,273,80660,48318,0.228319209039548,0,48318_80660_0,48318_80660
1437,person,0.9680721,175,75,308,282,80808,48318,0.1620233050847457,0,48318_80808_0,48318_80808
1438,person,0.99816823,144,63,305,338,80956,48318,0.2605637947269303,0,48318_80956_0,48318_80956
1439,person,0.9957237,136,64,312,343,81104,48318,0.2889830508474576,0,48318_81104_0,48318_81104
1440,person,0.9824436,160,115,297,346,81252,48318,0.1862464689265536,0,48318_81252_0,48318_81252
1441,person,0.5647573,15,12,192,259,81548,48318,0.2572916666666666,0,48318_81548_0,48318_81548
1442,person,0.9921221,46,155,263,357,81696,48318,0.2579684557438795,1,48318_81696_1,48318_81696
1443,person,0.9758487,349,126,471,356,81696,48318,0.1651365348399246,0,48318_81696_0,48318_81696
1444,person,0.9960408000000002,1,110,194,359,81992,48318,0.2828213276836158,0,48318_81992_0,48318_81992
1445,person,0.98350936,199,129,432,355,81992,48318,0.3098987758945386,1,48318_81992_1,48318_81992
1446,handbag,0.6437383000000001,128,0,472,253,82140,48318,0.5121939736346516,1,48318_82140_1,48318_82140
1447,book,0.63241965,67,214,212,326,82140,48318,0.0955743879472693,0,48318_82140_0,48318_82140
1448,person,0.9899412,132,59,424,359,82288,48318,0.5155367231638418,1,48318_82288_1,48318_82288
1449,chair,0.5828438,337,105,470,324,82288,48318,0.1714159604519774,0,48318_82288_0,48318_82288
1450,book,0.85849124,0,70,433,331,82436,48318,0.6650953389830508,0,48318_82436_0,48318_82436
1451,person,0.99295527,172,69,309,353,82584,48318,0.2289783427495292,1,48318_82584_1,48318_82584
1452,person,0.957748,1,91,171,344,82584,48318,0.2531191148775895,2,48318_82584_2,48318_82584
1453,person,0.61545515,348,276,472,335,82584,48318,0.0430555555555555,0,48318_82584_0,48318_82584
1454,person,0.98011786,184,29,306,258,82732,48318,0.164418549905838,2,48318_82732_2,48318_82732
1455,person,0.88238955,290,156,449,332,82732,48318,0.1646892655367231,3,48318_82732_3,48318_82732
1456,person,0.8252347,263,136,360,274,82732,48318,0.0787782485875706,1,48318_82732_1,48318_82732
1457,person,0.6670988,224,156,441,357,82732,48318,0.2566913841807909,5,48318_82732_5,48318_82732
1458,person,0.6578088000000001,89,137,281,340,82732,48318,0.2293785310734464,4,48318_82732_4,48318_82732
1459,person,0.6237302,415,71,465,239,82732,48318,0.0494350282485875,0,48318_82732_0,48318_82732
1460,person,0.93888426,178,30,290,254,82880,48318,0.1476459510357815,3,48318_82880_3,48318_82880
1461,person,0.9317551,203,162,444,359,82880,48318,0.279407956685499,4,48318_82880_4,48318_82880
1462,person,0.7947839,63,124,172,327,82880,48318,0.1302201035781544,2,48318_82880_2,48318_82880
1463,person,0.7896568,273,133,354,250,82880,48318,0.0557733050847457,1,48318_82880_1,48318_82880
1464,clock,0.5601074,283,71,325,120,82880,48318,0.0121115819209039,0,48318_82880_0,48318_82880
1465,person,0.98811114,174,77,396,344,83028,48318,0.3488347457627118,1,48318_83028_1,48318_83028
1466,person,0.93361115,124,96,264,284,83028,48318,0.1548964218455744,0,48318_83028_0,48318_83028
1467,person,0.9932147,157,83,404,347,83176,48318,0.3837570621468927,1,48318_83176_1,48318_83176
1468,person,0.9295498,130,89,269,284,83176,48318,0.1595162429378531,0,48318_83176_0,48318_83176
1469,person,0.6709563000000001,97,40,468,347,83324,48318,0.6702977871939736,0,48318_83324_0,48318_83324
1470,book,0.58641696,33,0,451,352,83472,48318,0.8659133709981167,0,48318_83472_0,48318_83472
1471,person,0.8257749,0,63,314,350,83620,48318,0.530355461393597,0,48318_83620_0,48318_83620
1472,person,0.9474099,208,96,350,287,83768,48318,0.1596162900188324,0,48318_83768_0,48318_83768
1473,book,0.505255,67,6,436,360,83768,48318,0.76875,1,48318_83768_1,48318_83768
1474,person,0.9649428,31,68,190,262,83916,48318,0.1815324858757062,1,48318_83916_1,48318_83916
1475,person,0.8890126,251,143,449,266,83916,48318,0.1433262711864406,0,48318_83916_0,48318_83916
1476,person,0.9289649,101,82,385,280,84064,48318,0.3309322033898305,1,48318_84064_1,48318_84064
1477,person,0.554987,34,87,120,161,84064,48318,0.0374529190207156,0,48318_84064_0,48318_84064
1478,person,0.9345735,156,83,371,282,84212,48318,0.2517949623352166,2,48318_84212_2,48318_84212
1479,person,0.79381204,14,61,124,259,84212,48318,0.1281779661016949,1,48318_84212_1,48318_84212
1480,person,0.75163585,33,77,113,153,84212,48318,0.0357815442561205,0,48318_84212_0,48318_84212
1481,airplane,0.7983534000000001,7,54,460,233,84508,48318,0.4772069209039548,0,48318_84508_0,48318_84508
1482,person,0.98529446,40,46,362,356,84656,48318,0.5874529190207156,0,48318_84656_0,48318_84656
1483,person,0.94425696,201,176,313,352,84804,48318,0.1160075329566855,2,48318_84804_2,48318_84804
1484,person,0.76931095,0,204,93,356,84804,48318,0.0831920903954802,1,48318_84804_1,48318_84804
1485,person,0.75304824,407,176,468,304,84804,48318,0.0459510357815442,0,48318_84804_0,48318_84804
1486,chair,0.6365485,25,153,251,319,85396,48318,0.2207862523540488,0,48318_85396_0,48318_85396
1487,person,0.86751914,222,63,351,353,85692,48318,0.220162429378531,0,48318_85692_0,48318_85692
1488,refrigerator,0.7040564,0,34,207,355,85692,48318,0.3910487288135593,1,48318_85692_1,48318_85692
1489,person,0.97491574,131,65,365,355,85840,48318,0.399364406779661,1,48318_85840_1,48318_85840
1490,refrigerator,0.7162721,0,11,173,358,85840,48318,0.3532897834274953,0,48318_85840_0,48318_85840
1491,person,0.93808013,297,164,370,356,85988,48318,0.0824858757062146,0,48318_85988_0,48318_85988
1492,person,0.9745602,304,155,386,357,86136,48318,0.0974811676082862,0,48318_86136_0,48318_86136
1493,person,0.9925081,262,75,457,357,86284,48318,0.3236228813559322,0,48318_86284_0,48318_86284
1494,person,0.9679675,204,140,286,359,86432,48318,0.1056850282485875,0,48318_86432_0,48318_86432
1495,person,0.9260378,353,156,467,357,86432,48318,0.1348516949152542,2,48318_86432_2,48318_86432
1496,person,0.8241894000000001,55,98,157,348,86432,48318,0.1500706214689265,3,48318_86432_3,48318_86432
1497,person,0.7531701,308,98,399,343,86432,48318,0.1312088041431262,1,48318_86432_1,48318_86432
1498,person,0.97724336,46,151,206,360,86580,48318,0.1967984934086629,6,48318_86580_6,48318_86580
1499,person,0.89366025,181,134,259,299,86580,48318,0.0757415254237288,5,48318_86580_5,48318_86580
1500,person,0.7850022,5,138,73,306,86580,48318,0.0672316384180791,4,48318_86580_4,48318_86580
1501,person,0.7512975000000001,357,101,401,251,86580,48318,0.0388418079096045,2,48318_86580_2,48318_86580
1502,person,0.72542566,385,118,457,270,86580,48318,0.0644067796610169,3,48318_86580_3,48318_86580
1503,bottle,0.6010156999999999,232,289,252,342,86580,48318,0.0062382297551789,0,48318_86580_0,48318_86580
1504,bottle,0.5367012,255,292,281,344,86580,48318,0.0079566854990583,1,48318_86580_1,48318_86580
1505,person,0.9855952,94,166,252,357,86728,48318,0.1776012241054614,3,48318_86728_3,48318_86728
1506,person,0.8551821,311,165,377,320,86728,48318,0.060204802259887,1,48318_86728_1,48318_86728
1507,person,0.790505,390,195,470,351,86728,48318,0.0734463276836158,2,48318_86728_2,48318_86728
1508,person,0.609676,381,172,437,290,86728,48318,0.0388888888888888,0,48318_86728_0,48318_86728
1509,person,0.95226496,164,200,233,357,86876,48318,0.0637535310734463,1,48318_86876_1,48318_86876
1510,person,0.72349054,319,129,348,195,86876,48318,0.0112641242937853,0,48318_86876_0,48318_86876
1511,potted plant,0.96700716,231,180,310,301,87024,48318,0.0562558851224105,2,48318_87024_2,48318_87024
1512,person,0.95286554,12,192,94,353,87024,48318,0.0776953860640301,4,48318_87024_4,48318_87024
1513,person,0.7944023,39,186,110,356,87024,48318,0.0710334274952919,3,48318_87024_3,48318_87024
1514,person,0.69935906,109,166,164,296,87024,48318,0.0420786252354049,1,48318_87024_1,48318_87024
1515,person,0.68661386,389,108,423,171,87024,48318,0.0126059322033898,0,48318_87024_0,48318_87024
1516,person,0.60717773,312,172,421,328,87024,48318,0.1000706214689265,5,48318_87024_5,48318_87024
1517,person,0.9871044,140,86,242,339,87172,48318,0.1518714689265536,2,48318_87172_2,48318_87172
1518,person,0.9865854,360,47,470,358,87172,48318,0.2013300376647834,3,48318_87172_3,48318_87172
1519,person,0.81892306,227,82,289,275,87172,48318,0.0704213747645951,1,48318_87172_1,48318_87172
1520,person,0.5123044,429,70,468,144,87172,48318,0.0169844632768361,0,48318_87172_0,48318_87172
1521,person,0.98735005,296,61,409,356,87320,48318,0.1961805555555555,2,48318_87320_2,48318_87320
1522,person,0.79235053,3,54,44,227,87320,48318,0.0417431732580037,0,48318_87320_0,48318_87320
1523,person,0.7892258000000001,237,78,309,201,87320,48318,0.0521186440677966,1,48318_87320_1,48318_87320
1524,person,0.9754621,5,97,93,360,87468,48318,0.1362052730696798,9,48318_87468_9,48318_87468
1525,person,0.83511615,93,75,186,235,87468,48318,0.0875706214689265,7,48318_87468_7,48318_87468
1526,bottle,0.7633922,331,236,353,294,87468,48318,0.0075094161958568,2,48318_87468_2,48318_87468
1527,bottle,0.7570298000000001,215,209,240,286,87468,48318,0.0113288606403013,4,48318_87468_4,48318_87468
1528,person,0.75462645,219,86,328,245,87468,48318,0.1019950564971751,8,48318_87468_8,48318_87468
1529,bottle,0.7550739000000001,302,239,321,292,87468,48318,0.0059263182674199,1,48318_87468_1,48318_87468
1530,person,0.63627225,115,282,171,355,87468,48318,0.0240583804143126,6,48318_87468_6,48318_87468
1531,bottle,0.58017033,184,225,215,287,87468,48318,0.0113112052730696,3,48318_87468_3,48318_87468
1532,person,0.55907184,74,88,121,165,87468,48318,0.0212982580037664,5,48318_87468_5,48318_87468
1533,bottle,0.52975446,310,241,326,291,87468,48318,0.0047080979284369,0,48318_87468_0,48318_87468
1534,person,0.9603237,8,93,89,327,87616,48318,0.1115466101694915,1,48318_87616_1,48318_87616
1535,person,0.8114161,333,85,470,359,87616,48318,0.2209157250470809,3,48318_87616_3,48318_87616
1536,person,0.7599821,225,83,303,269,87616,48318,0.0853813559322033,0,48318_87616_0,48318_87616
1537,person,0.6758724,161,138,268,338,87616,48318,0.1259416195856874,2,48318_87616_2,48318_87616
1538,person,0.9979778,151,62,292,358,87764,48318,0.2456214689265537,1,48318_87764_1,48318_87764
1539,person,0.9797038,43,70,158,360,87764,48318,0.1962688323917136,0,48318_87764_0,48318_87764
1540,person,0.98382425,160,72,324,353,87912,48318,0.2712099811676083,2,48318_87912_2,48318_87912
1541,person,0.97293174,38,80,151,358,87912,48318,0.1848752354048964,1,48318_87912_1,48318_87912
1542,person,0.6553889,253,172,288,266,87912,48318,0.0193620527306968,0,48318_87912_0,48318_87912
1543,person,0.9941393,171,69,286,353,88060,48318,0.1922080979284369,3,48318_88060_3,48318_88060
1544,person,0.98996747,50,72,145,359,88060,48318,0.1604578625235405,1,48318_88060_1,48318_88060
1545,person,0.9894555,372,77,470,357,88060,48318,0.161487758945386,2,48318_88060_2,48318_88060
1546,person,0.97542214,295,81,387,358,88060,48318,0.1499764595103578,0,48318_88060_0,48318_88060
1547,person,0.9904688,51,78,146,360,88208,48318,0.157662429378531,2,48318_88208_2,48318_88208
1548,person,0.98796207,174,55,258,359,88208,48318,0.1502824858757062,0,48318_88208_0,48318_88208
1549,person,0.9766211,280,82,375,360,88208,48318,0.1554260828625235,1,48318_88208_1,48318_88208
1550,person,0.9765405,362,83,465,359,88208,48318,0.1673022598870056,3,48318_88208_3,48318_88208
1551,person,0.9961695,143,104,262,359,88356,48318,0.1785840395480226,3,48318_88356_3,48318_88356
1552,person,0.9850718,278,113,400,360,88356,48318,0.1773422787193973,2,48318_88356_2,48318_88356
1553,person,0.97992307,54,79,148,356,88356,48318,0.1532368173258003,1,48318_88356_1,48318_88356
1554,person,0.8089375,256,115,316,317,88356,48318,0.0713276836158192,0,48318_88356_0,48318_88356
1555,person,0.9764292,305,105,385,356,88504,48318,0.1181732580037664,1,48318_88504_1,48318_88504
1556,person,0.94396466,181,75,290,357,88504,48318,0.1808968926553672,3,48318_88504_3,48318_88504
1557,person,0.80076426,398,76,465,317,88504,48318,0.0950270715630885,0,48318_88504_0,48318_88504
1558,person,0.52013487,354,89,471,313,88504,48318,0.1542372881355932,2,48318_88504_2,48318_88504
1559,person,0.51466703,252,104,386,353,88504,48318,0.1963629943502824,4,48318_88504_4,48318_88504
1560,person,0.9948925,248,0,470,355,88652,48318,0.4638064971751412,1,48318_88652_1,48318_88652
1561,person,0.9786441,9,110,274,359,88652,48318,0.388329802259887,0,48318_88652_0,48318_88652
1562,person,0.99143374,253,0,469,355,88800,48318,0.4512711864406781,2,48318_88800_2,48318_88800
1563,person,0.97968847,18,110,274,352,88800,48318,0.3645951035781544,1,48318_88800_1,48318_88800
1564,person,0.5955557,154,87,238,234,88800,48318,0.0726694915254237,0,48318_88800_0,48318_88800
1565,person,0.9896091,178,17,411,360,88948,48318,0.4703330979284369,2,48318_88948_2,48318_88948
1566,person,0.86037576,125,77,217,347,88948,48318,0.1461864406779661,1,48318_88948_1,48318_88948
1567,person,0.55464745,424,119,472,241,88948,48318,0.0344632768361581,0,48318_88948_0,48318_88948
1568,person,0.9939346,59,48,401,353,89096,48318,0.6138771186440678,3,48318_89096_3,48318_89096
1569,person,0.901084,28,122,146,350,89096,48318,0.1583333333333333,2,48318_89096_2,48318_89096
1570,person,0.78088135,120,101,190,252,89096,48318,0.0622057438794726,0,48318_89096_0,48318_89096
1571,person,0.5968536,139,101,229,247,89096,48318,0.0773305084745762,1,48318_89096_1,48318_89096
1572,person,0.9675859,315,77,472,360,89244,48318,0.2614818738229755,4,48318_89244_4,48318_89244
1573,person,0.967198,205,22,323,357,89244,48318,0.2326388888888889,3,48318_89244_3,48318_89244
1574,person,0.9553789,9,110,157,351,89244,48318,0.2099105461393597,2,48318_89244_2,48318_89244
1575,person,0.93915397,128,80,230,353,89244,48318,0.1638771186440678,1,48318_89244_1,48318_89244
1576,person,0.54617816,89,100,155,199,89244,48318,0.0384533898305084,0,48318_89244_0,48318_89244
1577,person,0.9911781,277,58,423,351,89392,48318,0.2517537664783427,4,48318_89392_4,48318_89392
1578,person,0.94947666,166,123,299,356,89392,48318,0.1823740583804143,3,48318_89392_3,48318_89392
1579,person,0.9231218,66,75,143,355,89392,48318,0.1268832391713747,2,48318_89392_2,48318_89392
1580,person,0.7050509,125,178,184,331,89392,48318,0.053125,0,48318_89392_0,48318_89392
1581,person,0.66207856,0,94,71,355,89392,48318,0.1090572033898305,1,48318_89392_1,48318_89392
1582,person,0.9964043,293,30,452,352,89540,48318,0.3013064971751412,7,48318_89540_7,48318_89540
1583,person,0.9126565,5,114,74,322,89540,48318,0.0844632768361581,4,48318_89540_4,48318_89540
1584,person,0.8894555000000001,226,121,336,351,89540,48318,0.1488935969868173,6,48318_89540_6,48318_89540
1585,person,0.8199473,59,151,159,351,89540,48318,0.1177024482109227,5,48318_89540_5,48318_89540
1586,person,0.70439523,248,130,332,276,89540,48318,0.0721751412429378,3,48318_89540_3,48318_89540
1587,person,0.5644127,97,120,155,255,89540,48318,0.0460805084745762,1,48318_89540_1,48318_89540
1588,person,0.54597247,64,141,148,273,89540,48318,0.0652542372881355,2,48318_89540_2,48318_89540
1589,person,0.50180984,261,131,324,230,89540,48318,0.0367055084745762,0,48318_89540_0,48318_89540
1590,person,0.98370427,264,40,467,356,89688,48318,0.3775188323917137,6,48318_89688_6,48318_89688
1591,person,0.9570351,119,124,242,350,89688,48318,0.1635946327683616,4,48318_89688_4,48318_89688
1592,person,0.90663993,95,117,148,347,89688,48318,0.0717396421845574,1,48318_89688_1,48318_89688
1593,person,0.89897335,0,112,78,335,89688,48318,0.1023658192090395,3,48318_89688_3,48318_89688
1594,person,0.81091154,58,121,110,342,89688,48318,0.0676318267419962,0,48318_89688_0,48318_89688
1595,person,0.8019731,218,133,323,292,89688,48318,0.0982521186440678,2,48318_89688_2,48318_89688
1596,person,0.5457883000000001,209,134,339,354,89688,48318,0.1683145009416196,5,48318_89688_5,48318_89688
1597,person,0.99653685,324,40,455,358,89836,48318,0.2451624293785311,5,48318_89836_5,48318_89836
1598,person,0.95908934,208,126,331,348,89836,48318,0.1606991525423728,4,48318_89836_4,48318_89836
1599,person,0.92001325,111,122,225,346,89836,48318,0.1502824858757062,3,48318_89836_3,48318_89836
1600,person,0.8810766999999999,50,117,113,342,89836,48318,0.0834216101694915,2,48318_89836_2,48318_89836
1601,person,0.7647421,4,117,70,326,89836,48318,0.0811793785310734,1,48318_89836_1,48318_89836
1602,person,0.7221571999999999,94,116,151,332,89836,48318,0.072457627118644,0,48318_89836_0,48318_89836
1603,person,0.99593425,332,45,458,360,89984,48318,0.2335805084745762,6,48318_89984_6,48318_89984
1604,person,0.96881515,207,127,337,349,89984,48318,0.1698446327683616,5,48318_89984_5,48318_89984
1605,person,0.93325883,105,119,228,351,89984,48318,0.1679378531073446,4,48318_89984_4,48318_89984
1606,person,0.7978008000000001,2,116,76,333,89984,48318,0.0945032956685499,2,48318_89984_2,48318_89984
1607,person,0.7294447,54,117,118,340,89984,48318,0.0839924670433145,1,48318_89984_1,48318_89984
1608,person,0.58571166,22,117,101,343,89984,48318,0.1050729755178907,3,48318_89984_3,48318_89984
1609,person,0.5024401,70,118,137,331,89984,48318,0.0839865819209039,0,48318_89984_0,48318_89984
1610,person,0.99748296,259,55,432,352,90132,48318,0.3023834745762712,5,48318_90132_5,48318_90132
1611,person,0.9493905,116,125,286,348,90132,48318,0.223104990583804,4,48318_90132_4,48318_90132
1612,person,0.8960686,63,111,134,339,90132,48318,0.0952683615819209,3,48318_90132_3,48318_90132
1613,person,0.8392341999999998,109,114,199,291,90132,48318,0.09375,2,48318_90132_2,48318_90132
1614,person,0.7845982,8,139,62,322,90132,48318,0.0581567796610169,1,48318_90132_1,48318_90132
1615,person,0.6333816999999999,413,132,451,255,90132,48318,0.0275070621468926,0,48318_90132_0,48318_90132
1616,person,0.6007039000000001,11,102,75,211,90280,48318,0.0410546139359698,0,48318_90280_0,48318_90280
1617,person,0.9921686,250,26,428,360,90428,48318,0.3498822975517891,3,48318_90428_3,48318_90428
1618,person,0.98313797,61,153,224,360,90428,48318,0.1985699152542372,2,48318_90428_2,48318_90428
1619,person,0.8269620999999999,193,163,269,358,90428,48318,0.0872175141242937,1,48318_90428_1,48318_90428
1620,traffic light,0.7858748000000001,144,17,189,105,90428,48318,0.0233050847457627,0,48318_90428_0,48318_90428
1621,person,0.99221706,297,73,363,289,90576,48318,0.0838983050847457,5,48318_90576_5,48318_90576
1622,person,0.9568563,107,44,173,225,90576,48318,0.0703036723163841,3,48318_90576_3,48318_90576
1623,person,0.9436644,236,102,313,286,90576,48318,0.0833804143126177,4,48318_90576_4,48318_90576
1624,person,0.93031186,381,0,437,90,90576,48318,0.0296610169491525,0,48318_90576_0,48318_90576
1625,person,0.7743896,3,10,138,353,90576,48318,0.272510593220339,6,48318_90576_6,48318_90576
1626,person,0.70813495,172,69,252,199,90576,48318,0.0612052730696798,2,48318_90576_2,48318_90576
1627,person,0.6643931,392,117,466,213,90576,48318,0.0418079096045197,1,48318_90576_1,48318_90576
1628,person,0.99520653,251,29,430,360,90724,48318,0.3486876177024482,3,48318_90724_3,48318_90724
1629,person,0.9763312,70,145,233,354,90724,48318,0.2004884651600752,2,48318_90724_2,48318_90724
1630,traffic light,0.73236704,149,19,197,105,90724,48318,0.0242937853107344,0,48318_90724_0,48318_90724
1631,person,0.66027254,185,163,268,348,90724,48318,0.0903660546139359,1,48318_90724_1,48318_90724
1632,person,0.99330854,265,35,439,358,90872,48318,0.3307556497175141,3,48318_90872_3,48318_90872
1633,person,0.9814026,197,155,281,357,90872,48318,0.0998587570621468,2,48318_90872_2,48318_90872
1634,person,0.9131735,150,180,204,351,90872,48318,0.054343220338983,1,48318_90872_1,48318_90872
1635,traffic light,0.53531945,154,19,197,105,90872,48318,0.0217631826741996,0,48318_90872_0,48318_90872
1636,person,0.9924442,107,40,244,358,91020,48318,0.2563912429378531,0,48318_91020_0,48318_91020
1637,person,0.99203706,236,60,395,358,91020,48318,0.2788488700564972,1,48318_91020_1,48318_91020
1638,person,0.99221545,234,88,464,359,91168,48318,0.3668196798493409,2,48318_91168_2,48318_91168
1639,person,0.9862375,7,28,241,355,91168,48318,0.4503177966101695,3,48318_91168_3,48318_91168
1640,potted plant,0.58472145,390,49,471,173,91168,48318,0.0591101694915254,0,48318_91168_0,48318_91168
1641,potted plant,0.55121404,178,101,281,255,91168,48318,0.0933498116760828,1,48318_91168_1,48318_91168
1642,person,0.99055415,3,41,243,354,91316,48318,0.442090395480226,1,48318_91316_1,48318_91316
1643,person,0.98719376,232,90,471,360,91316,48318,0.3797669491525424,0,48318_91316_0,48318_91316
1644,person,0.9930161,9,45,255,354,91464,48318,0.4473516949152542,1,48318_91464_1,48318_91464
1645,person,0.9770319,193,71,471,353,91464,48318,0.4613700564971752,2,48318_91464_2,48318_91464
1646,potted plant,0.5244658,375,0,466,172,91464,48318,0.0921139359698681,0,48318_91464_0,48318_91464
1647,person,0.9922233,11,34,246,355,91612,48318,0.4439442090395479,0,48318_91612_0,48318_91612
1648,person,0.97328734,202,69,466,358,91612,48318,0.4490112994350282,1,48318_91612_1,48318_91612
1649,person,0.986094,26,110,143,360,91760,48318,0.1721398305084746,0,48318_91760_0,48318_91760
1650,person,0.9148494,198,86,336,350,91760,48318,0.2144067796610169,1,48318_91760_1,48318_91760
1651,person,0.98481315,294,96,443,357,91908,48318,0.2288665254237288,2,48318_91908_2,48318_91908
1652,person,0.9515572,4,103,145,355,91908,48318,0.2091101694915254,1,48318_91908_1,48318_91908
1653,dining table,0.6028885,73,249,316,332,91908,48318,0.118697033898305,0,48318_91908_0,48318_91908
1654,person,0.98215944,279,91,451,355,92056,48318,0.2672316384180791,2,48318_92056_2,48318_92056
1655,person,0.964016,20,100,159,357,92056,48318,0.2102342278719397,1,48318_92056_1,48318_92056
1656,dining table,0.6909009,92,234,343,348,92056,48318,0.1683968926553672,0,48318_92056_0,48318_92056
1657,person,0.96793514,289,88,449,348,92204,48318,0.2448210922787194,2,48318_92204_2,48318_92204
1658,person,0.9580553,25,98,159,357,92204,48318,0.2042490583804143,1,48318_92204_1,48318_92204
1659,dining table,0.6469659999999999,104,231,343,351,92204,48318,0.1687853107344633,0,48318_92204_0,48318_92204
1660,person,0.9944167,257,87,464,350,92352,48318,0.3203919491525424,2,48318_92352_2,48318_92352
1661,person,0.98304117,29,93,165,355,92352,48318,0.20969868173258,1,48318_92352_1,48318_92352
1662,dining table,0.76530254,117,229,320,352,92352,48318,0.1469456214689265,0,48318_92352_0,48318_92352
1663,person,0.99157435,257,87,461,352,92500,48318,0.3181497175141243,2,48318_92500_2,48318_92500
1664,person,0.9832402,36,87,196,360,92500,48318,0.2570621468926554,1,48318_92500_1,48318_92500
1665,dining table,0.6319932,121,224,350,355,92500,48318,0.1765477871939736,0,48318_92500_0,48318_92500
1666,person,0.9951539,63,45,275,346,92648,48318,0.3755414312617703,1,48318_92648_1,48318_92648
1667,person,0.96079135,332,41,472,351,92648,48318,0.2554143126177024,0,48318_92648_0,48318_92648
1668,person,0.99108434,53,49,295,346,92796,48318,0.4229872881355932,1,48318_92796_1,48318_92796
1669,person,0.98090506,286,36,470,354,92796,48318,0.3443502824858757,0,48318_92796_0,48318_92796
1670,person,0.993038,212,38,468,357,92944,48318,0.4806026365348399,1,48318_92944_1,48318_92944
1671,person,0.97301686,1,68,193,349,92944,48318,0.3175141242937853,0,48318_92944_0,48318_92944
1672,person,0.9934587,41,38,244,328,93092,48318,0.3464571563088512,1,48318_93092_1,48318_93092
1673,person,0.98688614,290,31,468,356,93092,48318,0.3404543314500942,0,48318_93092_0,48318_93092
1674,person,0.9960349,31,57,239,360,93240,48318,0.3709039548022599,3,48318_93240_3,48318_93240
1675,person,0.9868318,270,72,444,257,93240,48318,0.1894420903954802,2,48318_93240_2,48318_93240
1676,dining table,0.76935244,195,241,448,353,93240,48318,0.1667608286252354,1,48318_93240_1,48318_93240
1677,remote,0.5328339,335,258,399,282,93240,48318,0.0090395480225988,0,48318_93240_0,48318_93240
1678,person,0.99567896,3,26,203,358,93388,48318,0.3907721280602637,4,48318_93388_4,48318_93388
1679,person,0.9857171999999998,278,170,444,356,93388,48318,0.1817090395480226,3,48318_93388_3,48318_93388
1680,tie,0.6377706999999999,103,132,127,187,93388,48318,0.0077683615819209,1,48318_93388_1,48318_93388
1681,tie,0.52455133,100,134,121,166,93388,48318,0.003954802259887,0,48318_93388_0,48318_93388
1682,person,0.5164238,270,220,308,328,93388,48318,0.0241525423728813,2,48318_93388_2,48318_93388
1683,person,0.9895097,281,23,441,358,93536,48318,0.3154425612052731,1,48318_93536_1,48318_93536
1684,person,0.9759847,22,90,190,359,93536,48318,0.2659604519774011,0,48318_93536_0,48318_93536
1685,person,0.98486125,256,43,396,352,93684,48318,0.254590395480226,3,48318_93684_3,48318_93684
1686,person,0.97100013,0,83,146,360,93684,48318,0.2380061205273069,2,48318_93684_2,48318_93684
1687,person,0.9581512,104,34,297,345,93684,48318,0.3532427024482109,4,48318_93684_4,48318_93684
1688,person,0.7385849,378,107,472,278,93684,48318,0.0945974576271186,1,48318_93684_1,48318_93684
1689,tie,0.55836564,304,126,326,178,93684,48318,0.0067325800376647,0,48318_93684_0,48318_93684
1690,person,0.82137585,233,12,283,144,93832,48318,0.0388418079096045,1,48318_93832_1,48318_93832
1691,person,0.7948019000000001,35,26,120,224,93832,48318,0.0990466101694915,3,48318_93832_3,48318_93832
1692,person,0.72289664,260,67,332,287,93832,48318,0.0932203389830508,2,48318_93832_2,48318_93832
1693,person,0.71811116,272,79,376,305,93832,48318,0.1383239171374764,4,48318_93832_4,48318_93832
1694,person,0.57705283,134,0,170,158,93832,48318,0.0334745762711864,0,48318_93832_0,48318_93832
1695,person,0.52103746,0,0,472,235,93832,48318,0.6527777777777778,5,48318_93832_5,48318_93832
1696,person,0.98551327,67,25,158,309,93980,48318,0.1520951035781544,4,48318_93980_4,48318_93980
1697,person,0.97715217,14,80,100,351,93980,48318,0.1371586629001883,2,48318_93980_2,48318_93980
1698,person,0.96270967,151,26,246,280,93980,48318,0.1420080037664783,3,48318_93980_3,48318_93980
1699,person,0.9119649,334,71,441,317,93980,48318,0.1549081920903954,5,48318_93980_5,48318_93980
1700,person,0.88460433,294,60,381,284,93980,48318,0.1146892655367231,1,48318_93980_1,48318_93980
1701,person,0.6365029999999999,346,0,390,107,93980,48318,0.0277071563088512,0,48318_93980_0,48318_93980
1702,person,0.99578094,209,33,470,359,94128,48318,0.5007415254237289,1,48318_94128_1,48318_94128
1703,person,0.98195165,2,81,165,353,94128,48318,0.2609227871939737,0,48318_94128_0,48318_94128
1704,person,0.9900816,25,126,241,355,94276,48318,0.2911016949152542,0,48318_94276_0,48318_94276
1705,person,0.9734684,246,36,472,354,94276,48318,0.4229519774011299,1,48318_94276_1,48318_94276
1706,person,0.99189234,22,128,242,354,94424,48318,0.292608286252354,0,48318_94424_0,48318_94424
1707,person,0.97953826,250,35,466,353,94424,48318,0.4042372881355932,1,48318_94424_1,48318_94424
1708,person,0.99031806,23,130,238,354,94572,48318,0.2834274952919021,0,48318_94572_0,48318_94572
1709,person,0.98309994,248,35,467,356,94572,48318,0.413718220338983,1,48318_94572_1,48318_94572
1710,person,0.9879457,27,29,297,356,94720,48318,0.5195974576271186,5,48318_94720_5,48318_94720
1711,person,0.97239244,281,72,470,348,94720,48318,0.3069915254237288,4,48318_94720_4,48318_94720
1712,person,0.80009675,24,21,88,155,94720,48318,0.0504708097928436,1,48318_94720_1,48318_94720
1713,person,0.70989686,22,26,81,277,94720,48318,0.0871527777777777,3,48318_94720_3,48318_94720
1714,tie,0.6830921999999999,159,155,194,308,94720,48318,0.0315148305084745,0,48318_94720_0,48318_94720
1715,tie,0.5762255999999999,145,146,214,316,94720,48318,0.0690324858757062,2,48318_94720_2,48318_94720
1716,person,0.99212897,21,33,246,350,94868,48318,0.4197563559322034,5,48318_94868_5,48318_94868
1717,person,0.9777753,287,82,472,353,94868,48318,0.2950506120527307,4,48318_94868_4,48318_94868
1718,person,0.7084957,315,41,370,206,94868,48318,0.0534074858757062,2,48318_94868_2,48318_94868
1719,person,0.69938475,271,58,323,236,94868,48318,0.054472693032015,3,48318_94868_3,48318_94868
1720,person,0.5636241999999999,27,29,74,151,94868,48318,0.0337452919020715,1,48318_94868_1,48318_94868
1721,person,0.55547404,374,44,425,86,94868,48318,0.0126059322033898,0,48318_94868_0,48318_94868
1722,person,0.9968209,223,44,410,360,95016,48318,0.3477636534839925,1,48318_95016_1,48318_95016
1723,person,0.90035844,49,127,195,345,95016,48318,0.1873116760828625,0,48318_95016_0,48318_95016
1724,person,0.99513286,211,31,372,360,95164,48318,0.3117290489642184,1,48318_95164_1,48318_95164
1725,person,0.94506663,43,119,198,359,95164,48318,0.2189265536723164,0,48318_95164_0,48318_95164
1726,person,0.99646723,222,31,363,360,95312,48318,0.2730049435028248,1,48318_95312_1,48318_95312
1727,person,0.9730505,16,123,195,352,95312,48318,0.2412370527306968,0,48318_95312_0,48318_95312
1728,person,0.99498945,213,34,360,358,95460,48318,0.2802966101694915,1,48318_95460_1,48318_95460
1729,person,0.95252556,58,122,193,360,95460,48318,0.1890889830508474,0,48318_95460_0,48318_95460
1730,person,0.9801645,65,96,253,354,95608,48318,0.2854519774011299,1,48318_95608_1,48318_95608
1731,person,0.70852625,388,49,471,353,95608,48318,0.1484934086629002,0,48318_95608_0,48318_95608
1732,person,0.98040956,154,45,386,352,95756,48318,0.4191619585687382,0,48318_95756_0,48318_95756
1733,person,0.87742037,260,93,292,136,95904,48318,0.0080979284369114,0,48318_95904_0,48318_95904
1734,person,0.60186696,154,63,227,255,96052,48318,0.0824858757062146,0,48318_96052_0,48318_96052
1735,person,0.9911718,275,86,410,360,96200,48318,0.2176906779661017,0,48318_96200_0,48318_96200
1736,refrigerator,0.71346766,81,0,411,358,96200,48318,0.695268361581921,1,48318_96200_1,48318_96200
1737,person,0.99736196,279,32,467,356,96348,48318,0.3584745762711864,2,48318_96348_2,48318_96348
1738,person,0.99142987,141,88,271,353,96348,48318,0.2027424670433145,0,48318_96348_0,48318_96348
1739,refrigerator,0.61160004,1,7,163,356,96348,48318,0.3327330508474576,1,48318_96348_1,48318_96348
1740,person,0.9948021,309,27,467,360,96496,48318,0.3096398305084746,1,48318_96496_1,48318_96496
1741,person,0.9902417,3,93,142,350,96496,48318,0.2102342278719397,0,48318_96496_0,48318_96496
1742,person,0.98511237,148,65,370,356,96644,48318,0.3801906779661017,1,48318_96644_1,48318_96644
1743,potted plant,0.916628,320,70,472,346,96644,48318,0.2468926553672316,0,48318_96644_0,48318_96644
1744,person,0.9635022,145,56,295,354,96792,48318,0.2630649717514124,1,48318_96792_1,48318_96792
1745,potted plant,0.9401418,326,78,468,352,96792,48318,0.2289783427495292,0,48318_96792_0,48318_96792
1746,person,0.9258211,207,40,360,345,96792,48318,0.2746292372881356,2,48318_96792_2,48318_96792
1747,person,0.9600889,202,33,355,350,96940,48318,0.2854343220338983,2,48318_96940_2,48318_96940
1748,potted plant,0.95574963,323,73,469,346,96940,48318,0.2345692090395481,0,48318_96940_0,48318_96940
1749,person,0.9104969,151,60,296,354,96940,48318,0.2508827683615819,1,48318_96940_1,48318_96940
1750,person,0.9744408,166,62,347,356,97088,48318,0.3131709039548022,3,48318_97088_3,48318_97088
1751,potted plant,0.91132224,325,69,461,345,97088,48318,0.2209039548022598,2,48318_97088_2,48318_97088
1752,refrigerator,0.8168314999999999,0,0,167,360,97088,48318,0.3538135593220339,4,48318_97088_4,48318_97088
1753,person,0.6164784000000001,187,51,339,257,97088,48318,0.1842749529190207,1,48318_97088_1,48318_97088
1754,vase,0.5380963000000001,365,189,425,360,97088,48318,0.0603813559322033,0,48318_97088_0,48318_97088
1755,person,0.963831,160,47,323,359,97236,48318,0.2992937853107345,3,48318_97236_3,48318_97236
1756,person,0.910691,208,34,355,335,97236,48318,0.260399011299435,2,48318_97236_2,48318_97236
1757,potted plant,0.8727735000000001,324,76,469,345,97236,48318,0.2295491996233521,1,48318_97236_1,48318_97236
1758,person,0.7144116,140,94,292,347,97236,48318,0.2263182674199624,0,48318_97236_0,48318_97236
1759,person,0.98144263,180,0,466,350,97384,48318,0.5891007532956686,1,48318_97384_1,48318_97384
1760,person,0.97567546,11,91,216,352,97384,48318,0.3148834745762712,0,48318_97384_0,48318_97384
1761,person,0.99394494,159,11,456,360,97532,48318,0.610010593220339,1,48318_97532_1,48318_97532
1762,person,0.9345144,17,99,234,357,97532,48318,0.3294844632768361,0,48318_97532_0,48318_97532
1763,person,0.9821508,116,13,457,351,97680,48318,0.6783074387947269,1,48318_97680_1,48318_97680
1764,person,0.6663173000000001,50,24,291,354,97680,48318,0.4680437853107345,0,48318_97680_0,48318_97680
1765,person,0.9889304,170,76,262,272,97828,48318,0.1061205273069679,1,48318_97828_1,48318_97828
1766,potted plant,0.7383307,59,55,133,243,97828,48318,0.0818738229755178,0,48318_97828_0,48318_97828
1767,person,0.9860913,124,44,186,309,98124,48318,0.096692561205273,0,48318_98124_0,48318_98124
1768,person,0.9607921,301,71,357,254,98272,48318,0.0603107344632768,1,48318_98272_1,48318_98272
1769,chair,0.50731295,173,156,236,242,98272,48318,0.0318855932203389,0,48318_98272_0,48318_98272
1770,person,0.98579675,298,52,369,274,98420,48318,0.0927612994350282,1,48318_98420_1,48318_98420
1771,chair,0.7888423999999999,167,156,293,255,98420,48318,0.0734110169491525,0,48318_98420_0,48318_98420
1772,person,0.992492,284,39,359,301,98568,48318,0.1156426553672316,1,48318_98568_1,48318_98568
1773,chair,0.6457537,163,145,286,251,98568,48318,0.0767302259887005,0,48318_98568_0,48318_98568
1774,person,0.9987703,251,47,354,328,98716,48318,0.1703330979284369,3,48318_98716_3,48318_98716
1775,chair,0.6721989,156,162,222,250,98716,48318,0.0341807909604519,0,48318_98716_0,48318_98716
1776,chair,0.6560661,151,156,279,262,98716,48318,0.07984934086629,1,48318_98716_1,48318_98716
1777,chair,0.5524460999999999,337,230,468,357,98716,48318,0.0979107815442561,2,48318_98716_2,48318_98716
1778,person,0.9964239,176,31,393,359,98864,48318,0.4188794726930321,0,48318_98864_0,48318_98864
1779,person,0.99068123,239,60,365,357,99012,48318,0.2202330508474576,1,48318_99012_1,48318_99012
1780,person,0.6014248000000001,355,124,422,359,99012,48318,0.0926612523540489,0,48318_99012_0,48318_99012
1781,person,0.99078184,158,58,317,353,99160,48318,0.2760416666666667,0,48318_99160_0,48318_99160
1782,person,0.99510986,150,44,324,355,99308,48318,0.3184675141242938,1,48318_99308_1,48318_99308
1783,person,0.9162114,131,90,219,348,99308,48318,0.1336158192090395,0,48318_99308_0,48318_99308
1784,person,0.99679106,158,93,321,355,99456,48318,0.2513300376647834,0,48318_99456_0,48318_99456
1785,person,0.99664897,174,38,352,360,99604,48318,0.3373116760828625,2,48318_99604_2,48318_99604
1786,person,0.93280375,130,96,225,358,99604,48318,0.1464806967984934,0,48318_99604_0,48318_99604
1787,person,0.51309514,147,54,300,355,99604,48318,0.2710275423728813,1,48318_99604_1,48318_99604
1788,person,0.97479534,241,26,451,355,99752,48318,0.4066031073446328,1,48318_99752_1,48318_99752
1789,person,0.9293647,141,38,437,338,99752,48318,0.5225988700564972,2,48318_99752_2,48318_99752
1790,person,0.7779355,123,110,335,338,99752,48318,0.2844632768361582,0,48318_99752_0,48318_99752
1791,person,0.9939037,136,13,461,350,99900,48318,0.6445680320150661,1,48318_99900_1,48318_99900
1792,person,0.9360708,34,88,212,352,99900,48318,0.2765536723163841,0,48318_99900_0,48318_99900
1793,person,0.9930369,128,10,446,350,100048,48318,0.6362994350282486,1,48318_100048_1,48318_100048
1794,person,0.9608778,26,88,206,354,100048,48318,0.2817796610169492,0,48318_100048_0,48318_100048
1795,person,0.97391045,160,30,269,349,100196,48318,0.2046315913370998,2,48318_100196_2,48318_100196
1796,person,0.9531419,295,89,451,337,100196,48318,0.227683615819209,3,48318_100196_3,48318_100196
1797,chair,0.7219548000000001,30,253,146,356,100196,48318,0.0703154425612052,0,48318_100196_0,48318_100196
1798,person,0.5644138000000001,298,88,400,299,100196,48318,0.126659604519774,1,48318_100196_1,48318_100196
1799,person,0.9883485,140,96,328,345,100344,48318,0.2754943502824859,2,48318_100344_2,48318_100344
1800,person,0.756046,140,52,259,204,100344,48318,0.1064500941619585,1,48318_100344_1,48318_100344
1801,chair,0.53848517,19,253,156,351,100344,48318,0.0790136534839924,0,48318_100344_0,48318_100344
1802,person,0.9689414,127,79,266,349,100492,48318,0.2208686440677966,0,48318_100492_0,48318_100492
1803,person,0.9684299,192,65,366,348,100492,48318,0.289795197740113,1,48318_100492_1,48318_100492
1804,person,0.99163365,76,71,409,351,100640,48318,0.548728813559322,1,48318_100640_1,48318_100640
1805,person,0.9628639,180,87,399,342,100640,48318,0.3286546610169492,0,48318_100640_0,48318_100640
1806,person,0.99507785,29,71,356,353,100788,48318,0.5426906779661017,1,48318_100788_1,48318_100788
1807,person,0.9577495,241,56,410,341,100788,48318,0.2834569209039548,0,48318_100788_0,48318_100788
1808,person,0.9933844,53,64,286,359,100936,48318,0.4045138888888889,1,48318_100936_1,48318_100936
1809,person,0.94543594,266,46,469,359,100936,48318,0.3739347928436911,0,48318_100936_0,48318_100936
1810,person,0.995654,10,63,267,354,101084,48318,0.4401306497175141,1,48318_101084_1,48318_101084
1811,person,0.95374525,252,34,469,360,101084,48318,0.416325329566855,0,48318_101084_0,48318_101084
1812,person,0.9967644,11,31,303,356,101232,48318,0.5584981167608286,0,48318_101232_0,48318_101232
1813,person,0.9869849,262,43,384,360,101380,48318,0.2276012241054613,0,48318_101380_0,48318_101380
1814,person,0.98247015,120,86,281,355,101380,48318,0.2548787664783427,1,48318_101380_1,48318_101380
1815,person,0.9954378,212,43,392,352,101528,48318,0.3273305084745763,1,48318_101528_1,48318_101528
1816,person,0.9724097,125,92,261,353,101528,48318,0.2088983050847456,0,48318_101528_0,48318_101528
1817,person,0.97891015,251,43,376,353,101676,48318,0.2280484934086629,0,48318_101676_0,48318_101676
1818,person,0.964744,162,90,322,353,101676,48318,0.2476459510357815,1,48318_101676_1,48318_101676
1819,person,0.9867551,256,0,472,360,101824,48318,0.4576271186440678,1,48318_101824_1,48318_101824
1820,person,0.98422873,97,90,278,346,101824,48318,0.2726930320150659,0,48318_101824_0,48318_101824
1821,person,0.99312496,95,2,468,352,101972,48318,0.7683027306967984,1,48318_101972_1,48318_101972
1822,person,0.61146396,80,84,354,350,101972,48318,0.4289312617702448,0,48318_101972_0,48318_101972
1823,person,0.997282,101,5,462,349,102120,48318,0.7308380414312617,1,48318_102120_1,48318_102120
1824,person,0.5798321,77,88,336,351,102120,48318,0.4008768832391713,0,48318_102120_0,48318_102120
1825,person,0.9947029,135,37,382,358,102268,48318,0.4666137005649718,1,48318_102268_1,48318_102268
1826,person,0.9866693,7,99,181,351,102268,48318,0.2580508474576271,0,48318_102268_0,48318_102268
1827,person,0.9894991,126,11,463,352,102416,48318,0.6763006120527307,1,48318_102416_1,48318_102416
1828,person,0.80288905,85,84,286,349,102416,48318,0.3134710451977401,0,48318_102416_0,48318_102416
1829,person,0.9907919,109,2,463,352,102564,48318,0.7291666666666666,0,48318_102564_0,48318_102564
1830,person,0.9923764000000002,157,33,401,355,102712,48318,0.462382297551789,1,48318_102712_1,48318_102712
1831,person,0.9666213,4,100,174,352,102712,48318,0.2521186440677966,0,48318_102712_0,48318_102712
1832,person,0.9840704,259,3,471,356,102860,48318,0.4404190207156309,1,48318_102860_1,48318_102860
1833,person,0.97109914,93,82,302,350,102860,48318,0.3296374764595104,0,48318_102860_0,48318_102860
1834,person,0.9869385,255,2,469,348,103008,48318,0.4357580037664783,1,48318_103008_1,48318_103008
1835,person,0.96528316,82,80,286,354,103008,48318,0.328954802259887,0,48318_103008_0,48318_103008
1836,person,0.9915884,283,68,401,355,103156,48318,0.1993055555555556,0,48318_103156_0,48318_103156
1837,person,0.9882228,156,105,307,354,103156,48318,0.2212747175141242,1,48318_103156_1,48318_103156
1838,refrigerator,0.59395033,0,10,139,346,103156,48318,0.2748587570621469,2,48318_103156_2,48318_103156
1839,person,0.99110293,182,43,404,356,103304,48318,0.408933615819209,1,48318_103304_1,48318_103304
1840,person,0.9463108,47,104,282,360,103304,48318,0.3540489642184557,0,48318_103304_0,48318_103304
1841,person,0.9918806999999998,100,3,468,352,103452,48318,0.7558380414312618,1,48318_103452_1,48318_103452
1842,person,0.97320074,42,98,196,351,103452,48318,0.2292961393596987,0,48318_103452_0,48318_103452
1843,person,0.99112976,104,42,314,358,103600,48318,0.3905367231638418,0,48318_103600_0,48318_103600
1844,person,0.9942154,116,31,347,353,103748,48318,0.4377471751412429,0,48318_103748_0,48318_103748
1845,person,0.9946812,94,28,191,356,103896,48318,0.187241054613936,2,48318_103896_2,48318_103896
1846,person,0.9748097,263,134,450,335,103896,48318,0.2212040960451976,3,48318_103896_3,48318_103896
1847,car,0.67752254,216,114,248,179,103896,48318,0.0122410546139359,0,48318_103896_0,48318_103896
1848,chair,0.54241407,43,155,114,264,103896,48318,0.0455449623352165,1,48318_103896_1,48318_103896
1849,person,0.99229115,96,30,194,353,104044,48318,0.1862876647834275,1,48318_104044_1,48318_104044
1850,person,0.9867328000000002,250,142,447,344,104044,48318,0.2341925612052731,2,48318_104044_2,48318_104044
1851,car,0.83558697,217,117,253,191,104044,48318,0.0156779661016949,0,48318_104044_0,48318_104044
1852,person,0.9977276,172,49,244,306,104192,48318,0.1088983050847457,2,48318_104192_2,48318_104192
1853,person,0.95551866,284,139,458,342,104192,48318,0.2078742937853107,3,48318_104192_3,48318_104192
1854,chair,0.8015835,45,161,162,300,104192,48318,0.0957097457627118,1,48318_104192_1,48318_104192
1855,oven,0.5518205,250,166,362,285,104192,48318,0.0784369114877589,0,48318_104192_0,48318_104192
1856,person,0.98430735,256,131,448,340,104340,48318,0.2361581920903955,3,48318_104340_3,48318_104340
1857,person,0.97050405,219,46,277,286,104340,48318,0.0819209039548022,1,48318_104340_1,48318_104340
1858,chair,0.8678846,36,159,162,309,104340,48318,0.111228813559322,2,48318_104340_2,48318_104340
1859,chair,0.5748265,317,51,391,171,104340,48318,0.0522598870056497,0,48318_104340_0,48318_104340
1860,person,0.9812331,259,139,453,343,104488,48318,0.232909604519774,3,48318_104488_3,48318_104488
1861,person,0.9803153,216,47,270,285,104488,48318,0.0756355932203389,1,48318_104488_1,48318_104488
1862,chair,0.9030464,41,164,155,320,104488,48318,0.1046610169491525,2,48318_104488_2,48318_104488
1863,chair,0.6542633000000001,312,54,388,165,104488,48318,0.0496468926553672,0,48318_104488_0,48318_104488
1864,person,0.99767345,120,41,229,351,104636,48318,0.198858286252354,2,48318_104636_2,48318_104636
1865,person,0.9917189,262,136,456,342,104636,48318,0.2351930320150659,3,48318_104636_3,48318_104636
1866,car,0.5433631999999999,217,111,253,187,104636,48318,0.0161016949152542,0,48318_104636_0,48318_104636
1867,chair,0.54012287,56,158,154,304,104636,48318,0.0842043314500941,1,48318_104636_1,48318_104636
1868,person,0.992261,110,32,204,349,104784,48318,0.1753648775894538,1,48318_104784_1,48318_104784
1869,person,0.9881533,256,138,452,340,104784,48318,0.2330037664783428,2,48318_104784_2,48318_104784
1870,chair,0.5453318,41,161,134,285,104784,48318,0.067867231638418,0,48318_104784_0,48318_104784
1871,person,0.99310195,254,134,458,343,104932,48318,0.2509180790960452,2,48318_104932_2,48318_104932
1872,person,0.9719562,99,32,204,336,104932,48318,0.1878531073446328,1,48318_104932_1,48318_104932
1873,chair,0.6221183000000001,41,161,124,275,104932,48318,0.0556850282485875,0,48318_104932_0,48318_104932
1874,person,0.99063724,255,141,455,343,105080,48318,0.237758945386064,1,48318_105080_1,48318_105080
1875,person,0.9883072,103,29,203,347,105080,48318,0.1871468926553672,0,48318_105080_0,48318_105080
1876,person,0.9944523,252,136,455,342,105228,48318,0.2461040489642184,1,48318_105228_1,48318_105228
1877,person,0.98825175,104,28,202,343,105228,48318,0.1816737288135593,0,48318_105228_0,48318_105228
1878,person,0.9835963,276,134,469,345,105376,48318,0.2396598399246704,3,48318_105376_3,48318_105376
1879,person,0.90467703,9,38,108,286,105376,48318,0.1444915254237288,1,48318_105376_1,48318_105376
1880,chair,0.72762656,1,133,178,339,105376,48318,0.2145833333333332,2,48318_105376_2,48318_105376
1881,chair,0.7204408,95,155,181,315,105376,48318,0.0809792843691148,0,48318_105376_0,48318_105376
1882,person,0.53718376,7,18,148,327,105376,48318,0.2564088983050847,4,48318_105376_4,48318_105376
1883,person,0.9863971,282,145,463,348,105524,48318,0.2162370527306968,3,48318_105524_3,48318_105524
1884,person,0.9215004,21,34,110,271,105524,48318,0.1241348870056497,2,48318_105524_2,48318_105524
1885,chair,0.7304951999999999,97,155,180,308,105524,48318,0.0747351694915254,1,48318_105524_1,48318_105524
1886,chair,0.5306241,334,46,410,149,105524,48318,0.0460687382297551,0,48318_105524_0,48318_105524
1887,person,0.99137723,284,131,468,348,105672,48318,0.2349811676082862,3,48318_105672_3,48318_105672
1888,person,0.9672202,5,36,98,274,105672,48318,0.1302612994350282,2,48318_105672_2,48318_105672
1889,chair,0.70662856,84,161,182,305,105672,48318,0.0830508474576271,1,48318_105672_1,48318_105672
1890,cup,0.5985235999999999,297,131,335,174,105672,48318,0.0096162900188323,0,48318_105672_0,48318_105672
1891,person,0.9733131,295,133,470,344,105820,48318,0.2173081450094162,4,48318_105820_4,48318_105820
1892,person,0.96782446,5,38,100,285,105820,48318,0.1380943973634651,3,48318_105820_3,48318_105820
1893,car,0.7794861,238,116,276,191,105820,48318,0.0167725988700565,0,48318_105820_0,48318_105820
1894,chair,0.71373993,79,161,182,309,105820,48318,0.0897128060263653,2,48318_105820_2,48318_105820
1895,chair,0.62108403,336,50,409,152,105820,48318,0.0438206214689265,1,48318_105820_1,48318_105820
1896,person,0.9930943,8,0,280,355,105968,48318,0.5682674199623352,0,48318_105968_0,48318_105968
1897,person,0.9887729,0,13,181,350,106116,48318,0.3589748116760829,0,48318_106116_0,48318_106116
1898,person,0.9257746,189,43,465,324,106116,48318,0.4564265536723164,1,48318_106116_1,48318_106116
1899,person,0.98063207,0,25,171,357,106264,48318,0.3341101694915254,0,48318_106264_0,48318_106264
1900,person,0.9669138,174,32,466,342,106264,48318,0.5327212806026366,1,48318_106264_1,48318_106264
1901,person,0.98211426,0,30,186,357,106412,48318,0.3579449152542373,0,48318_106412_0,48318_106412
1902,person,0.97734,190,34,472,344,106412,48318,0.5144774011299436,1,48318_106412_1,48318_106412
1903,person,0.9823512,0,41,172,358,106560,48318,0.3208804143126177,1,48318_106560_1,48318_106560
1904,person,0.9761279,201,39,472,344,106560,48318,0.4864347928436911,2,48318_106560_2,48318_106560
1905,handbag,0.5142032,22,196,132,345,106560,48318,0.0964571563088512,0,48318_106560_0,48318_106560
1906,person,0.98586166,0,43,178,356,106708,48318,0.3278837099811676,0,48318_106708_0,48318_106708
1907,person,0.9787223,195,35,472,337,106708,48318,0.4923140301318267,1,48318_106708_1,48318_106708
1908,person,0.99053884,0,74,278,357,106856,48318,0.4630061205273069,1,48318_106856_1,48318_106856
1909,person,0.97098744,207,47,472,336,106856,48318,0.4507120998116761,0,48318_106856_0,48318_106856
1910,person,0.9887694,3,40,209,359,107004,48318,0.386734934086629,0,48318_107004_0,48318_107004
1911,person,0.969398,201,41,472,345,107004,48318,0.4848399246704331,1,48318_107004_1,48318_107004
1912,person,0.99072355,7,52,224,360,107152,48318,0.3933380414312618,0,48318_107152_0,48318_107152
1913,person,0.9731843,211,36,472,345,107152,48318,0.4746292372881356,1,48318_107152_1,48318_107152
1914,person,0.9840486,91,34,233,353,107300,48318,0.266584274952919,1,48318_107300_1,48318_107300
1915,person,0.98153543,190,167,422,352,107300,48318,0.2525894538606403,0,48318_107300_0,48318_107300
1916,person,0.9907827,173,61,383,354,107448,48318,0.362111581920904,1,48318_107448_1,48318_107448
1917,person,0.9867465,44,39,224,349,107448,48318,0.3283898305084746,0,48318_107448_0,48318_107448
1918,person,0.99360377,84,71,240,360,107596,48318,0.2653248587570621,0,48318_107596_0,48318_107596
1919,person,0.993636,211,83,348,353,107744,48318,0.2176906779661017,2,48318_107744_2,48318_107744
1920,person,0.9758272,64,61,188,355,107744,48318,0.21454802259887,1,48318_107744_1,48318_107744
1921,person,0.70485526,204,96,270,311,107744,48318,0.0835098870056497,0,48318_107744_0,48318_107744
1922,person,0.99595,223,83,344,353,107892,48318,0.1922669491525424,1,48318_107892_1,48318_107892
1923,person,0.9866052,55,60,166,354,107892,48318,0.1920550847457627,0,48318_107892_0,48318_107892
1924,person,0.9884554,90,51,300,360,108040,48318,0.381885593220339,1,48318_108040_1,48318_108040
1925,bed,0.51742107,7,192,121,357,108040,48318,0.1106991525423728,0,48318_108040_0,48318_108040
1926,person,0.996995,264,80,461,357,108484,48318,0.3211452448210923,0,48318_108484_0,48318_108484
1927,person,0.99588144,60,46,289,355,108484,48318,0.4164371468926554,1,48318_108484_1,48318_108484
1928,person,0.9876473,127,43,206,214,108632,48318,0.0795021186440678,2,48318_108632_2,48318_108632
1929,person,0.9262596,349,184,420,350,108632,48318,0.0693620527306968,1,48318_108632_1,48318_108632
1930,person,0.84572804,235,85,288,181,108632,48318,0.0299435028248587,0,48318_108632_0,48318_108632
1931,person,0.6641868000000001,47,13,132,193,108632,48318,0.0900423728813559,3,48318_108632_3,48318_108632
1932,person,0.99210745,3,43,393,351,108928,48318,0.7069209039548022,0,48318_108928_0,48318_108928
1933,person,0.9917212,157,70,309,352,109076,48318,0.2522598870056497,0,48318_109076_0,48318_109076
1934,person,0.9976877,261,69,450,359,109224,48318,0.3225635593220339,0,48318_109224_0,48318_109224
1935,person,0.98902357,51,0,296,334,109224,48318,0.4815795668549906,1,48318_109224_1,48318_109224
1936,car,0.8176526999999999,389,197,470,309,109372,48318,0.0533898305084745,1,48318_109372_1,48318_109372
1937,truck,0.6327158,204,70,290,118,109372,48318,0.0242937853107344,0,48318_109372_0,48318_109372
1938,car,0.6883275,153,48,397,158,109520,48318,0.1579566854990584,1,48318_109520_1,48318_109520
1939,truck,0.5332453,160,48,400,155,109520,48318,0.1511299435028248,0,48318_109520_0,48318_109520
1940,person,0.9976568,133,79,350,359,109668,48318,0.3575800376647834,0,48318_109668_0,48318_109668
1941,person,0.99794704,262,105,377,358,109816,48318,0.1712276365348399,0,48318_109816_0,48318_109816
1942,person,0.9976513,265,135,362,356,109964,48318,0.1261593691148776,1,48318_109964_1,48318_109964
1943,person,0.97128624,174,136,213,244,109964,48318,0.0247881355932203,0,48318_109964_0,48318_109964
1944,person,0.9898599,71,99,189,360,110112,48318,0.18125,1,48318_110112_1,48318_110112
1945,person,0.98824805,228,137,363,351,110112,48318,0.1700211864406779,0,48318_110112_0,48318_110112
1946,person,0.98224074,87,87,173,356,110260,48318,0.1361464218455743,0,48318_110260_0,48318_110260
1947,person,0.9497983,254,115,397,349,110260,48318,0.1969279661016949,1,48318_110260_1,48318_110260
1948,person,0.99435586,7,47,292,352,110408,48318,0.5115642655367232,1,48318_110408_1,48318_110408
1949,person,0.98471975,236,130,399,353,110408,48318,0.2139183145009416,0,48318_110408_0,48318_110408
1950,person,0.99426913,10,44,285,350,110556,48318,0.4952330508474576,1,48318_110556_1,48318_110556
1951,person,0.98078936,228,123,400,352,110556,48318,0.2318032015065913,0,48318_110556_0,48318_110556
1952,person,0.99329513,5,47,273,351,110704,48318,0.4794726930320151,1,48318_110704_1,48318_110704
1953,person,0.9858272,239,126,398,353,110704,48318,0.2124117231638418,0,48318_110704_0,48318_110704
1954,person,0.97975713,225,145,264,289,110852,48318,0.0330508474576271,0,48318_110852_0,48318_110852
1955,truck,0.68654287,188,67,416,175,110852,48318,0.1449152542372881,2,48318_110852_2,48318_110852
1956,chair,0.57986027,3,115,120,231,110852,48318,0.0798728813559322,1,48318_110852_1,48318_110852
1957,person,0.9872815,24,46,396,357,111000,48318,0.680861581920904,0,48318_111000_0,48318_111000
1958,person,0.98536426,225,146,258,284,111148,48318,0.0268008474576271,0,48318_111148_0,48318_111148
1959,truck,0.7325696999999999,63,45,159,115,111148,48318,0.03954802259887,1,48318_111148_1,48318_111148
1960,person,0.9823499,225,145,258,288,111296,48318,0.0277718926553672,0,48318_111296_0,48318_111296
1961,chair,0.58535135,0,89,125,232,111296,48318,0.1051965630885122,1,48318_111296_1,48318_111296
1962,person,0.9890583,17,40,400,359,111444,48318,0.7190266007532957,0,48318_111444_0,48318_111444
1963,person,0.9772782,72,38,432,356,111592,48318,0.673728813559322,0,48318_111592_0,48318_111592
1964,person,0.9470613,93,41,447,342,111740,48318,0.6270833333333333,1,48318_111740_1,48318_111740
1965,handbag,0.5840466999999999,59,243,456,359,111740,48318,0.2710216572504708,0,48318_111740_0,48318_111740
1966,person,0.97419953,81,169,152,280,111888,48318,0.0463806497175141,2,48318_111888_2,48318_111888
1967,traffic light,0.7819673,249,63,286,122,111888,48318,0.0128472222222222,0,48318_111888_0,48318_111888
1968,person,0.70397866,76,170,120,270,111888,48318,0.025894538606403,1,48318_111888_1,48318_111888
1969,car,0.7026383,6,127,416,360,112036,48318,0.5622057438794726,0,48318_112036_0,48318_112036
1970,truck,0.57644486,0,120,444,352,112036,48318,0.6062146892655367,1,48318_112036_1,48318_112036
1971,person,0.9751658,103,57,378,355,112184,48318,0.4822857815442561,1,48318_112184_1,48318_112184
1972,car,0.8758125,27,100,458,360,112184,48318,0.6594868173258004,2,48318_112184_2,48318_112184
1973,chair,0.7154715,8,123,191,353,112184,48318,0.247704802259887,0,48318_112184_0,48318_112184
1974,person,0.9107293,235,208,297,360,112332,48318,0.0554613935969868,2,48318_112332_2,48318_112332
1975,person,0.72952014,332,50,380,174,112332,48318,0.0350282485875706,1,48318_112332_1,48318_112332
1976,person,0.5406714,384,309,416,355,112332,48318,0.0086629001883239,0,48318_112332_0,48318_112332
1977,car,0.8862494000000001,380,78,471,146,112480,48318,0.0364171374764595,2,48318_112480_2,48318_112480
1978,person,0.7536219,293,175,327,270,112480,48318,0.019008945386064,0,48318_112480_0,48318_112480
1979,person,0.5189161,319,159,356,269,112480,48318,0.0239524482109227,1,48318_112480_1,48318_112480
1980,person,0.8955943000000001,336,238,375,356,112628,48318,0.0270833333333333,1,48318_112628_1,48318_112628
1981,car,0.85300344,392,164,472,228,112628,48318,0.0301318267419962,2,48318_112628_2,48318_112628
1982,person,0.76064754,302,224,330,302,112628,48318,0.0128531073446327,0,48318_112628_0,48318_112628
1983,car,0.9504319,382,178,468,237,112776,48318,0.0298611111111111,1,48318_112776_1,48318_112776
1984,person,0.7310762,298,298,354,360,112776,48318,0.0204331450094162,0,48318_112776_0,48318_112776
1985,motorcycle,0.65383404,354,220,470,360,112776,48318,0.0955743879472693,3,48318_112776_3,48318_112776
1986,person,0.62476087,342,236,389,348,112776,48318,0.0309792843691148,2,48318_112776_2,48318_112776
1987,car,0.51216674,19,228,259,360,112776,48318,0.1864406779661017,4,48318_112776_4,48318_112776
1988,person,0.99659866,124,42,313,356,112924,48318,0.3492584745762712,1,48318_112924_1,48318_112924
1989,tennis racket,0.7037429000000001,98,80,185,150,112924,48318,0.0358403954802259,0,48318_112924_0,48318_112924
1990,person,0.99458957,80,56,234,360,113072,48318,0.2755178907721281,0,48318_113072_0,48318_113072
1991,person,0.9788198,268,8,472,352,113220,48318,0.4129943502824859,1,48318_113220_1,48318_113220
1992,person,0.9782923,15,22,198,351,113220,48318,0.3543255649717514,0,48318_113220_0,48318_113220
1993,person,0.99134266,3,66,230,353,113516,48318,0.3834098399246704,1,48318_113516_1,48318_113516
1994,person,0.987311,354,64,471,356,113516,48318,0.2010593220338983,0,48318_113516_0,48318_113516
1995,person,0.85712636,137,84,188,193,113664,48318,0.0327153954802259,0,48318_113664_0,48318_113664
1996,car,0.6608,149,64,456,308,113664,48318,0.4408427495291902,2,48318_113664_2,48318_113664
1997,car,0.5914404999999999,309,149,465,263,113664,48318,0.1046610169491525,1,48318_113664_1,48318_113664
1998,truck,0.5062781,155,49,450,311,113664,48318,0.4548611111111111,3,48318_113664_3,48318_113664
1999,person,0.97918016,21,69,236,351,113812,48318,0.3568149717514124,1,48318_113812_1,48318_113812
2000,person,0.9462889,368,94,466,266,113812,48318,0.0991996233521657,0,48318_113812_0,48318_113812
2001,person,0.97979057,59,60,269,325,113960,48318,0.3275070621468927,1,48318_113960_1,48318_113960
2002,person,0.9109972,332,49,470,355,113960,48318,0.2485169491525424,0,48318_113960_0,48318_113960
2003,person,0.98630893,308,44,446,359,114108,48318,0.2558262711864407,0,48318_114108_0,48318_114108
2004,person,0.9463096,41,57,246,338,114108,48318,0.3390124764595104,1,48318_114108_1,48318_114108
2005,person,0.98711306,0,57,231,358,114256,48318,0.4091984463276836,1,48318_114256_1,48318_114256
2006,person,0.97235966,275,16,464,358,114256,48318,0.3804025423728813,0,48318_114256_0,48318_114256
2007,person,0.98868084,0,62,227,357,114404,48318,0.3940972222222222,1,48318_114404_1,48318_114404
2008,person,0.94646007,302,24,464,359,114404,48318,0.319385593220339,0,48318_114404_0,48318_114404
2009,person,0.99288046,0,63,235,358,114552,48318,0.4079861111111111,1,48318_114552_1,48318_114552
2010,person,0.78802526,274,44,460,355,114552,48318,0.340430790960452,0,48318_114552_0,48318_114552
2011,person,0.98973477,0,63,232,357,114700,48318,0.4014124293785311,1,48318_114700_1,48318_114700
2012,person,0.6061518,306,16,471,353,114700,48318,0.3272422316384181,0,48318_114700_0,48318_114700
2013,person,0.9906618,4,51,235,360,114848,48318,0.4200741525423729,1,48318_114848_1,48318_114848
2014,person,0.95422137,311,0,472,356,114848,48318,0.3373116760828625,0,48318_114848_0,48318_114848
2015,person,0.98923475,222,47,470,353,114996,48318,0.4466101694915254,2,48318_114996_2,48318_114996
2016,tie,0.96524715,313,205,344,299,114996,48318,0.0171492467043314,0,48318_114996_0,48318_114996
2017,person,0.94627494,0,37,184,353,114996,48318,0.3421845574387947,1,48318_114996_1,48318_114996
2018,person,0.9873914,221,57,465,354,115144,48318,0.4264830508474576,2,48318_115144_2,48318_115144
2019,person,0.84605056,0,59,202,353,115144,48318,0.3495056497175141,1,48318_115144_1,48318_115144
2020,tie,0.8349978000000001,303,210,337,295,115144,48318,0.0170080037664783,0,48318_115144_0,48318_115144
2021,person,0.9954283000000002,0,89,227,360,115292,48318,0.3620350753295669,1,48318_115292_1,48318_115292
2022,person,0.973839,344,33,470,352,115292,48318,0.2365466101694915,0,48318_115292_0,48318_115292
2023,person,0.95536566,282,53,445,352,115440,48318,0.2868232109227872,0,48318_115440_0,48318_115440
2024,person,0.9413985,51,54,245,360,115440,48318,0.349364406779661,1,48318_115440_1,48318_115440
2025,person,0.98767614,175,85,353,359,115588,48318,0.2870291902071563,0,48318_115588_0,48318_115588
2026,person,0.990062,267,19,470,360,115736,48318,0.4073858286252354,4,48318_115736_4,48318_115736
2027,person,0.90941435,32,93,256,350,115736,48318,0.3387947269303201,3,48318_115736_3,48318_115736
2028,tie,0.58999497,138,219,162,326,115736,48318,0.0151129943502824,0,48318_115736_0,48318_115736
2029,car,0.5896821,0,124,317,350,115736,48318,0.4216219397363465,5,48318_115736_5,48318_115736
2030,tie,0.52675086,140,214,171,352,115736,48318,0.0251765536723163,1,48318_115736_1,48318_115736
2031,remote,0.51151246,76,121,174,179,115736,48318,0.0334510357815442,2,48318_115736_2,48318_115736
2032,person,0.9929141,257,19,466,360,115884,48318,0.4194267890772128,2,48318_115884_2,48318_115884
2033,person,0.96396995,26,94,277,348,115884,48318,0.3752000941619585,1,48318_115884_1,48318_115884
2034,tie,0.60037917,124,211,157,323,115884,48318,0.0217514124293785,0,48318_115884_0,48318_115884
2035,person,0.99170166,231,47,456,358,116032,48318,0.4118114406779661,1,48318_116032_1,48318_116032
2036,person,0.9847969,4,34,203,354,116032,48318,0.3747645951035782,0,48318_116032_0,48318_116032
2037,person,0.99507785,224,44,444,360,116180,48318,0.4091337099811676,1,48318_116180_1,48318_116180
2038,person,0.96098024,4,23,194,350,116180,48318,0.3656426553672316,0,48318_116180_0,48318_116180
2039,person,0.99430156,232,50,441,358,116328,48318,0.3788370998116761,1,48318_116328_1,48318_116328
2040,person,0.98356664,5,38,199,350,116328,48318,0.3562146892655367,0,48318_116328_0,48318_116328
2041,person,0.99656576,229,48,438,360,116476,48318,0.3837570621468927,1,48318_116476_1,48318_116476
2042,person,0.97715896,6,30,202,352,116476,48318,0.3714218455743879,0,48318_116476_0,48318_116476
2043,person,0.9894159,245,32,472,357,116624,48318,0.4341749058380414,2,48318_116624_2,48318_116624
2044,person,0.97467923,22,88,274,355,116624,48318,0.3959745762711864,1,48318_116624_1,48318_116624
2045,tie,0.7618491999999999,118,215,150,315,116624,48318,0.0188323917137476,0,48318_116624_0,48318_116624
2046,person,0.9865937,236,19,469,360,116772,48318,0.4675906308851224,1,48318_116772_1,48318_116772
2047,person,0.9743872,17,94,239,355,116772,48318,0.3409957627118644,0,48318_116772_0,48318_116772
2048,person,0.9943883,195,51,461,359,116920,48318,0.4821563088512241,1,48318_116920_1,48318_116920
2049,person,0.97209126,2,15,201,358,116920,48318,0.4017008003766479,0,48318_116920_0,48318_116920
2050,person,0.99522805,187,58,460,360,117068,48318,0.485204802259887,1,48318_117068_1,48318_117068
2051,person,0.9805956,0,57,192,348,117068,48318,0.3288135593220339,0,48318_117068_0,48318_117068
2052,person,0.99342656,195,71,460,360,117216,48318,0.4507120998116761,1,48318_117216_1,48318_117216
2053,person,0.95075065,0,37,190,356,117216,48318,0.3566972693032015,0,48318_117216_0,48318_117216
2054,person,0.9876187,239,48,458,360,117364,48318,0.4021186440677966,2,48318_117364_2,48318_117364
2055,person,0.9863266,37,88,248,357,117364,48318,0.3340336629001883,1,48318_117364_1,48318_117364
2056,tie,0.5324168,137,204,160,286,117364,48318,0.01109934086629,0,48318_117364_0,48318_117364
2057,person,0.9843978,250,46,459,360,117512,48318,0.3862170433145009,1,48318_117512_1,48318_117512
2058,person,0.9662687,46,90,257,349,117512,48318,0.3216160546139359,0,48318_117512_0,48318_117512
2059,person,0.9913122,280,28,472,360,117660,48318,0.3751412429378531,2,48318_117660_2,48318_117660
2060,car,0.84086466,14,127,333,359,117660,48318,0.4355461393596986,3,48318_117660_3,48318_117660
2061,person,0.7602182,204,197,277,265,117660,48318,0.029213747645951,0,48318_117660_0,48318_117660
2062,person,0.70138854,26,203,106,284,117660,48318,0.0381355932203389,1,48318_117660_1,48318_117660
2063,person,0.99438655,96,29,239,347,117808,48318,0.2676200564971751,3,48318_117808_3,48318_117808
2064,person,0.97225845,2,136,153,355,117808,48318,0.1946151129943502,2,48318_117808_2,48318_117808
2065,person,0.9663082,307,164,468,354,117808,48318,0.1800258945386064,1,48318_117808_1,48318_117808
2066,potted plant,0.59414864,210,0,355,180,117808,48318,0.1536016949152542,0,48318_117808_0,48318_117808
2067,person,0.9932674,90,40,243,329,117956,48318,0.2602224576271186,4,48318_117956_4,48318_117956
2068,person,0.9649128,313,157,467,348,117956,48318,0.1731049905838041,2,48318_117956_2,48318_117956
2069,person,0.91551507,6,141,183,353,117956,48318,0.2208333333333333,3,48318_117956_3,48318_117956
2070,person,0.7296471999999999,2,138,128,327,117956,48318,0.1401483050847457,1,48318_117956_1,48318_117956
2071,potted plant,0.5588701,212,0,351,170,117956,48318,0.1390654425612052,0,48318_117956_0,48318_117956
2072,person,0.9952943,5,61,151,353,118104,48318,0.250894538606403,1,48318_118104_1,48318_118104
2073,person,0.96624446,331,10,469,353,118104,48318,0.2785663841807909,2,48318_118104_2,48318_118104
2074,person,0.9638287,208,194,350,359,118104,48318,0.137888418079096,0,48318_118104_0,48318_118104
2075,person,0.9872866,199,40,369,353,118252,48318,0.3131473634651601,4,48318_118252_4,48318_118252
2076,chair,0.9834868,354,180,472,355,118252,48318,0.1215277777777777,2,48318_118252_2,48318_118252
2077,person,0.9249154,143,75,243,347,118252,48318,0.160075329566855,3,48318_118252_3,48318_118252
2078,chair,0.8801142,31,179,138,334,118252,48318,0.0976047551789077,1,48318_118252_1,48318_118252
2079,person,0.82871675,71,149,151,278,118252,48318,0.0607344632768361,0,48318_118252_0,48318_118252
2080,person,0.9953686,89,30,382,353,118400,48318,0.5569620998116761,0,48318_118400_0,48318_118400
2081,person,0.9968997,57,38,349,354,118548,48318,0.5430320150659134,0,48318_118548_0,48318_118548
2082,person,0.9866165,5,53,199,359,118696,48318,0.349364406779661,2,48318_118696_2,48318_118696
2083,person,0.9782226,179,80,445,360,118696,48318,0.4383239171374765,3,48318_118696_3,48318_118696
2084,person,0.7858702,192,148,326,355,118696,48318,0.1632415254237288,1,48318_118696_1,48318_118696
2085,tie,0.6148453,335,172,348,221,118696,48318,0.0037488229755178,0,48318_118696_0,48318_118696
2086,person,0.99911135,261,28,416,360,118844,48318,0.3028483992467043,2,48318_118844_2,48318_118844
2087,person,0.9271551,88,163,259,350,118844,48318,0.1881885593220339,1,48318_118844_1,48318_118844
2088,potted plant,0.5195954,441,227,472,313,118844,48318,0.015689736346516,0,48318_118844_0,48318_118844
2089,person,0.9988004,265,33,408,360,118992,48318,0.275194209039548,4,48318_118992_4,48318_118992
2090,person,0.9243628,79,172,231,350,118992,48318,0.1592278719397363,2,48318_118992_2,48318_118992
2091,chair,0.74040645,217,195,291,344,118992,48318,0.0648893596986817,1,48318_118992_1,48318_118992
2092,chair,0.6384485,71,206,261,358,118992,48318,0.1699623352165725,3,48318_118992_3,48318_118992
2093,potted plant,0.5411568,441,233,472,342,118992,48318,0.0198858286252354,0,48318_118992_0,48318_118992
2094,person,0.9956092,157,35,360,359,119140,48318,0.3870762711864407,0,48318_119140_0,48318_119140
2095,person,0.99899596,268,31,412,356,119288,48318,0.2754237288135593,2,48318_119288_2,48318_119288
2096,person,0.9634187,74,172,246,356,119288,48318,0.1862523540489642,1,48318_119288_1,48318_119288
2097,chair,0.70633024,216,198,289,331,119288,48318,0.0571386534839924,0,48318_119288_0,48318_119288
2098,person,0.6932419,388,3,456,94,119732,48318,0.0364171374764595,0,48318_119732_0,48318_119732
2099,person,0.9649172,35,60,394,356,119880,48318,0.6253766478342749,1,48318_119880_1,48318_119880
2100,bird,0.6906021999999999,298,56,336,116,119880,48318,0.0134180790960451,0,48318_119880_0,48318_119880
2101,person,0.86803496,98,146,167,303,120028,48318,0.0637535310734463,0,48318_120028_0,48318_120028
2102,person,0.56459624,2,12,76,308,120028,48318,0.1289077212806026,1,48318_120028_1,48318_120028
2103,person,0.930504,60,26,445,360,120176,48318,0.7567678907721279,0,48318_120176_0,48318_120176
2104,person,0.9925431999999998,81,0,254,360,120324,48318,0.3665254237288136,2,48318_120324_2,48318_120324
2105,person,0.8504108,233,0,419,268,120324,48318,0.2933615819209039,1,48318_120324_1,48318_120324
2106,person,0.8227661000000001,325,0,459,282,120324,48318,0.2223870056497175,0,48318_120324_0,48318_120324
2107,bottle,0.5101854,413,7,463,148,120916,48318,0.0414901129943502,0,48318_120916_0,48318_120916
2108,person,0.9823706,25,42,220,350,121212,48318,0.3534604519774011,0,48318_121212_0,48318_121212
2109,person,0.79051137,25,239,377,353,121360,48318,0.2361581920903955,1,48318_121360_1,48318_121360
2110,person,0.5203281,146,238,335,357,121360,48318,0.1323622881355932,0,48318_121360_0,48318_121360
2111,car,0.5172662,5,249,177,356,121656,48318,0.1083097928436911,0,48318_121656_0,48318_121656
2112,person,0.9784921999999998,383,35,472,332,121804,48318,0.1555614406779661,2,48318_121804_2,48318_121804
2113,person,0.96185005,118,34,400,350,121804,48318,0.5244350282485876,4,48318_121804_4,48318_121804
2114,cup,0.79295594,128,198,169,230,121804,48318,0.0077212806026365,0,48318_121804_0,48318_121804
2115,person,0.7670175,22,41,121,182,121804,48318,0.0821504237288135,1,48318_121804_1,48318_121804
2116,dining table,0.6011526,0,201,234,319,121804,48318,0.1625,3,48318_121804_3,48318_121804
2117,person,0.9545253,223,104,385,351,121952,48318,0.2354872881355932,0,48318_121952_0,48318_121952
2118,person,0.6543098,8,85,159,350,121952,48318,0.2354931732580037,1,48318_121952_1,48318_121952
2119,book,0.6919518,12,21,462,306,122100,48318,0.7547669491525424,0,48318_122100_0,48318_122100
2120,person,0.9849252,137,38,456,346,122248,48318,0.5782250470809793,1,48318_122248_1,48318_122248
2121,cup,0.5103972,123,196,155,226,122248,48318,0.0056497175141242,0,48318_122248_0,48318_122248
2122,person,0.8546668,13,8,298,215,122840,48318,0.3471927966101695,0,48318_122840_0,48318_122840
2123,dining table,0.82767576,0,114,418,340,122988,48318,0.5559557438794727,3,48318_122988_3,48318_122988
2124,wine glass,0.69917846,343,108,403,211,122988,48318,0.0363700564971751,0,48318_122988_0,48318_122988
2125,person,0.56876427,238,73,459,284,122988,48318,0.274429143126177,2,48318_122988_2,48318_122988
2126,cup,0.5020943,4,112,89,324,122988,48318,0.1060499058380414,1,48318_122988_1,48318_122988
2127,person,0.86660373,290,0,467,102,123136,48318,0.10625,0,48318_123136_0,48318_123136
2128,person,0.5058345999999999,211,219,430,354,123136,48318,0.1739936440677966,1,48318_123136_1,48318_123136
2129,airplane,0.943227,77,112,466,183,123284,48318,0.1625411958568738,0,48318_123284_0,48318_123284
2130,tv,0.66209507,18,0,457,231,123432,48318,0.5968043785310735,0,48318_123432_0,48318_123432
2131,car,0.86811525,0,28,472,357,123580,48318,0.9138888888888888,0,48318_123580_0,48318_123580
2132,person,0.9856044,260,49,404,359,123728,48318,0.2627118644067797,0,48318_123728_0,48318_123728
2133,car,0.65791607,5,63,324,351,123728,48318,0.5406779661016949,1,48318_123728_1,48318_123728
2134,airplane,0.60941106,16,86,467,241,123876,48318,0.4113994821092279,0,48318_123876_0,48318_123876
2135,person,0.9271116,300,143,350,250,124024,48318,0.0314854048964218,0,48318_124024_0,48318_124024
2136,airplane,0.927059,9,87,472,250,124024,48318,0.4441443032015066,1,48318_124024_1,48318_124024
2137,person,0.9890521,38,48,307,360,124172,48318,0.4939265536723164,0,48318_124172_0,48318_124172
2138,person,0.99336433,13,39,220,354,124320,48318,0.383739406779661,1,48318_124320_1,48318_124320
2139,person,0.9917452,250,91,433,352,124320,48318,0.2810911016949152,0,48318_124320_0,48318_124320
2140,person,0.9910678,63,44,290,352,124468,48318,0.4114642184557439,2,48318_124468_2,48318_124468
2141,person,0.9607198,253,113,429,360,124468,48318,0.2558380414312617,1,48318_124468_1,48318_124468
2142,tie,0.85170865,179,185,216,296,124468,48318,0.024170197740113,0,48318_124468_0,48318_124468
2143,person,0.7972314,111,73,382,357,124468,48318,0.452942561205273,3,48318_124468_3,48318_124468
2144,tie,0.8836261000000001,320,188,375,357,124616,48318,0.0547022128060263,0,48318_124616_0,48318_124616
2145,person,0.60520625,170,20,460,359,124616,48318,0.578566384180791,1,48318_124616_1,48318_124616
2146,person,0.98026454,259,63,472,360,124764,48318,0.3722987288135593,2,48318_124764_2,48318_124764
2147,person,0.9631128,6,51,268,355,124764,48318,0.4687382297551789,3,48318_124764_3,48318_124764
2148,tie,0.879109,69,182,99,333,124764,48318,0.026659604519774,0,48318_124764_0,48318_124764
2149,handbag,0.5440122,291,208,465,360,124764,48318,0.1556497175141243,1,48318_124764_1,48318_124764
2150,person,0.9816372,251,60,471,359,124912,48318,0.387123352165725,1,48318_124912_1,48318_124912
2151,person,0.9776053,10,40,297,360,124912,48318,0.5404896421845574,2,48318_124912_2,48318_124912
2152,tie,0.827145,66,201,101,328,124912,48318,0.0261593691148775,0,48318_124912_0,48318_124912
2153,person,0.9784355,8,54,277,352,125060,48318,0.4717631826741997,2,48318_125060_2,48318_125060
2154,person,0.9778259,242,47,469,355,125060,48318,0.4114642184557439,1,48318_125060_1,48318_125060
2155,tie,0.73413986,71,191,98,330,125060,48318,0.0220868644067796,0,48318_125060_0,48318_125060
2156,person,0.9900241,220,54,469,360,125208,48318,0.4484110169491525,1,48318_125208_1,48318_125208
2157,person,0.9787091999999998,8,34,287,356,125208,48318,0.5287076271186439,2,48318_125208_2,48318_125208
2158,tie,0.7966508000000001,69,188,99,331,125208,48318,0.0252471751412429,0,48318_125208_0,48318_125208
2159,person,0.98323154,13,38,283,356,125356,48318,0.5052966101694916,3,48318_125356_3,48318_125356
2160,person,0.9583186,236,62,458,354,125356,48318,0.3814971751412429,2,48318_125356_2,48318_125356
2161,tie,0.76874614,70,189,100,328,125356,48318,0.0245409604519774,0,48318_125356_0,48318_125356
2162,chair,0.65560967,284,228,462,358,125356,48318,0.1361817325800376,1,48318_125356_1,48318_125356
2163,person,0.9809841,237,63,468,355,125504,48318,0.3969632768361582,1,48318_125504_1,48318_125504
2164,person,0.9585584,21,45,285,357,125504,48318,0.4847457627118644,2,48318_125504_2,48318_125504
2165,tie,0.58105576,90,202,116,266,125504,48318,0.0097928436911487,0,48318_125504_0,48318_125504
2166,person,0.97902566,241,59,467,358,125652,48318,0.3976812617702448,1,48318_125652_1,48318_125652
2167,person,0.9663014,18,42,281,359,125652,48318,0.4906485404896422,2,48318_125652_2,48318_125652
2168,chair,0.50540054,291,222,469,360,125652,48318,0.1445621468926553,0,48318_125652_0,48318_125652
2169,person,0.9851356,250,58,470,358,125800,48318,0.3884180790960452,0,48318_125800_0,48318_125800
2170,person,0.8827992,22,39,325,352,125800,48318,0.5581391242937853,1,48318_125800_1,48318_125800
2171,person,0.986992,236,65,472,357,125948,48318,0.4055555555555556,0,48318_125948_0,48318_125948
2172,person,0.93311495,17,59,255,352,125948,48318,0.4103931261770245,1,48318_125948_1,48318_125948
2173,person,0.9806253,235,56,472,354,126096,48318,0.4156426553672317,1,48318_126096_1,48318_126096
2174,person,0.96734154,26,58,274,357,126096,48318,0.4363935969868173,2,48318_126096_2,48318_126096
2175,handbag,0.51290447,304,216,462,360,126096,48318,0.1338983050847457,0,48318_126096_0,48318_126096
2176,person,0.98191845,254,58,472,354,126244,48318,0.3797551789077213,1,48318_126244_1,48318_126244
2177,person,0.96459043,42,46,280,359,126244,48318,0.4384063088512241,2,48318_126244_2,48318_126244
2178,tie,0.5129952999999999,101,197,125,252,126244,48318,0.0077683615819209,0,48318_126244_0,48318_126244
2179,person,0.98048854,247,55,467,360,126392,48318,0.394891713747646,1,48318_126392_1,48318_126392
2180,person,0.950542,32,40,273,355,126392,48318,0.4467690677966102,2,48318_126392_2,48318_126392
2181,tie,0.53680545,92,207,122,271,126392,48318,0.0112994350282485,0,48318_126392_0,48318_126392
2182,person,0.88497007,18,102,233,310,126540,48318,0.2631826741996234,0,48318_126540_0,48318_126540
2183,car,0.5081395000000001,2,74,458,317,126540,48318,0.6521186440677966,1,48318_126540_1,48318_126540
2184,person,0.8630936,143,148,253,310,126688,48318,0.1048728813559322,1,48318_126688_1,48318_126688
2185,person,0.5660885999999999,155,150,240,258,126688,48318,0.0540254237288135,0,48318_126688_0,48318_126688
2186,person,0.92897326,274,59,386,208,126836,48318,0.0982109227871939,1,48318_126836_1,48318_126836
2187,person,0.83872426,167,95,246,174,126836,48318,0.0367290489642184,0,48318_126836_0,48318_126836
2188,chair,0.78772414,13,166,319,355,126836,48318,0.3403601694915254,2,48318_126836_2,48318_126836
2189,person,0.9912664,237,29,387,353,126984,48318,0.2860169491525424,1,48318_126984_1,48318_126984
2190,person,0.9755358,24,121,189,355,126984,48318,0.2272245762711864,0,48318_126984_0,48318_126984
2191,person,0.985546,227,28,383,354,127132,48318,0.2992937853107345,2,48318_127132_2,48318_127132
2192,person,0.98123944,15,120,179,354,127132,48318,0.2258474576271186,1,48318_127132_1,48318_127132
2193,chair,0.75263137,168,271,214,356,127132,48318,0.0230108286252354,0,48318_127132_0,48318_127132
2194,person,0.97251093,134,97,265,360,127280,48318,0.2027601224105461,2,48318_127280_2,48318_127280
2195,person,0.94753253,242,73,350,331,127280,48318,0.1639830508474576,1,48318_127280_1,48318_127280
2196,person,0.935941,62,109,139,351,127280,48318,0.1096633709981167,0,48318_127280_0,48318_127280
2197,person,0.99168605,25,58,267,360,127428,48318,0.430108286252354,0,48318_127428_0,48318_127428
2198,person,0.9850544,201,64,315,349,127576,48318,0.191207627118644,3,48318_127576_3,48318_127576
2199,person,0.96491873,21,108,88,293,127576,48318,0.0729460922787194,1,48318_127576_1,48318_127576
2200,person,0.8960030999999999,297,97,436,353,127576,48318,0.2094161958568738,4,48318_127576_4,48318_127576
2201,person,0.6316679000000001,289,101,401,305,127576,48318,0.1344632768361582,2,48318_127576_2,48318_127576
2202,person,0.5084432,82,146,114,261,127576,48318,0.0216572504708098,0,48318_127576_0,48318_127576
2203,person,0.9854042,349,105,468,350,127724,48318,0.1715807438794727,4,48318_127724_4,48318_127724
2204,person,0.973331,0,43,189,360,127724,48318,0.3525953389830508,6,48318_127724_6,48318_127724
2205,person,0.9641257,134,57,235,357,127724,48318,0.178319209039548,5,48318_127724_5,48318_127724
2206,person,0.95948607,273,139,313,265,127724,48318,0.0296610169491525,3,48318_127724_3,48318_127724
2207,person,0.71502674,335,143,372,268,127724,48318,0.0272186911487758,2,48318_127724_2,48318_127724
2208,person,0.6406991999999999,428,129,471,204,127724,48318,0.0189795197740113,0,48318_127724_0,48318_127724
2209,person,0.5821675999999999,305,158,338,271,127724,48318,0.0219456214689265,1,48318_127724_1,48318_127724
2210,person,0.9895321,218,60,466,352,127872,48318,0.4261770244821092,0,48318_127872_0,48318_127872
2211,person,0.9866701,18,47,271,344,127872,48318,0.4422139830508474,1,48318_127872_1,48318_127872
2212,person,0.9936544,27,46,250,356,128020,48318,0.4068385122410546,1,48318_128020_1,48318_128020
2213,person,0.9887527,223,122,404,346,128020,48318,0.2386064030131827,0,48318_128020_0,48318_128020
2214,person,0.9949745,243,41,471,356,128168,48318,0.4226694915254237,3,48318_128168_3,48318_128168
2215,person,0.96706355,7,72,214,348,128168,48318,0.336228813559322,2,48318_128168_2,48318_128168
2216,person,0.79010653,174,153,248,310,128168,48318,0.068373352165725,1,48318_128168_1,48318_128168
2217,tie,0.6016093000000001,307,190,344,299,128168,48318,0.0237346986817325,0,48318_128168_0,48318_128168
2218,person,0.9927625,190,104,355,360,128316,48318,0.2485875706214689,1,48318_128316_1,48318_128316
2219,person,0.98870325,0,37,227,358,128316,48318,0.4288312146892656,2,48318_128316_2,48318_128316
2220,person,0.9875301,334,79,469,355,128316,48318,0.2192796610169491,0,48318_128316_0,48318_128316
2221,person,0.9837171999999998,5,28,209,355,128464,48318,0.3925847457627119,3,48318_128464_3,48318_128464
2222,tie,0.95582783,103,180,156,354,128464,48318,0.0542725988700565,1,48318_128464_1,48318_128464
2223,person,0.9395509,278,110,442,353,128464,48318,0.2345338983050847,2,48318_128464_2,48318_128464
2224,person,0.6758174,256,113,300,245,128464,48318,0.0341807909604519,0,48318_128464_0,48318_128464
2225,person,0.9891489,347,79,469,354,128612,48318,0.197445856873823,0,48318_128612_0,48318_128612
2226,person,0.9851125,7,28,166,356,128612,48318,0.3069209039548022,2,48318_128612_2,48318_128612
2227,person,0.9834767,165,105,342,357,128612,48318,0.2625,1,48318_128612_1,48318_128612
2228,person,0.9861101,17,32,207,353,128760,48318,0.358933615819209,2,48318_128760_2,48318_128760
2229,person,0.9781205,309,113,468,354,128760,48318,0.2255120056497175,1,48318_128760_1,48318_128760
2230,potted plant,0.600064,213,42,330,350,128760,48318,0.2120762711864406,0,48318_128760_0,48318_128760
2231,person,0.9907684,23,24,205,351,128908,48318,0.3502471751412429,1,48318_128908_1,48318_128908
2232,person,0.979298,285,116,454,352,128908,48318,0.2347222222222222,0,48318_128908_0,48318_128908
2233,person,0.9954022,138,44,424,355,129056,48318,0.5234580979284369,2,48318_129056_2,48318_129056
2234,tie,0.82897407,244,172,321,353,129056,48318,0.0820209510357815,1,48318_129056_1,48318_129056
2235,tie,0.67100847,263,184,339,357,129056,48318,0.0773775894538606,0,48318_129056_0,48318_129056
2236,person,0.99003476,1,34,209,358,129204,48318,0.3966101694915254,4,48318_129204_4,48318_129204
2237,person,0.987171,244,114,449,350,129204,48318,0.2847222222222222,3,48318_129204_3,48318_129204
2238,tie,0.95552474,103,188,138,359,129204,48318,0.0352224576271186,1,48318_129204_1,48318_129204
2239,person,0.6385688,259,123,298,257,129204,48318,0.0307556497175141,0,48318_129204_0,48318_129204
2240,tie,0.5888331,97,191,154,351,129204,48318,0.0536723163841807,2,48318_129204_2,48318_129204
2241,person,0.99088544,0,33,213,360,129352,48318,0.4099046610169492,3,48318_129352_3,48318_129352
2242,person,0.97613007,237,114,447,351,129352,48318,0.2929025423728814,2,48318_129352_2,48318_129352
2243,tie,0.95368516,104,186,143,359,129352,48318,0.0397069209039548,0,48318_129352_0,48318_129352
2244,person,0.80865467,252,119,301,266,129352,48318,0.0423905367231638,1,48318_129352_1,48318_129352
2245,person,0.99170333,2,36,190,354,129500,48318,0.3518361581920904,1,48318_129500_1,48318_129500
2246,person,0.9849438,312,127,470,353,129500,48318,0.2101459510357815,0,48318_129500_0,48318_129500
2247,person,0.99509686,203,104,312,354,129648,48318,0.1603695856873823,4,48318_129648_4,48318_129648
2248,person,0.991532,308,99,408,356,129648,48318,0.1512476459510358,2,48318_129648_2,48318_129648
2249,person,0.9891087,96,61,186,360,129648,48318,0.1583686440677966,3,48318_129648_3,48318_129648
2250,person,0.9713306,0,53,115,354,129648,48318,0.2037135122410546,5,48318_129648_5,48318_129648
2251,person,0.8682189,412,100,470,354,129648,48318,0.0866996233521657,0,48318_129648_0,48318_129648
2252,person,0.7653268,4,50,98,238,129648,48318,0.1040018832391713,1,48318_129648_1,48318_129648
2253,person,0.99419963,3,55,143,351,129796,48318,0.2438794726930319,4,48318_129796_4,48318_129796
2254,person,0.9701184000000002,378,101,472,359,129796,48318,0.1427259887005649,2,48318_129796_2,48318_129796
2255,person,0.9406099,205,97,330,360,129796,48318,0.1934733992467043,3,48318_129796_3,48318_129796
2256,person,0.89411384,346,111,415,343,129796,48318,0.0942090395480226,0,48318_129796_0,48318_129796
2257,person,0.78944814,296,113,365,351,129796,48318,0.0966454802259887,1,48318_129796_1,48318_129796
2258,person,0.9943439,39,45,210,359,129944,48318,0.3159957627118644,1,48318_129944_1,48318_129944
2259,person,0.9842449,330,96,469,360,129944,48318,0.2159604519774012,0,48318_129944_0,48318_129944
2260,person,0.9930923,37,35,208,360,130092,48318,0.3270656779661017,1,48318_130092_1,48318_130092
2261,person,0.9761906,333,94,472,360,130092,48318,0.2175965160075329,0,48318_130092_0,48318_130092
2262,person,0.9944667,4,40,247,357,130240,48318,0.4533368644067797,2,48318_130240_2,48318_130240
2263,tie,0.98095036,77,174,117,338,130240,48318,0.0386064030131826,0,48318_130240_0,48318_130240
2264,person,0.9714982,258,101,439,347,130240,48318,0.2620409604519774,1,48318_130240_1,48318_130240
2265,person,0.9937325,5,30,245,360,130388,48318,0.4661016949152542,2,48318_130388_2,48318_130388
2266,tie,0.9922965,78,173,115,338,130388,48318,0.0359286723163841,0,48318_130388_0,48318_130388
2267,person,0.97731954,247,91,435,350,130388,48318,0.2865583804143126,1,48318_130388_1,48318_130388
2268,person,0.99588627,31,34,182,351,130536,48318,0.2817031544256121,1,48318_130536_1,48318_130536
2269,person,0.97978914,312,90,460,360,130536,48318,0.2351694915254237,0,48318_130536_0,48318_130536
2270,person,0.99400055,27,35,176,355,130684,48318,0.2806026365348399,4,48318_130684_4,48318_130684
2271,person,0.9899644,322,85,463,360,130684,48318,0.2281956214689265,3,48318_130684_3,48318_130684
2272,person,0.7529558000000001,447,126,472,252,130684,48318,0.0185381355932203,0,48318_130684_0,48318_130684
2273,person,0.5534222,123,59,202,306,130684,48318,0.1148363935969868,1,48318_130684_1,48318_130684
2274,person,0.5019551,119,67,235,346,130684,48318,0.1904661016949152,2,48318_130684_2,48318_130684
2275,person,0.9954514,25,36,176,353,130832,48318,0.2817031544256121,2,48318_130832_2,48318_130832
2276,person,0.98850214,176,69,317,357,130832,48318,0.2389830508474577,1,48318_130832_1,48318_130832
2277,person,0.9685661,329,89,462,360,130832,48318,0.2121174670433145,0,48318_130832_0,48318_130832
2278,person,0.99525034,12,34,151,351,130980,48318,0.2593161487758945,1,48318_130980_1,48318_130980
2279,person,0.98639536,285,80,472,360,130980,48318,0.3081450094161959,2,48318_130980_2,48318_130980
2280,person,0.97243047,188,68,332,351,130980,48318,0.2398305084745762,0,48318_130980_0,48318_130980
2281,person,0.7903124,207,77,409,354,130980,48318,0.3292961393596987,3,48318_130980_3,48318_130980
2282,person,0.99546576,22,37,211,359,131128,48318,0.3581567796610169,2,48318_131128_2,48318_131128
2283,person,0.9785144,190,72,339,357,131128,48318,0.2499117231638418,1,48318_131128_1,48318_131128
2284,person,0.9672089,322,86,472,350,131128,48318,0.2330508474576271,0,48318_131128_0,48318_131128
2285,person,0.99770904,54,57,256,348,131276,48318,0.3459392655367232,0,48318_131276_0,48318_131276
2286,person,0.99567586,9,47,230,355,131424,48318,0.4005885122410546,1,48318_131424_1,48318_131424
2287,person,0.9725714,347,143,438,353,131424,48318,0.1124646892655367,0,48318_131424_0,48318_131424
2288,person,0.9930155,217,116,410,357,131572,48318,0.2737346986817325,1,48318_131572_1,48318_131572
2289,person,0.9925633,95,40,244,360,131572,48318,0.2806026365348399,2,48318_131572_2,48318_131572
2290,person,0.9529908,408,163,472,360,131572,48318,0.0741996233521657,0,48318_131572_0,48318_131572
2291,person,0.9905156,93,39,246,360,131720,48318,0.2890360169491525,3,48318_131720_3,48318_131720
2292,person,0.96324855,223,117,383,346,131720,48318,0.2156308851224104,2,48318_131720_2,48318_131720
2293,person,0.90926236,416,151,471,354,131720,48318,0.0657073917137476,1,48318_131720_1,48318_131720
2294,person,0.6617604,228,163,273,258,131720,48318,0.0251588983050847,0,48318_131720_0,48318_131720
2295,person,0.98603165,177,199,214,302,131868,48318,0.0224282015065913,2,48318_131868_2,48318_131868
2296,person,0.8099094,374,212,400,279,131868,48318,0.0102518832391713,0,48318_131868_0,48318_131868
2297,person,0.60721415,417,194,448,266,131868,48318,0.0131355932203389,1,48318_131868_1,48318_131868
2298,person,0.9286747,251,207,277,278,132016,48318,0.0108639359698681,2,48318_132016_2,48318_132016
2299,person,0.915269,278,199,306,276,132016,48318,0.0126883239171374,3,48318_132016_3,48318_132016
2300,person,0.8803333000000001,394,199,423,278,132016,48318,0.0134828154425612,4,48318_132016_4,48318_132016
2301,person,0.8390488000000002,340,207,361,267,132016,48318,0.0074152542372881,0,48318_132016_0,48318_132016
2302,person,0.8000083,160,224,202,309,132016,48318,0.0210098870056497,5,48318_132016_5,48318_132016
2303,person,0.5787163000000001,423,191,450,255,132016,48318,0.0101694915254237,1,48318_132016_1,48318_132016
2304,person,0.9984869,231,76,377,354,132164,48318,0.2388653483992467,0,48318_132164_0,48318_132164
2305,person,0.9959772,42,44,218,352,132164,48318,0.3190207156308851,1,48318_132164_1,48318_132164
2306,person,0.99813974,304,153,378,360,132312,48318,0.0901483050847457,0,48318_132312_0,48318_132312
2307,person,0.9697296,191,123,363,359,132460,48318,0.2388888888888889,2,48318_132460_2,48318_132460
2308,person,0.9021185,334,115,413,310,132460,48318,0.0906603107344632,0,48318_132460_0,48318_132460
2309,dining table,0.664926,254,272,460,354,132460,48318,0.0994114877589454,1,48318_132460_1,48318_132460
2310,person,0.99663407,6,81,236,358,132608,48318,0.3749411487758945,1,48318_132608_1,48318_132608
2311,person,0.99389076,221,79,357,358,132608,48318,0.2233050847457627,0,48318_132608_0,48318_132608
2312,person,0.9950287,90,85,262,357,132756,48318,0.2753295668549906,2,48318_132756_2,48318_132756
2313,person,0.9696126,281,105,404,343,132756,48318,0.1722810734463276,1,48318_132756_1,48318_132756
2314,person,0.7288342,399,150,434,274,132756,48318,0.0255414312617702,0,48318_132756_0,48318_132756
2315,person,0.98965746,129,66,290,359,132904,48318,0.277618879472693,3,48318_132904_3,48318_132904
2316,person,0.87548935,1,6,97,200,132904,48318,0.1096045197740113,1,48318_132904_1,48318_132904
2317,chair,0.63467157,380,287,472,352,132904,48318,0.0351930320150659,0,48318_132904_0,48318_132904
2318,person,0.5415214,4,10,119,318,132904,48318,0.2084510357815442,2,48318_132904_2,48318_132904
2319,person,0.9660247,37,47,184,354,133052,48318,0.2655896892655367,3,48318_133052_3,48318_133052
2320,person,0.94994617,292,62,430,346,133052,48318,0.2306497175141243,2,48318_133052_2,48318_133052
2321,person,0.6970273,210,31,255,174,133052,48318,0.0378707627118644,1,48318_133052_1,48318_133052
2322,person,0.67655605,249,36,288,137,133052,48318,0.0231814971751412,0,48318_133052_0,48318_133052
2323,person,0.95578676,32,52,164,354,133200,48318,0.2346045197740113,4,48318_133200_4,48318_133200
2324,person,0.92035484,282,58,431,350,133200,48318,0.2560499058380414,5,48318_133200_5,48318_133200
2325,person,0.86210346,28,85,122,359,133200,48318,0.1515772128060263,3,48318_133200_3,48318_133200
2326,person,0.72175133,247,34,288,151,133200,48318,0.0282309322033898,0,48318_133200_0,48318_133200
2327,person,0.6972853,212,30,254,164,133200,48318,0.0331214689265536,1,48318_133200_1,48318_133200
2328,person,0.55771977,299,61,415,274,133200,48318,0.145409604519774,2,48318_133200_2,48318_133200
2329,person,0.9970074,296,62,462,358,133348,48318,0.2891713747645951,0,48318_133348_0,48318_133348
2330,person,0.9876478,26,36,236,353,133348,48318,0.3917725988700565,1,48318_133348_1,48318_133348
2331,person,0.9974631,292,60,457,359,133496,48318,0.2903425141242938,0,48318_133496_0,48318_133496
2332,person,0.9820971,22,19,226,352,133496,48318,0.3997881355932204,1,48318_133496_1,48318_133496
2333,person,0.99509865,94,55,280,357,133644,48318,0.3305790960451977,0,48318_133644_0,48318_133644
2334,person,0.99600995,126,50,337,357,133792,48318,0.3812205743879473,3,48318_133792_3,48318_133792
2335,remote,0.6649013,185,127,211,162,133792,48318,0.0053554613935969,0,48318_133792_0,48318_133792
2336,person,0.6350854,8,120,122,267,133792,48318,0.0986228813559322,1,48318_133792_1,48318_133792
2337,person,0.6281521999999999,13,116,148,339,133792,48318,0.1771716101694915,2,48318_133792_2,48318_133792
2338,person,0.99693394,131,51,339,360,133940,48318,0.3782485875706215,1,48318_133940_1,48318_133940
2339,person,0.8636318999999999,13,122,166,346,133940,48318,0.2016949152542373,0,48318_133940_0,48318_133940
2340,person,0.99705875,139,52,344,356,134088,48318,0.3667608286252354,1,48318_134088_1,48318_134088
2341,person,0.9422729,14,121,152,343,134088,48318,0.1802966101694916,0,48318_134088_0,48318_134088
2342,person,0.9958507,119,59,338,359,134236,48318,0.3866525423728814,1,48318_134236_1,48318_134236
2343,person,0.8701706,329,149,472,340,134236,48318,0.1607403483992467,0,48318_134236_0,48318_134236
2344,person,0.9950537,136,54,323,357,134384,48318,0.3334569209039548,2,48318_134384_2,48318_134384
2345,person,0.9317023,342,153,470,359,134384,48318,0.1551789077212806,1,48318_134384_1,48318_134384
2346,tie,0.56859666,203,176,219,233,134384,48318,0.005367231638418,0,48318_134384_0,48318_134384
2347,person,0.9936279,97,67,167,296,134532,48318,0.0943385122410546,1,48318_134532_1,48318_134532
2348,person,0.98671,169,79,230,307,134532,48318,0.0818502824858757,0,48318_134532_0,48318_134532
2349,person,0.9943311,36,26,248,356,134680,48318,0.4117231638418079,1,48318_134680_1,48318_134680
2350,person,0.9939737,250,66,412,360,134680,48318,0.2802966101694915,0,48318_134680_0,48318_134680
2351,person,0.99028265,17,37,239,355,134828,48318,0.4154661016949153,2,48318_134828_2,48318_134828
2352,person,0.97244817,286,38,466,358,134828,48318,0.3389830508474576,1,48318_134828_1,48318_134828
2353,tie,0.8713257999999999,131,156,163,293,134828,48318,0.0258003766478342,0,48318_134828_0,48318_134828
2354,person,0.99264526,253,69,406,360,134976,48318,0.2620233050847457,0,48318_134976_0,48318_134976
2355,person,0.9883497,36,36,250,356,134976,48318,0.4030131826741996,1,48318_134976_1,48318_134976
2356,person,0.9846341,9,26,171,357,135124,48318,0.3155720338983051,2,48318_135124_2,48318_135124
2357,person,0.980588,169,67,349,356,135124,48318,0.3061440677966102,1,48318_135124_1,48318_135124
2358,person,0.9696666,350,63,470,360,135124,48318,0.2097457627118644,0,48318_135124_0,48318_135124
2359,person,0.99179536,256,95,411,355,135272,48318,0.2371704331450094,0,48318_135272_0,48318_135272
2360,person,0.89347935,141,117,231,204,135420,48318,0.0460805084745762,4,48318_135420_4,48318_135420
2361,person,0.88064706,342,123,445,225,135420,48318,0.0618290960451977,5,48318_135420_5,48318_135420
2362,person,0.77362376,249,113,312,176,135420,48318,0.0233580508474576,1,48318_135420_1,48318_135420
2363,person,0.7190846,180,120,237,186,135420,48318,0.0221398305084745,0,48318_135420_0,48318_135420
2364,chair,0.64758056,0,193,104,358,135420,48318,0.1009887005649717,6,48318_135420_6,48318_135420
2365,dining table,0.6156034,70,160,402,299,135420,48318,0.2715866290018832,7,48318_135420_7,48318_135420
2366,person,0.61191136,336,112,393,186,135420,48318,0.0248234463276836,2,48318_135420_2,48318_135420
2367,person,0.5973658000000001,84,126,147,220,135420,48318,0.0348516949152542,3,48318_135420_3,48318_135420
2368,person,0.8931334000000001,342,129,450,232,135568,48318,0.0654661016949152,5,48318_135568_5,48318_135568
2369,person,0.8362378,244,115,314,177,135568,48318,0.0255414312617702,2,48318_135568_2,48318_135568
2370,person,0.8069339,71,123,169,226,135568,48318,0.0594044256120527,4,48318_135568_4,48318_135568
2371,person,0.74755245,178,121,242,188,135568,48318,0.0252354048964218,1,48318_135568_1,48318_135568
2372,dining table,0.7183409000000001,117,163,399,309,135568,48318,0.2423022598870057,8,48318_135568_8,48318_135568
2373,person,0.65051305,140,122,193,207,135568,48318,0.0265124764595103,3,48318_135568_3,48318_135568
2374,chair,0.62397045,11,179,132,353,135568,48318,0.1239053672316384,7,48318_135568_7,48318_135568
2375,person,0.5377213000000001,13,132,141,273,135568,48318,0.1062146892655367,6,48318_135568_6,48318_135568
2376,person,0.5331921,343,116,395,180,135568,48318,0.0195856873822975,0,48318_135568_0,48318_135568
2377,person,0.8597454,259,112,329,181,135716,48318,0.0284251412429378,0,48318_135716_0,48318_135716
2378,person,0.8467738000000001,347,118,445,213,135716,48318,0.0547904896421845,4,48318_135716_4,48318_135716
2379,person,0.82415295,176,119,251,190,135716,48318,0.0313382768361581,1,48318_135716_1,48318_135716
2380,person,0.79653966,68,121,145,236,135716,48318,0.052112758945386,3,48318_135716_3,48318_135716
2381,person,0.7782397,137,118,197,222,135716,48318,0.0367231638418079,2,48318_135716_2,48318_135716
2382,dining table,0.77618235,96,162,400,326,135716,48318,0.2934086629001883,6,48318_135716_6,48318_135716
2383,person,0.54586387,4,130,167,353,135716,48318,0.2139183145009416,5,48318_135716_5,48318_135716
2384,dining table,0.9225831,53,176,427,340,135864,48318,0.360969868173258,5,48318_135864_5,48318_135864
2385,person,0.9152011,390,110,470,235,135864,48318,0.0588512241054613,3,48318_135864_3,48318_135864
2386,person,0.90512747,128,110,207,233,135864,48318,0.0571857344632768,2,48318_135864_2,48318_135864
2387,person,0.86148787,41,120,128,261,135864,48318,0.0721927966101694,4,48318_135864_4,48318_135864
2388,person,0.7868052,174,113,257,194,135864,48318,0.0395656779661016,1,48318_135864_1,48318_135864
2389,person,0.77513444,267,104,333,180,135864,48318,0.0295197740112994,0,48318_135864_0,48318_135864
2390,person,0.88077104,107,115,192,259,136012,48318,0.0720338983050847,2,48318_136012_2,48318_136012
2391,person,0.8698584,7,125,106,324,136012,48318,0.1159427966101694,4,48318_136012_4,48318_136012
2392,person,0.833794,258,107,337,194,136012,48318,0.0404484463276836,0,48318_136012_0,48318_136012
2393,person,0.8060307,384,115,471,257,136012,48318,0.072704802259887,3,48318_136012_3,48318_136012
2394,dining table,0.7966241999999999,11,173,428,349,136012,48318,0.4319209039548023,5,48318_136012_5,48318_136012
2395,person,0.7394259,163,120,244,208,136012,48318,0.0419491525423728,1,48318_136012_1,48318_136012
2396,dining table,0.9504753,45,201,428,349,136160,48318,0.3335922787193973,6,48318_136160_6,48318_136160
2397,person,0.93943083,1,120,113,350,136160,48318,0.1516007532956685,5,48318_136160_5,48318_136160
2398,person,0.9195457,81,119,181,285,136160,48318,0.0976930320150659,4,48318_136160_4,48318_136160
2399,person,0.9032739,267,110,351,203,136160,48318,0.0459745762711864,1,48318_136160_1,48318_136160
2400,person,0.85551757,148,122,252,225,136160,48318,0.0630414312617702,2,48318_136160_2,48318_136160
2401,person,0.72651917,412,114,466,221,136160,48318,0.0340042372881355,0,48318_136160_0,48318_136160
2402,person,0.5281499,377,111,465,237,136160,48318,0.0652542372881355,3,48318_136160_3,48318_136160
2403,person,0.978671,72,121,220,307,136308,48318,0.1620056497175141,4,48318_136308_4,48318_136308
2404,person,0.9090089,159,121,263,234,136308,48318,0.0691619585687382,2,48318_136308_2,48318_136308
2405,person,0.89494693,271,111,357,211,136308,48318,0.0506120527306968,1,48318_136308_1,48318_136308
2406,dining table,0.8378455,57,199,417,353,136308,48318,0.326271186440678,6,48318_136308_6,48318_136308
2407,person,0.73927826,17,132,214,335,136308,48318,0.2353519303201507,5,48318_136308_5,48318_136308
2408,person,0.6916389000000001,415,110,472,236,136308,48318,0.0422669491525423,0,48318_136308_0,48318_136308
2409,person,0.51430696,0,131,101,347,136308,48318,0.1283898305084745,3,48318_136308_3,48318_136308
2410,person,0.9203274,82,120,223,283,136456,48318,0.1352577683615819,3,48318_136456_3,48318_136456
2411,person,0.8929866,152,124,263,236,136456,48318,0.0731638418079096,2,48318_136456_2,48318_136456
2412,dining table,0.88060325,41,204,421,352,136456,48318,0.3309792843691149,5,48318_136456_5,48318_136456
2413,person,0.86282384,260,111,352,210,136456,48318,0.0536016949152542,1,48318_136456_1,48318_136456
2414,person,0.73231226,416,114,470,232,136456,48318,0.0375,0,48318_136456_0,48318_136456
2415,person,0.50637585,0,138,121,347,136456,48318,0.1488288606403013,4,48318_136456_4,48318_136456
2416,dining table,0.9731476,68,211,450,348,136604,48318,0.3079919962335216,5,48318_136604_5,48318_136604
2417,person,0.9084296,265,109,363,209,136604,48318,0.0576741996233521,1,48318_136604_1,48318_136604
2418,person,0.8913763000000001,53,119,203,302,136604,48318,0.1615466101694915,4,48318_136604_4,48318_136604
2419,person,0.8737519,142,115,249,234,136604,48318,0.0749352636534839,2,48318_136604_2,48318_136604
2420,person,0.7932373,386,111,467,229,136604,48318,0.05625,0,48318_136604_0,48318_136604
2421,person,0.5801192,85,117,232,273,136604,48318,0.134957627118644,3,48318_136604_3,48318_136604
2422,person,0.9552999,258,110,360,210,136752,48318,0.0600282485875706,1,48318_136752_1,48318_136752
2423,person,0.95113343,58,120,207,302,136752,48318,0.1595927495291902,4,48318_136752_4,48318_136752
2424,person,0.8906806999999999,147,120,243,227,136752,48318,0.0604519774011299,2,48318_136752_2,48318_136752
2425,dining table,0.83226436,40,204,456,345,136752,48318,0.3451977401129944,5,48318_136752_5,48318_136752
2426,person,0.55369943,402,109,469,248,136752,48318,0.0548081450094161,0,48318_136752_0,48318_136752
2427,person,0.5089049,0,144,97,343,136752,48318,0.1136005178907721,3,48318_136752_3,48318_136752
2428,person,0.9874166,126,40,361,271,136900,48318,0.3194738700564972,0,48318_136900_0,48318_136900
2429,dining table,0.50510246,0,213,446,350,136900,48318,0.3595927495291902,1,48318_136900_1,48318_136900
2430,person,0.99079996,122,44,359,273,137048,48318,0.3194032485875706,0,48318_137048_0,48318_137048
2431,person,0.9941684,92,35,445,358,137196,48318,0.6710157721280603,1,48318_137196_1,48318_137196
2432,tie,0.9218271,223,225,264,309,137196,48318,0.0202683615819209,0,48318_137196_0,48318_137196
2433,person,0.9837442,96,38,458,356,137344,48318,0.6774717514124293,1,48318_137344_1,48318_137344
2434,tie,0.87700397,226,226,265,329,137344,48318,0.0236405367231638,0,48318_137344_0,48318_137344
2435,person,0.99541926,82,43,449,360,137492,48318,0.6846692561205273,2,48318_137492_2,48318_137492
2436,tie,0.9142024,226,226,265,328,137492,48318,0.0234110169491525,0,48318_137492_0,48318_137492
2437,chair,0.55162007,61,115,197,355,137492,48318,0.192090395480226,1,48318_137492_1,48318_137492
2438,person,0.99170893,82,42,458,357,137640,48318,0.6970338983050848,1,48318_137640_1,48318_137640
2439,tie,0.77476573,225,227,263,331,137640,48318,0.0232580037664783,0,48318_137640_0,48318_137640
2440,person,0.9467329,65,118,187,297,137788,48318,0.1285193032015066,7,48318_137788_7,48318_137788
2441,person,0.9113988,247,103,339,207,137788,48318,0.0563088512241054,3,48318_137788_3,48318_137788
2442,dining table,0.89426196,7,205,410,346,137788,48318,0.3344103107344633,8,48318_137788_8,48318_137788
2443,person,0.83216834,0,141,81,335,137788,48318,0.092478813559322,5,48318_137788_5,48318_137788
2444,person,0.8034496999999999,138,122,223,230,137788,48318,0.0540254237288135,2,48318_137788_2,48318_137788
2445,person,0.6155074,390,120,464,239,137788,48318,0.0518243879472692,1,48318_137788_1,48318_137788
2446,person,0.6108074,414,122,467,219,137788,48318,0.0302554143126177,0,48318_137788_0,48318_137788
2447,person,0.57101923,363,122,470,263,137788,48318,0.0887888418079096,4,48318_137788_4,48318_137788
2448,person,0.51423174,98,120,222,263,137788,48318,0.1043549905838041,6,48318_137788_6,48318_137788
2449,person,0.9795221,63,119,204,304,137936,48318,0.153513418079096,6,48318_137936_6,48318_137936
2450,dining table,0.9257404,18,197,411,350,137936,48318,0.3538665254237288,7,48318_137936_7,48318_137936
2451,person,0.9029089,255,117,345,204,137936,48318,0.0460805084745762,2,48318_137936_2,48318_137936
2452,person,0.8252605,1,143,81,333,137936,48318,0.0894538606403013,5,48318_137936_5,48318_137936
2453,person,0.7845293000000001,141,120,229,223,137936,48318,0.0533427495291902,3,48318_137936_3,48318_137936
2454,person,0.7059884,377,132,472,259,137936,48318,0.0710040018832391,4,48318_137936_4,48318_137936
2455,person,0.70406663,399,116,447,221,137936,48318,0.0296610169491525,0,48318_137936_0,48318_137936
2456,person,0.6492564000000001,396,131,462,231,137936,48318,0.0388418079096045,1,48318_137936_1,48318_137936
2457,person,0.9247275,137,127,243,237,138084,48318,0.0686205273069679,3,48318_138084_3,48318_138084
2458,person,0.91553473,362,127,470,273,138084,48318,0.0927966101694915,4,48318_138084_4,48318_138084
2459,person,0.88546664,58,120,166,306,138084,48318,0.1182203389830508,6,48318_138084_6,48318_138084
2460,dining table,0.8818806999999999,45,194,425,348,138084,48318,0.3443973634651601,8,48318_138084_8,48318_138084
2461,person,0.8762815,256,116,346,203,138084,48318,0.0460805084745762,1,48318_138084_1,48318_138084
2462,person,0.83716995,2,143,97,332,138084,48318,0.1056673728813559,5,48318_138084_5,48318_138084
2463,person,0.75137264,9,132,145,333,138084,48318,0.1608757062146892,7,48318_138084_7,48318_138084
2464,person,0.6086705,395,117,446,217,138084,48318,0.0300141242937853,0,48318_138084_0,48318_138084
2465,person,0.5648605999999999,383,119,460,233,138084,48318,0.051659604519774,2,48318_138084_2,48318_138084
2466,person,0.9285937,146,128,254,230,138232,48318,0.0648305084745762,2,48318_138232_2,48318_138232
2467,dining table,0.9184626,55,188,405,344,138232,48318,0.3213276836158192,6,48318_138232_6,48318_138232
2468,person,0.8735089,65,123,217,307,138232,48318,0.1645951035781544,4,48318_138232_4,48318_138232
2469,person,0.8559372,257,116,346,205,138232,48318,0.0466160546139359,0,48318_138232_0,48318_138232
2470,person,0.8232596999999999,392,123,466,256,138232,48318,0.0579213747645951,1,48318_138232_1,48318_138232
2471,person,0.7557785,1,145,90,327,138232,48318,0.0953272128060263,3,48318_138232_3,48318_138232
2472,person,0.52866244,7,127,142,335,138232,48318,0.1652542372881356,5,48318_138232_5,48318_138232
2473,dining table,0.9335363,23,201,407,347,138380,48318,0.3299435028248587,6,48318_138380_6,48318_138380
2474,person,0.9107593,137,126,249,238,138380,48318,0.0738229755178907,2,48318_138380_2,48318_138380
2475,person,0.88157856,377,121,469,263,138380,48318,0.0768832391713747,3,48318_138380_3,48318_138380
2476,person,0.85820735,255,117,347,205,138380,48318,0.0476459510357815,1,48318_138380_1,48318_138380
2477,person,0.81921935,55,123,174,310,138380,48318,0.1309616290018832,5,48318_138380_5,48318_138380
2478,person,0.74304986,4,145,85,338,138380,48318,0.0920021186440678,4,48318_138380_4,48318_138380
2479,person,0.6252455,398,121,462,230,138380,48318,0.0410546139359698,0,48318_138380_0,48318_138380
2480,person,0.9302917,246,107,343,206,138528,48318,0.0565148305084745,0,48318_138528_0,48318_138528
2481,person,0.92113787,135,126,252,236,138528,48318,0.0757415254237288,1,48318_138528_1,48318_138528
2482,person,0.905643,374,121,468,261,138528,48318,0.0774482109227872,2,48318_138528_2,48318_138528
2483,dining table,0.88996583,0,212,386,345,138528,48318,0.3021304143126177,5,48318_138528_5,48318_138528
2484,person,0.8110083,57,123,190,305,138528,48318,0.1424552730696798,4,48318_138528_4,48318_138528
2485,person,0.7033986999999999,0,132,114,340,138528,48318,0.13954802259887,3,48318_138528_3,48318_138528
2486,person,0.9924069,77,29,368,356,138676,48318,0.560010593220339,1,48318_138676_1,48318_138676
2487,chair,0.5403756,52,259,94,358,138676,48318,0.0244703389830508,0,48318_138676_0,48318_138676
2488,person,0.9950368,74,43,374,355,138824,48318,0.5508474576271186,0,48318_138824_0,48318_138824
2489,person,0.98158467,147,71,325,280,138972,48318,0.2189383239171374,2,48318_138972_2,48318_138972
2490,person,0.980105,2,59,148,258,138972,48318,0.1709863465160075,1,48318_138972_1,48318_138972
2491,person,0.9785411,276,41,472,355,138972,48318,0.3621939736346516,3,48318_138972_3,48318_138972
2492,tie,0.68556327,240,174,265,257,138972,48318,0.0122116290018832,0,48318_138972_0,48318_138972
2493,person,0.91385126,65,126,261,315,139120,48318,0.2180084745762712,3,48318_139120_3,48318_139120
2494,person,0.90319335,264,108,361,220,139120,48318,0.0639359698681732,2,48318_139120_2,48318_139120
2495,person,0.7747153,153,48,223,164,139120,48318,0.0477871939736346,1,48318_139120_1,48318_139120
2496,chair,0.6079607,63,143,105,261,139120,48318,0.0291666666666666,0,48318_139120_0,48318_139120
2497,person,0.9631393,319,115,463,282,139268,48318,0.1415254237288135,2,48318_139268_2,48318_139268
2498,person,0.95729285,8,124,184,333,139268,48318,0.2164783427495292,3,48318_139268_3,48318_139268
2499,person,0.8738292,188,112,287,224,139268,48318,0.0652542372881355,0,48318_139268_0,48318_139268
2500,person,0.85924816,145,51,225,210,139268,48318,0.0748587570621469,1,48318_139268_1,48318_139268
2501,person,0.9564352,15,128,183,322,139416,48318,0.1918079096045197,3,48318_139416_3,48318_139416
2502,person,0.93378854,306,113,467,265,139416,48318,0.1440207156308851,2,48318_139416_2,48318_139416
2503,person,0.8699004000000001,146,49,221,215,139416,48318,0.0732697740112994,1,48318_139416_1,48318_139416
2504,person,0.85924923,194,107,287,224,139416,48318,0.0640360169491525,0,48318_139416_0,48318_139416
2505,dining table,0.70992386,6,226,433,353,139416,48318,0.3191443032015066,4,48318_139416_4,48318_139416
2506,person,0.9654201,16,124,184,316,139564,48318,0.1898305084745762,3,48318_139564_3,48318_139564
2507,person,0.94483703,310,115,465,279,139564,48318,0.1495998116760828,2,48318_139564_2,48318_139564
2508,person,0.84402394,195,107,289,224,139564,48318,0.0647245762711864,0,48318_139564_0,48318_139564
2509,person,0.83609205,144,51,223,218,139564,48318,0.0776424199623352,1,48318_139564_1,48318_139564
2510,dining table,0.7116045,23,229,414,352,139564,48318,0.2830331920903954,4,48318_139564_4,48318_139564
2511,person,0.977741,8,122,180,332,139712,48318,0.2125706214689264,3,48318_139712_3,48318_139712
2512,person,0.9695462,205,38,303,230,139712,48318,0.1107344632768361,1,48318_139712_1,48318_139712
2513,person,0.9067755,319,113,466,294,139712,48318,0.1565854519774011,2,48318_139712_2,48318_139712
2514,person,0.9023356,136,48,218,231,139712,48318,0.0883121468926553,0,48318_139712_0,48318_139712
2515,person,0.99035573,8,130,179,349,139860,48318,0.2203919491525424,3,48318_139860_3,48318_139860
2516,person,0.95435685,211,44,315,240,139860,48318,0.1199623352165725,1,48318_139860_1,48318_139860
2517,person,0.95307934,313,116,469,297,139860,48318,0.1661723163841807,2,48318_139860_2,48318_139860
2518,person,0.9313819,144,49,215,238,139860,48318,0.0789724576271186,0,48318_139860_0,48318_139860
2519,dining table,0.90559375,27,228,430,353,139860,48318,0.2964630414312618,4,48318_139860_4,48318_139860
2520,person,0.9882448,8,125,181,343,140008,48318,0.2219515065913371,3,48318_140008_3,48318_140008
2521,person,0.9764748,201,40,308,237,140008,48318,0.124052495291902,1,48318_140008_1,48318_140008
2522,dining table,0.91211665,35,220,431,355,140008,48318,0.3146186440677966,4,48318_140008_4,48318_140008
2523,person,0.88434345,315,120,468,291,140008,48318,0.1539724576271186,2,48318_140008_2,48318_140008
2524,person,0.8451485999999999,137,46,204,233,140008,48318,0.0737346986817325,0,48318_140008_0,48318_140008
2525,person,0.98548156,5,133,160,308,140156,48318,0.159633945386064,4,48318_140156_4,48318_140156
2526,person,0.96014357,276,128,387,267,140156,48318,0.0908015536723164,2,48318_140156_2,48318_140156
2527,person,0.95991874,148,63,229,238,140156,48318,0.0834216101694915,1,48318_140156_1,48318_140156
2528,person,0.9453407,353,126,466,318,140156,48318,0.127683615819209,3,48318_140156_3,48318_140156
2529,dining table,0.79969436,0,226,417,355,140156,48318,0.3165783898305085,5,48318_140156_5,48318_140156
2530,mouse,0.65202516,272,298,308,325,140156,48318,0.0057203389830508,0,48318_140156_0,48318_140156
2531,person,0.987377,4,138,151,299,140304,48318,0.1392831920903954,5,48318_140304_5,48318_140304
2532,person,0.9543269,268,128,391,269,140304,48318,0.1020656779661016,2,48318_140304_2,48318_140304
2533,person,0.9538398,132,58,229,244,140304,48318,0.1061793785310734,3,48318_140304_3,48318_140304
2534,person,0.933095,353,129,466,313,140304,48318,0.1223634651600753,4,48318_140304_4,48318_140304
2535,dining table,0.7864669,0,227,413,354,140304,48318,0.3086805555555556,6,48318_140304_6,48318_140304
2536,chair,0.73025703,217,182,263,237,140304,48318,0.0148893596986817,1,48318_140304_1,48318_140304
2537,mouse,0.64595497,271,300,307,324,140304,48318,0.0050847457627118,0,48318_140304_0,48318_140304
2538,person,0.9449625,124,48,384,351,140452,48318,0.4636299435028249,3,48318_140452_3,48318_140452
2539,person,0.7499439,4,25,189,342,140452,48318,0.3451330037664783,2,48318_140452_2,48318_140452
2540,person,0.71360195,353,33,469,234,140452,48318,0.1372175141242937,1,48318_140452_1,48318_140452
2541,person,0.66294736,306,10,389,192,140452,48318,0.0889006591337099,0,48318_140452_0,48318_140452
2542,person,0.9443503,107,167,260,360,140600,48318,0.1737817796610169,3,48318_140600_3,48318_140600
2543,person,0.9075052,0,165,103,355,140600,48318,0.1151718455743879,1,48318_140600_1,48318_140600
2544,person,0.8150986,300,164,441,348,140600,48318,0.152683615819209,2,48318_140600_2,48318_140600
2545,person,0.7318513000000001,211,136,296,311,140600,48318,0.0875411958568738,0,48318_140600_0,48318_140600
2546,person,0.9927521,141,37,420,360,140748,48318,0.5303495762711864,2,48318_140748_2,48318_140748
2547,tie,0.8488643,256,181,286,320,140748,48318,0.0245409604519774,0,48318_140748_0,48318_140748
2548,tie,0.6987991,224,177,282,351,140748,48318,0.0593926553672316,1,48318_140748_1,48318_140748
2549,person,0.9966544,260,119,315,284,140896,48318,0.0534074858757062,2,48318_140896_2,48318_140896
2550,person,0.72546655,398,172,462,265,140896,48318,0.0350282485875706,1,48318_140896_1,48318_140896
2551,person,0.6403158,131,172,182,280,140896,48318,0.0324152542372881,0,48318_140896_0,48318_140896
2552,person,0.58686256,19,184,107,300,140896,48318,0.0600753295668549,3,48318_140896_3,48318_140896
2553,person,0.99615115,259,114,314,282,141044,48318,0.0543785310734463,2,48318_141044_2,48318_141044
2554,person,0.68893045,393,165,444,264,141044,48318,0.0297139830508474,1,48318_141044_1,48318_141044
2555,person,0.62878275,20,179,107,297,141044,48318,0.0604166666666666,3,48318_141044_3,48318_141044
2556,person,0.6083834,128,172,177,267,141044,48318,0.0273952448210922,0,48318_141044_0,48318_141044
2557,person,0.99655473,165,43,355,351,141192,48318,0.3443973634651601,1,48318_141192_1,48318_141192
2558,tie,0.75392044,248,154,269,239,141192,48318,0.0105049435028248,0,48318_141192_0,48318_141192
2559,person,0.99042666,93,29,421,355,141340,48318,0.6292843691148776,4,48318_141340_4,48318_141340
2560,person,0.94422686,4,25,198,324,141340,48318,0.3413724105461393,3,48318_141340_3,48318_141340
2561,person,0.65201443,409,161,472,359,141340,48318,0.0734110169491525,1,48318_141340_1,48318_141340
2562,person,0.5789478,376,10,472,301,141340,48318,0.1644067796610169,2,48318_141340_2,48318_141340
2563,person,0.5534113,284,4,349,80,141340,48318,0.0290725047080979,0,48318_141340_0,48318_141340
2564,person,0.9834036,105,43,404,357,141488,48318,0.5525306026365349,4,48318_141488_4,48318_141488
2565,person,0.97621745,7,24,196,337,141488,48318,0.348146186440678,3,48318_141488_3,48318_141488
2566,person,0.67866004,408,165,472,359,141488,48318,0.0730696798493408,0,48318_141488_0,48318_141488
2567,person,0.67188644,372,15,472,297,141488,48318,0.1659604519774011,2,48318_141488_2,48318_141488
2568,person,0.5409301,318,28,423,226,141488,48318,0.1223516949152542,1,48318_141488_1,48318_141488
2569,person,0.99784374,196,101,270,299,141636,48318,0.086228813559322,4,48318_141636_4,48318_141636
2570,person,0.7769809,329,135,396,246,141636,48318,0.0437676553672316,2,48318_141636_2,48318_141636
2571,person,0.6948825,83,136,143,249,141636,48318,0.0399011299435028,1,48318_141636_1,48318_141636
2572,person,0.685728,0,118,50,274,141636,48318,0.0459039548022598,3,48318_141636_3,48318_141636
2573,chair,0.5870986999999999,398,172,452,245,141636,48318,0.0231991525423728,0,48318_141636_0,48318_141636
2574,person,0.5059583,0,9,472,286,141636,48318,0.7694444444444445,5,48318_141636_5,48318_141636
2575,person,0.9974298,197,101,272,299,141784,48318,0.0873940677966101,5,48318_141784_5,48318_141784
2576,person,0.79365253,331,139,392,250,141784,48318,0.0398481638418079,3,48318_141784_3,48318_141784
2577,person,0.7456983,85,139,142,252,141784,48318,0.0379060734463276,1,48318_141784_1,48318_141784
2578,chair,0.6649109000000001,400,173,454,244,141784,48318,0.0225635593220339,0,48318_141784_0,48318_141784
2579,person,0.5762549,0,134,46,280,141784,48318,0.0395244821092278,2,48318_141784_2,48318_141784
2580,person,0.51799566,19,134,90,258,141784,48318,0.0518126177024482,4,48318_141784_4,48318_141784
2581,person,0.9966259,161,42,349,353,141932,48318,0.3440913370998117,0,48318_141932_0,48318_141932
2582,person,0.9927999,198,47,451,357,142080,48318,0.4615701506591337,2,48318_142080_2,48318_142080
2583,person,0.98390895,3,63,238,360,142080,48318,0.4107521186440678,1,48318_142080_1,48318_142080
2584,tie,0.71203166,313,161,335,229,142080,48318,0.008804143126177,0,48318_142080_0,48318_142080
2585,person,0.8417588,2,238,90,358,142228,48318,0.0621468926553672,3,48318_142228_3,48318_142228
2586,person,0.8015420999999999,81,227,200,358,142228,48318,0.0917431732580037,4,48318_142228_4,48318_142228
2587,person,0.7242873000000001,425,154,472,275,142228,48318,0.0334686911487758,2,48318_142228_2,48318_142228
2588,person,0.66715974,210,201,263,266,142228,48318,0.0202742467043314,1,48318_142228_1,48318_142228
2589,chair,0.6395033,212,244,258,309,142228,48318,0.0175965160075329,0,48318_142228_0,48318_142228
2590,person,0.9886236,139,38,409,357,142376,48318,0.506885593220339,0,48318_142376_0,48318_142376
2591,person,0.98213905,207,128,271,318,142524,48318,0.071563088512241,3,48318_142524_3,48318_142524
2592,person,0.94635135,376,131,464,272,142524,48318,0.0730225988700565,4,48318_142524_4,48318_142524
2593,person,0.8415351000000001,82,143,139,263,142524,48318,0.0402542372881355,2,48318_142524_2,48318_142524
2594,person,0.53583384,20,147,75,266,142524,48318,0.0385181261770244,1,48318_142524_1,48318_142524
2595,chair,0.5293406999999999,338,179,387,249,142524,48318,0.0201859698681732,0,48318_142524_0,48318_142524
2596,person,0.98700666,126,46,394,353,142672,48318,0.4842043314500942,0,48318_142672_0,48318_142672
2597,person,0.9874665,85,45,389,354,142820,48318,0.5528248587570621,0,48318_142820_0,48318_142820
2598,person,0.9984341,170,47,368,360,142968,48318,0.3647245762711864,0,48318_142968_0,48318_142968
2599,person,0.9914547,201,64,298,326,143116,48318,0.1495645009416195,1,48318_143116_1,48318_143116
2600,potted plant,0.8246665000000001,270,21,382,256,143116,48318,0.1548964218455744,2,48318_143116_2,48318_143116
2601,person,0.51195115,209,61,295,146,143116,48318,0.0430202448210922,0,48318_143116_0,48318_143116
2602,person,0.9807339,215,46,320,315,143264,48318,0.1662252824858757,3,48318_143264_3,48318_143264
2603,vase,0.91657096,303,149,366,260,143264,48318,0.0411546610169491,0,48318_143264_0,48318_143264
2604,potted plant,0.8617860999999999,283,16,400,249,143264,48318,0.1604343220338983,2,48318_143264_2,48318_143264
2605,person,0.6551164,230,46,322,133,143264,48318,0.0471045197740113,1,48318_143264_1,48318_143264
2606,person,0.9819394,217,51,318,313,143412,48318,0.1557321092278719,3,48318_143412_3,48318_143412
2607,vase,0.82020354,312,161,366,254,143412,48318,0.0295550847457627,0,48318_143412_0,48318_143412
2608,potted plant,0.7177185,291,27,402,251,143412,48318,0.1463276836158192,2,48318_143412_2,48318_143412
2609,person,0.6842179,234,48,320,127,143412,48318,0.0399835216572504,1,48318_143412_1,48318_143412
2610,person,0.9816815,217,49,317,304,143560,48318,0.1500706214689265,1,48318_143560_1,48318_143560
2611,potted plant,0.7770849,289,13,399,259,143560,48318,0.1592514124293785,2,48318_143560_2,48318_143560
2612,person,0.67078906,231,45,317,131,143560,48318,0.0435263653483992,0,48318_143560_0,48318_143560
2613,person,0.97623366,285,14,470,360,143708,48318,0.3767066854990584,1,48318_143708_1,48318_143708
2614,tie,0.93883234,349,219,404,355,143708,48318,0.0440207156308851,0,48318_143708_0,48318_143708
2615,person,0.9686055,379,101,442,265,143856,48318,0.0608050847457627,1,48318_143856_1,48318_143856
2616,person,0.8248949000000001,18,103,73,278,143856,48318,0.0566443032015065,0,48318_143856_0,48318_143856
2617,person,0.8802653,37,59,436,353,144004,48318,0.6903601694915255,0,48318_144004_0,48318_144004
2618,person,0.9860438,379,111,441,268,144152,48318,0.0572857815442561,1,48318_144152_1,48318_144152
2619,person,0.9448415,16,111,68,283,144152,48318,0.0526365348399246,0,48318_144152_0,48318_144152
2620,person,0.99343395,379,114,440,271,144300,48318,0.0563618173258003,1,48318_144300_1,48318_144300
2621,person,0.9552153,19,104,67,284,144300,48318,0.0508474576271186,0,48318_144300_0,48318_144300
2622,person,0.76545954,262,55,354,287,144300,48318,0.1256120527306968,2,48318_144300_2,48318_144300
2623,person,0.83453315,10,240,130,354,144448,48318,0.0805084745762711,6,48318_144448_6,48318_144448
2624,person,0.81564826,133,251,232,355,144448,48318,0.060593220338983,4,48318_144448_4,48318_144448
2625,person,0.80786246,354,199,431,333,144448,48318,0.060722693032015,5,48318_144448_5,48318_144448
2626,person,0.7096836999999999,224,111,249,170,144448,48318,0.0086805555555555,0,48318_144448_0,48318_144448
2627,person,0.7004773,231,208,270,328,144448,48318,0.0275423728813559,2,48318_144448_2,48318_144448
2628,person,0.5663560000000001,185,190,243,318,144448,48318,0.0436911487758945,3,48318_144448_3,48318_144448
2629,chair,0.5309292,232,250,268,331,144448,48318,0.0171610169491525,1,48318_144448_1,48318_144448
2630,person,0.9602958,190,131,238,265,144596,48318,0.0378531073446327,0,48318_144596_0,48318_144596
2631,person,0.9140418,229,98,316,284,144596,48318,0.0952330508474576,2,48318_144596_2,48318_144596
2632,person,0.6788436,16,158,79,268,144596,48318,0.0407838983050847,1,48318_144596_1,48318_144596
2633,person,0.9728832,190,134,240,267,144744,48318,0.0391360640301318,0,48318_144744_0,48318_144744
2634,person,0.9073559,259,82,325,292,144744,48318,0.0815677966101695,2,48318_144744_2,48318_144744
2635,person,0.8489593000000001,240,84,399,294,144744,48318,0.1965042372881356,3,48318_144744_3,48318_144744
2636,person,0.84892327,18,158,81,269,144744,48318,0.0411546610169491,1,48318_144744_1,48318_144744
2637,person,0.9918908,53,75,209,356,144892,48318,0.2579802259887006,3,48318_144892_3,48318_144892
2638,person,0.88418335,398,144,471,325,144892,48318,0.0777601224105461,2,48318_144892_2,48318_144892
2639,person,0.76253253,323,160,388,302,144892,48318,0.0543196798493408,1,48318_144892_1,48318_144892
2640,person,0.5633427,0,13,472,289,144892,48318,0.7666666666666667,4,48318_144892_4,48318_144892
2641,person,0.53325677,12,144,64,312,144892,48318,0.051412429378531,0,48318_144892_0,48318_144892
2642,person,0.96462137,5,119,56,276,145040,48318,0.0471221751412429,1,48318_145040_1,48318_145040
2643,person,0.8496665999999999,138,96,309,285,145040,48318,0.1902012711864406,2,48318_145040_2,48318_145040
2644,chair,0.6602943,272,229,345,284,145040,48318,0.0236287664783427,0,48318_145040_0,48318_145040
2645,person,0.9899558,205,96,281,286,145188,48318,0.0849811676082862,2,48318_145188_2,48318_145188
2646,person,0.97518003,4,117,56,275,145188,48318,0.048352165725047,0,48318_145188_0,48318_145188
2647,handbag,0.62410444,135,143,229,275,145188,48318,0.0730225988700565,1,48318_145188_1,48318_145188
2648,person,0.9611836,204,64,454,359,145336,48318,0.4340277777777778,4,48318_145336_4,48318_145336
2649,person,0.95878273,6,85,201,357,145336,48318,0.3121468926553672,3,48318_145336_3,48318_145336
2650,person,0.86845917,351,65,470,283,145336,48318,0.1526718455743879,2,48318_145336_2,48318_145336
2651,tie,0.64551866,289,167,313,216,145336,48318,0.0069209039548022,1,48318_145336_1,48318_145336
2652,tie,0.55038756,290,170,306,209,145336,48318,0.0036723163841807,0,48318_145336_0,48318_145336
2653,person,0.9945239,226,88,336,285,145484,48318,0.1275306026365348,2,48318_145484_2,48318_145484
2654,umbrella,0.90602666,39,206,112,273,145484,48318,0.0287841337099811,1,48318_145484_1,48318_145484
2655,vase,0.5653128000000001,344,234,371,287,145484,48318,0.0084216101694915,0,48318_145484_0,48318_145484
2656,person,0.994501,247,86,313,284,145632,48318,0.0769067796610169,1,48318_145632_1,48318_145632
2657,umbrella,0.8708343000000001,40,205,111,273,145632,48318,0.0284133709981167,0,48318_145632_0,48318_145632
2658,person,0.8834466999999999,370,186,453,337,145780,48318,0.0737582391713747,3,48318_145780_3,48318_145780
2659,person,0.82656574,136,257,237,357,145780,48318,0.059439736346516,1,48318_145780_1,48318_145780
2660,person,0.6601058000000001,207,205,265,280,145780,48318,0.0256002824858757,0,48318_145780_0,48318_145780
2661,person,0.6337239,23,254,132,360,145780,48318,0.0679967043314501,2,48318_145780_2,48318_145780
2662,person,0.98602796,41,110,95,270,145928,48318,0.0508474576271186,1,48318_145928_1,48318_145928
2663,person,0.96335953,225,78,372,270,145928,48318,0.1661016949152542,2,48318_145928_2,48318_145928
2664,person,0.6690264,367,159,432,272,145928,48318,0.0432262241054613,0,48318_145928_0,48318_145928
2665,person,0.98010796,126,22,426,356,146076,48318,0.5896892655367232,0,48318_146076_0,48318_146076
2666,person,0.9562638,295,70,364,302,146224,48318,0.0942090395480226,2,48318_146224_2,48318_146224
2667,person,0.8781296999999999,40,109,92,270,146224,48318,0.0492702448210922,1,48318_146224_1,48318_146224
2668,person,0.78179157,370,160,432,273,146224,48318,0.0412311676082862,0,48318_146224_0,48318_146224
2669,person,0.98743725,242,94,302,288,146372,48318,0.068502824858757,3,48318_146372_3,48318_146372
2670,person,0.9148499,23,113,78,281,146372,48318,0.0543785310734463,1,48318_146372_1,48318_146372
2671,person,0.57268417,156,166,248,268,146372,48318,0.0552259887005649,2,48318_146372_2,48318_146372
2672,person,0.5574935000000001,202,169,255,253,146372,48318,0.0262005649717514,0,48318_146372_0,48318_146372
2673,person,0.9728714,42,28,457,355,146520,48318,0.7986405367231638,0,48318_146520_0,48318_146520
2674,person,0.9881805,88,75,363,360,146668,48318,0.4612464689265537,0,48318_146668_0,48318_146668
2675,person,0.89829016,194,150,283,321,146816,48318,0.0895656779661017,4,48318_146816_4,48318_146816
2676,person,0.8874323000000001,286,154,369,323,146816,48318,0.0825506120527306,3,48318_146816_3,48318_146816
2677,person,0.8388048,388,149,472,314,146816,48318,0.0815677966101695,2,48318_146816_2,48318_146816
2678,person,0.7036340999999999,36,46,115,199,146816,48318,0.0711334745762711,1,48318_146816_1,48318_146816
2679,person,0.64843905,121,165,157,222,146816,48318,0.0120762711864406,0,48318_146816_0,48318_146816
2680,person,0.90629494,286,152,367,302,146964,48318,0.0715042372881356,3,48318_146964_3,48318_146964
2681,person,0.8346913,386,142,469,315,146964,48318,0.084504472693032,6,48318_146964_6,48318_146964
2682,person,0.78852093,245,125,309,308,146964,48318,0.0689265536723163,1,48318_146964_1,48318_146964
2683,person,0.78144974,30,42,110,205,146964,48318,0.0767419962335216,5,48318_146964_5,48318_146964
2684,person,0.75214404,126,158,171,221,146964,48318,0.0166843220338983,0,48318_146964_0,48318_146964
2685,person,0.7114035,186,153,261,310,146964,48318,0.0692973163841808,2,48318_146964_2,48318_146964
2686,dining table,0.70765305,181,308,468,352,146964,48318,0.0743173258003766,4,48318_146964_4,48318_146964
2687,person,0.98545134,97,60,469,355,147112,48318,0.6458333333333334,0,48318_147112_0,48318_147112
2688,person,0.99593073,237,80,314,293,147260,48318,0.0965218926553672,0,48318_147260_0,48318_147260
2689,person,0.9730084,381,142,472,356,147408,48318,0.1146068738229755,5,48318_147408_5,48318_147408
2690,person,0.9526423,193,147,294,301,147408,48318,0.0915371939736346,2,48318_147408_2,48318_147408
2691,person,0.9111784,87,144,190,325,147408,48318,0.1097163370998116,4,48318_147408_4,48318_147408
2692,person,0.8894486999999999,303,139,396,307,147408,48318,0.0919491525423728,3,48318_147408_3,48318_147408
2693,person,0.8118704000000001,30,153,83,214,147408,48318,0.0190266007532956,0,48318_147408_0,48318_147408
2694,person,0.7189204,251,111,316,290,147408,48318,0.0684733992467043,1,48318_147408_1,48318_147408
2695,person,0.98448586,1,51,170,357,147556,48318,0.304343220338983,5,48318_147556_5,48318_147556
2696,person,0.97143054,363,102,468,355,147556,48318,0.1563382768361582,3,48318_147556_3,48318_147556
2697,person,0.96930915,175,79,333,360,147556,48318,0.2612876647834275,4,48318_147556_4,48318_147556
2698,person,0.8864478000000001,328,94,392,355,147556,48318,0.0983050847457627,2,48318_147556_2,48318_147556
2699,tie,0.8779918999999999,86,145,119,262,147556,48318,0.0227224576271186,0,48318_147556_0,48318_147556
2700,person,0.8086534000000001,144,113,206,345,147556,48318,0.0846516007532956,1,48318_147556_1,48318_147556
2701,person,0.99256927,44,29,237,353,147704,48318,0.3680084745762712,3,48318_147704_3,48318_147704
2702,person,0.9764143,228,85,370,357,147704,48318,0.2273069679849341,2,48318_147704_2,48318_147704
2703,person,0.96109873,365,109,472,355,147704,48318,0.1549081920903954,1,48318_147704_1,48318_147704
2704,tie,0.6686263000000001,149,136,180,294,147704,48318,0.0288253295668549,0,48318_147704_0,48318_147704
2705,person,0.8066191,243,103,316,215,147852,48318,0.0481167608286252,0,48318_147852_0,48318_147852
2706,person,0.73601395,230,99,321,266,147852,48318,0.0894362052730696,1,48318_147852_1,48318_147852
2707,person,0.97798836,196,85,368,357,148000,48318,0.2753295668549906,5,48318_148000_5,48318_148000
2708,person,0.9754647,34,28,223,354,148000,48318,0.3626059322033898,6,48318_148000_6,48318_148000
2709,person,0.9631468,325,113,470,358,148000,48318,0.2090689736346516,4,48318_148000_4,48318_148000
2710,tie,0.8270605,143,135,184,293,148000,48318,0.0381238229755178,2,48318_148000_2,48318_148000
2711,person,0.557246,427,137,472,235,148000,48318,0.0259533898305084,1,48318_148000_1,48318_148000
2712,person,0.5108389,186,117,261,342,148000,48318,0.0993114406779661,3,48318_148000_3,48318_148000
2713,tie,0.5040683,282,172,299,234,148000,48318,0.0062029190207156,0,48318_148000_0,48318_148000
2714,person,0.99030966,32,29,227,349,148148,48318,0.3672316384180791,5,48318_148148_5,48318_148148
2715,person,0.9840625,200,90,362,360,148148,48318,0.2574152542372881,4,48318_148148_4,48318_148148
2716,person,0.97266465,322,116,465,358,148148,48318,0.2036605461393597,3,48318_148148_3,48318_148148
2717,tie,0.69473946,134,134,178,299,148148,48318,0.0427259887005649,2,48318_148148_2,48318_148148
2718,person,0.65885067,433,135,472,239,148148,48318,0.0238700564971751,1,48318_148148_1,48318_148148
2719,person,0.5075185000000001,220,134,262,190,148148,48318,0.0138418079096045,0,48318_148148_0,48318_148148
2720,person,0.9868771,26,30,222,347,148296,48318,0.3656544256120528,4,48318_148296_4,48318_148296
2721,person,0.9838357,332,115,471,357,148296,48318,0.197963747645951,2,48318_148296_2,48318_148296
2722,person,0.9720076,195,86,361,360,148296,48318,0.2676789077212806,3,48318_148296_3,48318_148296
2723,tie,0.7049878,143,136,179,302,148296,48318,0.0351694915254237,1,48318_148296_1,48318_148296
2724,person,0.59509254,435,134,472,230,148296,48318,0.0209039548022598,0,48318_148296_0,48318_148296
2725,person,0.99016213,35,33,236,351,148444,48318,0.3761652542372881,6,48318_148444_6,48318_148444
2726,person,0.9796967,210,90,349,356,148444,48318,0.2175965160075329,5,48318_148444_5,48318_148444
2727,person,0.9446407,359,113,471,356,148444,48318,0.1601694915254237,4,48318_148444_4,48318_148444
2728,person,0.8978393,337,110,406,344,148444,48318,0.0950211864406779,3,48318_148444_3,48318_148444
2729,tie,0.83947766,256,176,275,239,148444,48318,0.0070444915254237,0,48318_148444_0,48318_148444
2730,tie,0.8098043,139,138,179,308,148444,48318,0.0400188323917137,2,48318_148444_2,48318_148444
2731,tie,0.63408387,136,135,166,285,148444,48318,0.0264830508474576,1,48318_148444_1,48318_148444
2732,person,0.991046,31,59,216,358,148592,48318,0.3255355461393597,4,48318_148592_4,48318_148592
2733,person,0.97361326,368,117,471,355,148592,48318,0.144267890772128,3,48318_148592_3,48318_148592
2734,person,0.96773416,234,124,326,357,148592,48318,0.126153483992467,2,48318_148592_2,48318_148592
2735,person,0.8603878,177,116,247,345,148592,48318,0.0943385122410546,1,48318_148592_1,48318_148592
2736,person,0.6602666,8,113,76,325,148592,48318,0.0848399246704331,0,48318_148592_0,48318_148592
2737,person,0.906284,78,59,412,353,148740,48318,0.5778954802259887,0,48318_148740_0,48318_148740
2738,chair,0.6345387,5,17,461,323,148740,48318,0.8211864406779661,1,48318_148740_1,48318_148740
2739,person,0.9749297,204,57,463,349,149184,48318,0.4450800376647833,7,48318_149184_7,48318_149184
2740,person,0.96010685,8,91,187,359,149184,48318,0.2823210922787194,6,48318_149184_6,48318_149184
2741,person,0.8742179,355,67,469,296,149184,48318,0.1536370056497175,4,48318_149184_4,48318_149184
2742,tie,0.8283630999999999,302,154,322,221,149184,48318,0.0078860640301318,0,48318_149184_0,48318_149184
2743,person,0.74835145,94,17,239,342,149184,48318,0.2773363935969868,5,48318_149184_5,48318_149184
2744,tie,0.6825614000000001,307,154,336,227,149184,48318,0.0124588041431261,1,48318_149184_1,48318_149184
2745,person,0.6079306,169,51,238,178,149184,48318,0.0515713276836158,3,48318_149184_3,48318_149184
2746,person,0.50364476,21,2,90,92,149184,48318,0.0365466101694915,2,48318_149184_2,48318_149184
2747,person,0.86535627,2,72,112,294,149480,48318,0.1437146892655367,6,48318_149480_6,48318_149480
2748,person,0.8380004000000001,195,73,272,185,149480,48318,0.0507532956685499,4,48318_149480_4,48318_149480
2749,chair,0.7502053000000001,1,171,104,355,149480,48318,0.1115348399246704,5,48318_149480_5,48318_149480
2750,person,0.6214129,311,144,351,221,149480,48318,0.0181261770244821,0,48318_149480_0,48318_149480
2751,backpack,0.58522195,159,144,333,294,149480,48318,0.1536016949152542,7,48318_149480_7,48318_149480
2752,person,0.58172435,421,143,472,291,149480,48318,0.0444209039548022,3,48318_149480_3,48318_149480
2753,person,0.5374816,143,134,211,222,149480,48318,0.035216572504708,1,48318_149480_1,48318_149480
2754,chair,0.5194331,370,165,438,267,149480,48318,0.040819209039548,2,48318_149480_2,48318_149480
2755,person,0.9623549,0,72,117,306,149628,48318,0.1611228813559322,4,48318_149628_4,48318_149628
2756,chair,0.8184549,1,171,101,355,149628,48318,0.1082862523540489,3,48318_149628_3,48318_149628
2757,person,0.67451864,203,76,280,193,149628,48318,0.0530190677966101,2,48318_149628_2,48318_149628
2758,chair,0.6720263000000001,378,168,440,274,149628,48318,0.0386770244821092,0,48318_149628_0,48318_149628
2759,person,0.5948428000000001,421,157,471,294,149628,48318,0.040313088512241,1,48318_149628_1,48318_149628
2760,person,0.8412081,3,68,113,230,149776,48318,0.1048728813559322,3,48318_149776_3,48318_149776
2761,person,0.8073579000000001,424,157,472,284,149776,48318,0.0358757062146892,2,48318_149776_2,48318_149776
2762,person,0.6387932,271,146,309,216,149776,48318,0.0156544256120527,0,48318_149776_0,48318_149776
2763,chair,0.60497266,0,169,113,358,149776,48318,0.1256885593220339,4,48318_149776_4,48318_149776
2764,person,0.5250259,307,149,345,243,149776,48318,0.0210216572504708,1,48318_149776_1,48318_149776
2765,person,0.712432,11,231,78,355,149924,48318,0.0488935969868173,2,48318_149924_2,48318_149924
2766,person,0.69154584,30,246,156,357,149924,48318,0.0823093220338983,4,48318_149924_4,48318_149924
2767,person,0.6096685000000001,216,215,271,290,149924,48318,0.0242761299435028,1,48318_149924_1,48318_149924
2768,person,0.56375796,374,200,464,330,149924,48318,0.0688559322033898,3,48318_149924_3,48318_149924
2769,person,0.5142914000000001,183,141,221,216,149924,48318,0.0167725988700565,0,48318_149924_0,48318_149924
2770,person,0.8389693000000001,378,184,453,340,150072,48318,0.0688559322033898,1,48318_150072_1,48318_150072
2771,person,0.7960056,212,209,269,298,150072,48318,0.0298552259887005,0,48318_150072_0,48318_150072
2772,person,0.71284264,39,249,205,355,150072,48318,0.1035546139359698,2,48318_150072_2,48318_150072
2773,person,0.9878806999999998,214,46,460,355,150220,48318,0.4473516949152542,5,48318_150220_5,48318_150220
2774,person,0.97692215,58,41,295,359,150220,48318,0.4435381355932204,4,48318_150220_4,48318_150220
2775,person,0.7308815,67,151,119,210,150220,48318,0.0180555555555555,0,48318_150220_0,48318_150220
2776,person,0.68555135,0,82,81,353,150220,48318,0.1291843220338983,3,48318_150220_3,48318_150220
2777,tie,0.60767853,313,163,339,334,150220,48318,0.0261652542372881,1,48318_150220_1,48318_150220
2778,tie,0.5191602,301,160,350,344,150220,48318,0.0530602636534839,2,48318_150220_2,48318_150220
2779,person,0.9901036,219,44,443,354,150368,48318,0.4086629001883239,4,48318_150368_4,48318_150368
2780,person,0.9846864,37,44,286,359,150368,48318,0.4615995762711864,5,48318_150368_5,48318_150368
2781,tie,0.72707856,308,166,335,313,150368,48318,0.0233580508474576,0,48318_150368_0,48318_150368
2782,person,0.698701,2,140,52,352,150368,48318,0.062382297551789,3,48318_150368_3,48318_150368
2783,tie,0.6834017,300,161,328,344,150368,48318,0.0301553672316384,1,48318_150368_1,48318_150368
2784,tie,0.595849,289,153,342,345,150368,48318,0.0598870056497175,2,48318_150368_2,48318_150368
2785,person,0.9847018,45,104,217,356,150516,48318,0.2550847457627118,3,48318_150516_3,48318_150516
2786,person,0.98140234,298,23,467,349,150516,48318,0.3242349340866289,4,48318_150516_4,48318_150516
2787,person,0.8716519,274,147,364,309,150516,48318,0.0858050847457627,1,48318_150516_1,48318_150516
2788,person,0.7607451999999999,182,141,280,319,150516,48318,0.1026600753295668,2,48318_150516_2,48318_150516
2789,person,0.5680948,40,133,109,255,150516,48318,0.0495409604519774,0,48318_150516_0,48318_150516
2790,person,0.98983955,244,37,472,351,150664,48318,0.4213276836158192,4,48318_150664_4,48318_150664
2791,person,0.93552077,53,43,303,355,150664,48318,0.4590395480225989,5,48318_150664_5,48318_150664
2792,tie,0.8585021999999999,350,170,380,277,150664,48318,0.0188912429378531,1,48318_150664_1,48318_150664
2793,person,0.5371661999999999,91,127,143,196,150664,48318,0.0211158192090395,2,48318_150664_2,48318_150664
2794,person,0.53017795,45,168,88,226,150664,48318,0.014677495291902,0,48318_150664_0,48318_150664
2795,person,0.5028543,2,106,65,352,150664,48318,0.091207627118644,3,48318_150664_3,48318_150664
2796,person,0.9670159,6,71,82,300,150812,48318,0.102424670433145,5,48318_150812_5,48318_150812
2797,person,0.88125074,211,87,284,279,150812,48318,0.0824858757062146,2,48318_150812_2,48318_150812
2798,person,0.7292413000000001,141,65,191,250,150812,48318,0.0544373822975517,0,48318_150812_0,48318_150812
2799,person,0.6749321999999999,347,109,419,310,150812,48318,0.0851694915254237,4,48318_150812_4,48318_150812
2800,person,0.6541186,304,81,370,299,150812,48318,0.0846751412429378,3,48318_150812_3,48318_150812
2801,person,0.64302653,52,84,106,288,150812,48318,0.0648305084745762,1,48318_150812_1,48318_150812
2802,person,0.62214077,0,0,472,274,150812,48318,0.7611111111111111,6,48318_150812_6,48318_150812
2803,person,0.98341113,367,96,471,356,150960,48318,0.1591337099811676,6,48318_150960_6,48318_150960
2804,person,0.94622755,310,92,379,334,150960,48318,0.0982697740112994,5,48318_150960_5,48318_150960
2805,person,0.93686986,138,72,197,283,150960,48318,0.0732638888888888,3,48318_150960_3,48318_150960
2806,person,0.9120981,2,76,54,303,150960,48318,0.0694679849340866,2,48318_150960_2,48318_150960
2807,person,0.8883745000000001,195,82,267,273,150960,48318,0.0809322033898305,4,48318_150960_4,48318_150960
2808,person,0.8787501,41,89,93,289,150960,48318,0.0612052730696798,1,48318_150960_1,48318_150960
2809,person,0.81438255,75,82,127,278,150960,48318,0.0599811676082862,0,48318_150960_0,48318_150960
2810,person,0.60354936,0,0,471,269,150960,48318,0.7456391242937853,7,48318_150960_7,48318_150960
2811,person,0.96432465,27,48,209,360,151108,48318,0.3341807909604519,7,48318_151108_7,48318_151108
2812,person,0.96436024,283,73,465,351,151108,48318,0.2977636534839925,6,48318_151108_6,48318_151108
2813,person,0.8446658000000001,408,69,469,203,151108,48318,0.0481049905838041,1,48318_151108_1,48318_151108
2814,person,0.75498956,6,111,66,261,151108,48318,0.0529661016949152,2,48318_151108_2,48318_151108
2815,person,0.7243752,236,47,318,213,151108,48318,0.080108286252354,3,48318_151108_3,48318_151108
2816,person,0.7235246,149,115,278,300,151108,48318,0.1404484463276836,5,48318_151108_5,48318_151108
2817,person,0.5538399,409,65,472,282,151108,48318,0.0804555084745762,4,48318_151108_4,48318_151108
2818,person,0.5050300999999999,10,66,61,155,151108,48318,0.0267125706214689,0,48318_151108_0,48318_151108
2819,person,0.95704615,6,51,208,356,151256,48318,0.3625823917137476,4,48318_151256_4,48318_151256
2820,person,0.9497346,302,67,464,346,151256,48318,0.2659957627118644,3,48318_151256_3,48318_151256
2821,person,0.85022956,229,41,316,212,151256,48318,0.0875529661016949,1,48318_151256_1,48318_151256
2822,person,0.84990066,408,64,471,208,151256,48318,0.0533898305084745,0,48318_151256_0,48318_151256
2823,person,0.73638153,146,109,323,360,151256,48318,0.2614583333333333,2,48318_151256_2,48318_151256
2824,person,0.56284326,21,65,328,354,151256,48318,0.5221457156308851,5,48318_151256_5,48318_151256
2825,person,0.9540337,113,52,338,357,151404,48318,0.4038665254237288,6,48318_151404_6,48318_151404
2826,person,0.8897739,291,75,389,340,151404,48318,0.1528366290018832,5,48318_151404_5,48318_151404
2827,person,0.8385818000000002,59,80,180,222,151404,48318,0.1011181732580037,3,48318_151404_3,48318_151404
2828,person,0.8338142,383,62,471,345,151404,48318,0.146563088512241,4,48318_151404_4,48318_151404
2829,tie,0.7702597,265,173,305,313,151404,48318,0.0329566854990583,0,48318_151404_0,48318_151404
2830,person,0.651787,377,60,456,219,151404,48318,0.07392302259887,2,48318_151404_2,48318_151404
2831,person,0.62914926,25,61,86,195,151404,48318,0.0481049905838041,1,48318_151404_1,48318_151404
2832,person,0.99230474,286,98,471,352,151552,48318,0.2765419020715631,1,48318_151552_1,48318_151552
2833,person,0.98737216,0,104,197,358,151552,48318,0.2944797551789077,2,48318_151552_2,48318_151552
2834,person,0.95903957,193,41,307,265,151552,48318,0.1502824858757062,0,48318_151552_0,48318_151552
2835,person,0.99150264,255,49,463,357,151700,48318,0.3770244821092279,4,48318_151700_4,48318_151700
2836,person,0.98550135,1,53,191,360,151700,48318,0.3432791902071563,3,48318_151700_3,48318_151700
2837,person,0.9310306,176,89,293,234,151700,48318,0.0998411016949152,1,48318_151700_1,48318_151700
2838,person,0.9101051,152,87,294,352,151700,48318,0.2214571563088512,2,48318_151700_2,48318_151700
2839,cup,0.5923498,180,209,202,241,151700,48318,0.0041431261770244,0,48318_151700_0,48318_151700
2840,person,0.9951663,9,77,189,353,151848,48318,0.2923728813559322,3,48318_151848_3,48318_151848
2841,person,0.99263656,246,61,451,358,151848,48318,0.3583156779661017,4,48318_151848_4,48318_151848
2842,person,0.9070352,182,80,297,223,151848,48318,0.0967808380414312,0,48318_151848_0,48318_151848
2843,person,0.82850033,382,0,472,279,151848,48318,0.1477754237288135,1,48318_151848_1,48318_151848
2844,person,0.76123786,167,75,293,349,151848,48318,0.2031779661016948,2,48318_151848_2,48318_151848
2845,person,0.99225676,86,45,406,357,151996,48318,0.5875706214689266,2,48318_151996_2,48318_151996
2846,tie,0.83937716,233,223,282,321,151996,48318,0.0282603578154425,0,48318_151996_0,48318_151996
2847,person,0.6043921,274,5,430,239,151996,48318,0.2148305084745762,1,48318_151996_1,48318_151996
2848,person,0.99610424,69,41,451,357,152144,48318,0.7104048964218456,1,48318_152144_1,48318_152144
2849,tie,0.9689389000000002,232,211,276,323,152144,48318,0.0290018832391713,0,48318_152144_0,48318_152144
2850,person,0.992644,10,69,228,354,152292,48318,0.3656426553672316,4,48318_152292_4,48318_152292
2851,person,0.9503767,248,78,428,323,152292,48318,0.2595338983050847,3,48318_152292_3,48318_152292
2852,cup,0.6563621999999999,308,239,341,276,152292,48318,0.0071857344632768,0,48318_152292_0,48318_152292
2853,dining table,0.60242695,160,253,393,345,152292,48318,0.126153483992467,1,48318_152292_1,48318_152292
2854,potted plant,0.5095022,182,45,326,204,152292,48318,0.1347457627118644,2,48318_152292_2,48318_152292
2855,person,0.99397236,10,67,234,353,152440,48318,0.3770244821092279,4,48318_152440_4,48318_152440
2856,person,0.95918894,248,76,417,346,152440,48318,0.2685381355932203,3,48318_152440_3,48318_152440
2857,cup,0.72070825,225,240,252,288,152440,48318,0.0076271186440677,0,48318_152440_0,48318_152440
2858,dining table,0.7187701999999999,156,249,385,340,152440,48318,0.122640065913371,2,48318_152440_2,48318_152440
2859,cup,0.6636683000000001,305,233,336,276,152440,48318,0.007844868173258,1,48318_152440_1,48318_152440
2860,person,0.9920786,6,72,243,356,152588,48318,0.3961158192090395,4,48318_152588_4,48318_152588
2861,person,0.9342348,249,69,412,330,152588,48318,0.2503707627118644,3,48318_152588_3,48318_152588
2862,cup,0.7996188,223,231,255,284,152588,48318,0.0099811676082862,0,48318_152588_0,48318_152588
2863,dining table,0.54198754,148,249,386,351,152588,48318,0.142867231638418,2,48318_152588_2,48318_152588
2864,potted plant,0.5124674,178,39,316,190,152588,48318,0.1226341807909604,1,48318_152588_1,48318_152588
2865,person,0.9947935,4,71,251,354,152736,48318,0.4113759416195857,3,48318_152736_3,48318_152736
2866,person,0.905759,234,72,393,277,152736,48318,0.1918255649717514,2,48318_152736_2,48318_152736
2867,cup,0.8117626,224,225,257,286,152736,48318,0.0118467514124293,0,48318_152736_0,48318_152736
2868,dining table,0.56751424,151,256,391,348,152736,48318,0.1299435028248587,1,48318_152736_1,48318_152736
2869,person,0.99045837,32,40,281,352,152884,48318,0.4572033898305085,2,48318_152884_2,48318_152884
2870,person,0.9809152,290,105,471,354,152884,48318,0.2652365819209039,1,48318_152884_1,48318_152884
2871,tie,0.6391273000000001,201,194,229,287,152884,48318,0.0153248587570621,0,48318_152884_0,48318_152884
2872,person,0.99727386,9,36,299,357,153032,48318,0.5478460451977402,2,48318_153032_2,48318_153032
2873,person,0.97782964,297,103,469,347,153032,48318,0.2469868173258004,1,48318_153032_1,48318_153032
2874,tie,0.85309225,146,201,176,285,153032,48318,0.0148305084745762,0,48318_153032_0,48318_153032
2875,person,0.996036,21,40,250,349,153180,48318,0.4164371468926554,1,48318_153180_1,48318_153180
2876,person,0.99047863,284,53,470,354,153180,48318,0.3294844632768361,0,48318_153180_0,48318_153180
2877,person,0.9967674,9,42,265,353,153328,48318,0.4685499058380415,3,48318_153328_3,48318_153328
2878,person,0.99378127,279,62,468,354,153328,48318,0.3247881355932203,2,48318_153328_2,48318_153328
2879,tie,0.78732634,135,158,164,223,153328,48318,0.0110934557438794,0,48318_153328_0,48318_153328
2880,tie,0.5668042,139,155,170,236,153328,48318,0.0147775423728813,1,48318_153328_1,48318_153328
2881,person,0.9949778,275,58,466,357,153476,48318,0.3360934557438795,2,48318_153476_2,48318_153476
2882,person,0.99359566,12,44,205,357,153476,48318,0.3555143596986817,3,48318_153476_3,48318_153476
2883,remote,0.7070569,308,285,338,317,153476,48318,0.0056497175141242,0,48318_153476_0,48318_153476
2884,person,0.54610914,14,105,69,203,153476,48318,0.0317208097928436,1,48318_153476_1,48318_153476
2885,person,0.9968051,42,40,285,353,153624,48318,0.4476165254237288,1,48318_153624_1,48318_153624
2886,person,0.990825,288,91,471,353,153624,48318,0.2821680790960452,0,48318_153624_0,48318_153624
2887,person,0.9952366,300,93,471,357,153772,48318,0.2656779661016949,0,48318_153772_0,48318_153772
2888,person,0.993964,3,56,196,354,153772,48318,0.3384769303201506,1,48318_153772_1,48318_153772
2889,person,0.9950212,46,49,233,352,153920,48318,0.3334569209039548,1,48318_153920_1,48318_153920
2890,person,0.9935262,291,93,468,356,153920,48318,0.2739583333333333,0,48318_153920_0,48318_153920
2891,person,0.99549353,46,28,215,354,154068,48318,0.3242349340866289,0,48318_154068_0,48318_154068
2892,person,0.9881932,279,58,465,360,154068,48318,0.3305790960451977,1,48318_154068_1,48318_154068
2893,person,0.9956136,41,36,210,353,154216,48318,0.3152836629001883,0,48318_154216_0,48318_154216
2894,person,0.9871176,275,53,465,357,154216,48318,0.339924670433145,1,48318_154216_1,48318_154216
2895,person,0.99637336,5,50,260,355,154364,48318,0.457715395480226,3,48318_154364_3,48318_154364
2896,person,0.973597,288,56,472,347,154364,48318,0.3151129943502825,2,48318_154364_2,48318_154364
2897,tie,0.64023405,105,194,156,322,154364,48318,0.0384180790960452,0,48318_154364_0,48318_154364
2898,tie,0.5057795999999999,106,193,172,360,154364,48318,0.0648658192090395,1,48318_154364_1,48318_154364
2899,person,0.9900856,172,41,431,355,154512,48318,0.4786134651600753,1,48318_154512_1,48318_154512
2900,tie,0.8177579,233,200,269,302,154512,48318,0.0216101694915254,0,48318_154512_0,48318_154512
2901,person,0.99654007,151,47,392,347,154660,48318,0.4254943502824859,1,48318_154660_1,48318_154660
2902,tie,0.8493912,276,162,301,234,154660,48318,0.010593220338983,0,48318_154660_0,48318_154660
2903,person,0.99537045,31,40,264,354,154808,48318,0.4305673258003767,2,48318_154808_2,48318_154808
2904,person,0.9805397,288,91,472,354,154808,48318,0.2847928436911488,1,48318_154808_1,48318_154808
2905,tie,0.5464171,174,194,210,330,154808,48318,0.0288135593220339,0,48318_154808_0,48318_154808
2906,person,0.98325366,16,6,297,357,154956,48318,0.5804555084745763,2,48318_154956_2,48318_154956
2907,person,0.96658003,250,88,445,359,154956,48318,0.3109992937853107,1,48318_154956_1,48318_154956
2908,person,0.5874045999999999,10,9,124,235,154956,48318,0.1516242937853107,0,48318_154956_0,48318_154956
2909,person,0.99506,33,43,267,344,155104,48318,0.4145127118644068,2,48318_155104_2,48318_155104
2910,person,0.96572965,274,77,472,347,155104,48318,0.3146186440677966,1,48318_155104_1,48318_155104
2911,tie,0.68914443,161,191,192,287,155104,48318,0.0175141242937853,0,48318_155104_0,48318_155104
2912,person,0.98839104,21,19,315,358,155252,48318,0.5865466101694915,1,48318_155252_1,48318_155252
2913,person,0.9606391,275,92,462,356,155252,48318,0.2905367231638418,0,48318_155252_0,48318_155252
2914,person,0.9947359,21,27,376,348,155400,48318,0.6706391242937854,0,48318_155400_0,48318_155400
2915,person,0.9942193,67,25,407,358,155548,48318,0.6663135593220338,0,48318_155548_0,48318_155548
2916,person,0.91945004,244,157,279,260,155696,48318,0.0212158662900188,2,48318_155696_2,48318_155696
2917,person,0.8977715000000001,222,146,254,257,155696,48318,0.0209039548022598,1,48318_155696_1,48318_155696
2918,chair,0.5363956,290,201,327,271,155696,48318,0.0152424670433145,0,48318_155696_0,48318_155696
2919,person,0.5006401,3,156,89,355,155696,48318,0.1007179849340866,3,48318_155696_3,48318_155696
2920,chair,0.55636847,76,201,154,301,155844,48318,0.0459039548022598,0,48318_155844_0,48318_155844
