,class,score,x1,y1,x2,y2,frame_num,imdb_id,pct_of_frame,instance_num,instance_id,frame_id
0,dog,0.85665303,168,74,290,188,97,31657,0.0804861111111111,0,31657_97_0,31657_97
1,cat,0.57786816,174,61,293,194,194,31657,0.0915914351851852,0,31657_194_0,31657_194
2,scissors,0.59262484,57,88,165,199,388,31657,0.069375,0,31657_388_0,31657_388
3,scissors,0.5365003,63,89,172,196,485,31657,0.0674942129629629,0,31657_485_0,31657_485
4,person,0.5313445,134,135,186,215,1843,31657,0.024074074074074,0,31657_1843_0,31657_1843
5,person,0.86929375,152,63,242,349,1940,31657,0.1489583333333333,1,31657_1940_1,31657_1940
6,person,0.8632209000000001,52,69,133,204,1940,31657,0.06328125,0,31657_1940_0,31657_1940
7,person,0.7918385,359,72,467,315,1940,31657,0.151875,2,31657_1940_2,31657_1940
8,chair,0.644881,305,125,468,337,1940,31657,0.1999768518518518,3,31657_1940_3,31657_1940
9,person,0.993028,109,57,342,353,2037,31657,0.3991203703703704,2,31657_2037_2,31657_2037
10,person,0.9735373,337,0,480,359,2037,31657,0.2970891203703704,1,31657_2037_1,31657_2037
11,person,0.8966696,257,9,382,335,2037,31657,0.2358217592592593,0,31657_2037_0,31657_2037
12,person,0.9961392,105,18,370,360,2134,31657,0.5244791666666667,1,31657_2134_1,31657_2134
13,person,0.9352722,0,96,145,356,2134,31657,0.2181712962962963,0,31657_2134_0,31657_2134
14,person,0.9717952,398,5,480,356,2231,31657,0.1665625,4,31657_2231_4,31657_2231
15,person,0.9375652,102,24,185,360,2231,31657,0.1613888888888889,3,31657_2231_3,31657_2231
16,person,0.90213776,289,55,368,358,2231,31657,0.1385243055555555,2,31657_2231_2,31657_2231
17,person,0.6792063,2,61,98,209,2231,31657,0.0822222222222222,1,31657_2231_1,31657_2231
18,person,0.5046669,216,103,288,168,2231,31657,0.0270833333333333,0,31657_2231_0,31657_2231
19,person,0.9724309,402,0,480,360,2328,31657,0.1625,4,31657_2328_4,31657_2328
20,person,0.9417974,83,30,228,338,2328,31657,0.2584490740740741,5,31657_2328_5,31657_2328
21,person,0.9085159,284,39,367,353,2328,31657,0.1508217592592592,3,31657_2328_3,31657_2328
22,person,0.63013524,173,104,221,170,2328,31657,0.0183333333333333,0,31657_2328_0,31657_2328
23,couch,0.6031131,0,187,130,343,2328,31657,0.1173611111111111,2,31657_2328_2,31657_2328
24,bicycle,0.517677,198,233,318,360,2328,31657,0.0881944444444444,1,31657_2328_1,31657_2328
25,person,0.98695344,100,18,380,360,2425,31657,0.5541666666666667,1,31657_2425_1,31657_2425
26,person,0.8921017,0,96,132,358,2425,31657,0.2001388888888889,0,31657_2425_0,31657_2425
27,person,0.9729758,99,18,183,356,2522,31657,0.1643055555555555,2,31657_2522_2,31657_2522
28,person,0.9624601,250,54,433,360,2522,31657,0.3240625,3,31657_2522_3,31657_2522
29,person,0.7471488000000001,199,81,254,168,2522,31657,0.0276909722222222,0,31657_2522_0,31657_2522
30,person,0.54681313,0,57,71,203,2522,31657,0.0599884259259259,1,31657_2522_1,31657_2522
31,person,0.8339661,261,0,475,257,2619,31657,0.3182754629629629,0,31657_2619_0,31657_2619
32,person,0.745522,144,0,469,298,2619,31657,0.5604745370370371,1,31657_2619_1,31657_2619
33,person,0.8597867,88,99,279,339,2716,31657,0.2652777777777778,1,31657_2716_1,31657_2716
34,person,0.6306293000000001,362,1,470,297,2716,31657,0.185,0,31657_2716_0,31657_2716
35,person,0.77852476,29,88,311,358,2813,31657,0.440625,0,31657_2813_0,31657_2813
36,person,0.99293774,231,16,363,359,2910,31657,0.2620138888888889,2,31657_2910_2,31657_2910
37,person,0.92907256,11,120,107,331,2910,31657,0.1172222222222222,0,31657_2910_0,31657_2910
38,person,0.8398747,388,127,480,351,2910,31657,0.1192592592592592,1,31657_2910_1,31657_2910
39,person,0.9987469,209,17,401,352,3007,31657,0.3722222222222222,1,31657_3007_1,31657_3007
40,person,0.7240394,15,224,186,354,3007,31657,0.1286458333333333,0,31657_3007_0,31657_3007
41,person,0.71399707,29,68,322,352,3104,31657,0.4815509259259259,0,31657_3104_0,31657_3104
42,person,0.97154254,413,8,480,360,3201,31657,0.1364814814814814,2,31657_3201_2,31657_3201
43,person,0.8634837,325,87,382,173,3201,31657,0.0283680555555555,0,31657_3201_0,31657_3201
44,person,0.8600643,299,146,443,344,3201,31657,0.165,3,31657_3201_3,31657_3201
45,person,0.5623161,46,66,99,186,3201,31657,0.0368055555555555,1,31657_3201_1,31657_3201
46,person,0.9926581,172,68,296,268,3298,31657,0.1435185185185185,3,31657_3298_3,31657_3298
47,person,0.98543763,414,25,479,360,3298,31657,0.1260127314814814,2,31657_3298_2,31657_3298
48,person,0.9106679,322,89,382,304,3298,31657,0.0746527777777777,1,31657_3298_1,31657_3298
49,umbrella,0.6983626000000001,3,6,262,102,3298,31657,0.1438888888888889,4,31657_3298_4,31657_3298
50,person,0.5773244000000001,48,78,101,190,3298,31657,0.0343518518518518,0,31657_3298_0,31657_3298
51,person,0.9961909,103,37,428,356,3395,31657,0.5999710648148148,0,31657_3395_0,31657_3395
52,person,0.98954004,92,39,339,350,3492,31657,0.4445428240740741,1,31657_3492_1,31657_3492
53,tie,0.50242805,185,158,215,215,3492,31657,0.0098958333333333,0,31657_3492_0,31657_3492
54,person,0.9911504,317,79,407,319,3589,31657,0.125,3,31657_3589_3,31657_3589
55,person,0.99009925,183,76,265,327,3589,31657,0.1191087962962963,2,31657_3589_2,31657_3589
56,person,0.91662985,68,57,159,315,3589,31657,0.1358680555555555,4,31657_3589_4,31657_3589
57,person,0.7584382,403,110,446,274,3589,31657,0.0408101851851851,1,31657_3589_1,31657_3589
58,person,0.6624479999999999,154,112,193,219,3589,31657,0.0241493055555555,0,31657_3589_0,31657_3589
59,person,0.913436,420,110,468,274,3686,31657,0.0455555555555555,1,31657_3686_1,31657_3686
60,chair,0.7706416,134,192,238,360,3686,31657,0.1011111111111111,2,31657_3686_2,31657_3686
61,person,0.6951575,177,83,232,195,3686,31657,0.0356481481481481,0,31657_3686_0,31657_3686
62,chair,0.6901480999999999,241,147,355,305,3686,31657,0.1042361111111111,3,31657_3686_3,31657_3686
63,person,0.97282344,178,73,289,336,3783,31657,0.1689409722222222,3,31657_3783_3,31657_3783
64,person,0.86441463,5,90,56,307,3783,31657,0.0640451388888889,0,31657_3783_0,31657_3783
65,chair,0.8591199,214,206,324,356,3783,31657,0.0954861111111111,1,31657_3783_1,31657_3783
66,chair,0.8387209999999999,317,153,433,303,3783,31657,0.1006944444444444,2,31657_3783_2,31657_3783
67,person,0.9975224,223,82,360,349,3880,31657,0.2116840277777777,1,31657_3880_1,31657_3880
68,chair,0.6357456,187,193,273,240,3880,31657,0.0233912037037037,0,31657_3880_0,31657_3880
69,person,0.99602866,75,33,233,360,3977,31657,0.2989930555555555,1,31657_3977_1,31657_3977
70,person,0.9853682,240,55,370,358,3977,31657,0.2279513888888889,0,31657_3977_0,31657_3977
71,person,0.9901826,72,35,229,353,4074,31657,0.2889236111111111,1,31657_4074_1,31657_4074
72,person,0.98324096,199,59,431,355,4074,31657,0.3974074074074074,2,31657_4074_2,31657_4074
73,chair,0.6988003,37,148,84,325,4074,31657,0.0481423611111111,0,31657_4074_0,31657_4074
74,person,0.99698216,223,52,417,357,4171,31657,0.3424189814814815,2,31657_4171_2,31657_4171
75,person,0.9959325,67,23,236,354,4171,31657,0.3237210648148148,1,31657_4171_1,31657_4171
76,chair,0.61024415,16,166,96,321,4171,31657,0.0717592592592592,0,31657_4171_0,31657_4171
77,person,0.99543226,229,55,417,358,4268,31657,0.3296527777777778,3,31657_4268_3,31657_4268
78,person,0.995193,74,28,237,359,4268,31657,0.3122280092592592,2,31657_4268_2,31657_4268
79,tie,0.7622438,269,156,305,265,4268,31657,0.0227083333333333,0,31657_4268_0,31657_4268
80,chair,0.6175691999999999,24,163,90,327,4268,31657,0.0626388888888888,1,31657_4268_1,31657_4268
81,person,0.9928992,73,28,247,355,4365,31657,0.3292708333333333,2,31657_4365_2,31657_4365
82,person,0.98062253,186,53,407,355,4365,31657,0.3862384259259259,3,31657_4365_3,31657_4365
83,chair,0.6361113,22,150,89,322,4365,31657,0.0666898148148148,1,31657_4365_1,31657_4365
84,tie,0.61825913,267,152,308,245,4365,31657,0.0220659722222222,0,31657_4365_0,31657_4365
85,person,0.9957794,177,55,417,360,4462,31657,0.4236111111111111,3,31657_4462_3,31657_4462
86,person,0.9904885,76,22,285,360,4462,31657,0.4088078703703704,2,31657_4462_2,31657_4462
87,tie,0.677719,270,146,302,246,4462,31657,0.0185185185185185,1,31657_4462_1,31657_4462
88,tie,0.6456544,262,148,293,246,4462,31657,0.0175810185185185,0,31657_4462_0,31657_4462
89,person,0.9909237,15,36,236,353,4656,31657,0.4054224537037037,1,31657_4656_1,31657_4656
90,person,0.9866273,208,76,473,358,4656,31657,0.4324652777777777,2,31657_4656_2,31657_4656
91,tie,0.5917418000000001,272,208,306,343,4656,31657,0.0265625,0,31657_4656_0,31657_4656
92,person,0.9931973,19,27,200,353,4753,31657,0.3414699074074074,0,31657_4753_0,31657_4753
93,person,0.9911054,203,75,474,360,4753,31657,0.4469618055555555,1,31657_4753_1,31657_4753
94,person,0.99208623,182,75,465,358,4850,31657,0.4634780092592593,1,31657_4850_1,31657_4850
95,person,0.98697776,24,26,217,353,4850,31657,0.3652256944444445,0,31657_4850_0,31657_4850
96,person,0.98747104,323,40,445,359,4947,31657,0.2252199074074074,2,31657_4947_2,31657_4947
97,person,0.985995,56,83,181,248,4947,31657,0.1193576388888889,0,31657_4947_0,31657_4947
98,person,0.9635818000000002,53,78,182,360,4947,31657,0.2105208333333332,1,31657_4947_1,31657_4947
99,person,0.99055266,337,61,430,355,5044,31657,0.1582291666666666,1,31657_5044_1,31657_5044
100,person,0.9639385,112,81,198,265,5044,31657,0.091574074074074,0,31657_5044_0,31657_5044
101,person,0.99149394,70,43,480,350,5238,31657,0.7284143518518519,0,31657_5238_0,31657_5238
102,person,0.9943733,222,29,414,356,5335,31657,0.3633333333333333,2,31657_5335_2,31657_5335
103,person,0.7404139,99,223,227,352,5335,31657,0.0955555555555555,1,31657_5335_1,31657_5335
104,person,0.6374238,125,224,216,322,5335,31657,0.0516087962962963,0,31657_5335_0,31657_5335
105,person,0.9947238000000002,248,66,437,358,5432,31657,0.319375,1,31657_5432_1,31657_5432
106,person,0.7568597,114,234,202,326,5432,31657,0.0468518518518518,0,31657_5432_0,31657_5432
107,person,0.9955147,87,47,232,360,5529,31657,0.2626446759259259,3,31657_5529_3,31657_5529
108,person,0.9778797,262,65,396,351,5529,31657,0.2217824074074074,2,31657_5529_2,31657_5529
109,person,0.9246284,3,0,55,277,5529,31657,0.0833564814814814,1,31657_5529_1,31657_5529
110,chair,0.7372121,193,216,279,357,5529,31657,0.0701736111111111,0,31657_5529_0,31657_5529
111,person,0.9927914,88,49,232,360,5626,31657,0.2591666666666666,3,31657_5626_3,31657_5626
112,person,0.73198277,3,0,55,282,5626,31657,0.0848611111111111,0,31657_5626_0,31657_5626
113,chair,0.60023797,194,57,324,354,5626,31657,0.2234375,2,31657_5626_2,31657_5626
114,chair,0.5175430999999999,199,206,303,360,5626,31657,0.0926851851851852,1,31657_5626_1,31657_5626
115,person,0.99207836,201,63,391,360,5723,31657,0.3265625,3,31657_5723_3,31657_5723
116,person,0.9633793,95,54,252,356,5723,31657,0.2743865740740741,2,31657_5723_2,31657_5723
117,chair,0.7951261,200,233,281,353,5723,31657,0.05625,0,31657_5723_0,31657_5723
118,person,0.76927423,8,0,54,294,5723,31657,0.0782638888888888,1,31657_5723_1,31657_5723
119,person,0.98854,182,57,385,356,5820,31657,0.351255787037037,2,31657_5820_2,31657_5820
120,person,0.976717,94,51,235,360,5820,31657,0.2521354166666667,1,31657_5820_1,31657_5820
121,person,0.81254506,2,0,55,296,5820,31657,0.090787037037037,0,31657_5820_0,31657_5820
122,person,0.988856,195,61,389,358,5917,31657,0.3334375,3,31657_5917_3,31657_5917
123,person,0.98083293,91,55,242,353,5917,31657,0.2604050925925926,2,31657_5917_2,31657_5917
124,person,0.75196886,7,2,54,300,5917,31657,0.0810532407407407,1,31657_5917_1,31657_5917
125,chair,0.6286195,198,274,276,360,5917,31657,0.0388194444444444,0,31657_5917_0,31657_5917
126,person,0.9930674,91,49,241,355,6014,31657,0.265625,4,31657_6014_4,31657_6014
127,chair,0.6389991999999999,193,56,324,352,6014,31657,0.224398148148148,3,31657_6014_3,31657_6014
128,chair,0.6183151,200,187,308,359,6014,31657,0.1075,2,31657_6014_2,31657_6014
129,chair,0.50903594,348,67,435,266,6014,31657,0.1001909722222222,1,31657_6014_1,31657_6014
130,person,0.5064867999999999,7,5,52,298,6014,31657,0.0763020833333333,0,31657_6014_0,31657_6014
131,person,0.9904336,268,65,477,360,6111,31657,0.3567997685185185,0,31657_6111_0,31657_6111
132,person,0.98304003,24,50,240,354,6111,31657,0.38,1,31657_6111_1,31657_6111
133,person,0.992389,6,36,245,357,6208,31657,0.4439756944444445,1,31657_6208_1,31657_6208
134,person,0.9883711,237,49,450,360,6208,31657,0.3833506944444444,0,31657_6208_0,31657_6208
135,person,0.991524,0,50,202,353,6305,31657,0.3542013888888889,3,31657_6305_3,31657_6305
136,person,0.9886324,229,49,467,360,6305,31657,0.4283449074074074,4,31657_6305_4,31657_6305
137,person,0.7551411,149,21,284,360,6305,31657,0.26484375,2,31657_6305_2,31657_6305
138,tie,0.7392270000000001,287,162,325,299,6305,31657,0.0301273148148148,1,31657_6305_1,31657_6305
139,tie,0.54689234,274,172,310,280,6305,31657,0.0225,0,31657_6305_0,31657_6305
140,person,0.9902238,17,45,206,356,6402,31657,0.34015625,1,31657_6402_1,31657_6402
141,person,0.9793046,240,63,447,360,6402,31657,0.35578125,2,31657_6402_2,31657_6402
142,person,0.7617935,146,20,288,360,6402,31657,0.2793981481481482,0,31657_6402_0,31657_6402
143,person,0.9953440999999998,68,45,408,360,6499,31657,0.6197916666666666,2,31657_6499_2,31657_6499
144,tie,0.85984355,205,230,253,352,6499,31657,0.0338888888888888,0,31657_6499_0,31657_6499
145,chair,0.5018988,365,44,478,342,6499,31657,0.1948726851851852,1,31657_6499_1,31657_6499
146,person,0.99337786,49,39,410,358,6596,31657,0.6664293981481482,2,31657_6596_2,31657_6596
147,tie,0.6759434,195,207,272,355,6596,31657,0.065949074074074,0,31657_6596_0,31657_6596
148,chair,0.6081706,364,34,478,348,6596,31657,0.2071527777777777,1,31657_6596_1,31657_6596
149,person,0.9913965,74,40,407,353,6693,31657,0.6031770833333333,2,31657_6693_2,31657_6693
150,tie,0.77221674,207,219,275,351,6693,31657,0.0519444444444444,0,31657_6693_0,31657_6693
151,chair,0.6206925,360,36,476,341,6693,31657,0.2047453703703704,1,31657_6693_1,31657_6693
152,person,0.99634665,64,37,403,356,6790,31657,0.6258159722222222,2,31657_6790_2,31657_6790
153,tie,0.8057692,190,215,272,353,6790,31657,0.0654861111111111,1,31657_6790_1,31657_6790
154,tie,0.635846,206,221,257,354,6790,31657,0.0392534722222222,0,31657_6790_0,31657_6790
155,person,0.99558336,105,52,445,360,6887,31657,0.6060185185185185,1,31657_6887_1,31657_6887
156,tie,0.9573121,213,223,297,360,6887,31657,0.0665972222222222,0,31657_6887_0,31657_6887
157,person,0.99146783,31,53,252,350,6984,31657,0.37984375,1,31657_6984_1,31657_6984
158,person,0.9860945,183,52,444,358,6984,31657,0.4621875,2,31657_6984_2,31657_6984
159,tie,0.5404979999999999,271,184,304,313,6984,31657,0.0246354166666666,0,31657_6984_0,31657_6984
160,person,0.99160624,192,67,456,357,7081,31657,0.4430555555555555,1,31657_7081_1,31657_7081
161,person,0.9868498,3,53,229,354,7081,31657,0.3936689814814815,0,31657_7081_0,31657_7081
162,person,0.99017733,156,67,310,353,7178,31657,0.2548842592592593,0,31657_7178_0,31657_7178
163,person,0.9820734,26,38,182,350,7178,31657,0.2816666666666667,1,31657_7178_1,31657_7178
164,person,0.9945544,253,63,399,360,7275,31657,0.2509375,0,31657_7275_0,31657_7275
165,person,0.99158573,68,22,216,355,7275,31657,0.2852083333333333,1,31657_7275_1,31657_7275
166,person,0.99504733,235,63,401,349,7372,31657,0.2747453703703704,1,31657_7372_1,31657_7372
167,person,0.99379843,66,30,205,352,7372,31657,0.2590162037037037,0,31657_7372_0,31657_7372
168,person,0.9890057,47,19,216,356,7469,31657,0.3295891203703704,2,31657_7469_2,31657_7469
169,person,0.97774714,260,43,414,360,7469,31657,0.2825115740740741,1,31657_7469_1,31657_7469
170,person,0.9542278,359,210,480,356,7469,31657,0.1022337962962963,0,31657_7469_0,31657_7469
171,bus,0.9760825,6,4,480,352,7566,31657,0.9545833333333332,0,31657_7566_0,31657_7566
172,bus,0.98132485,13,4,475,347,7663,31657,0.9170486111111112,1,31657_7663_1,31657_7663
173,person,0.65201515,367,106,438,171,7663,31657,0.0267071759259259,0,31657_7663_0,31657_7663
174,bus,0.786381,23,0,476,349,7760,31657,0.9149131944444444,1,31657_7760_1,31657_7760
175,bus,0.70359474,1,48,113,350,7760,31657,0.1957407407407407,0,31657_7760_0,31657_7760
176,person,0.9884039,47,37,199,360,7857,31657,0.2841203703703704,1,31657_7857_1,31657_7857
177,person,0.7384677,252,43,363,211,7857,31657,0.1079166666666666,0,31657_7857_0,31657_7857
178,person,0.9369346,40,43,223,355,7954,31657,0.3304166666666667,1,31657_7954_1,31657_7954
179,person,0.89278185,244,42,420,247,7954,31657,0.2087962962962962,0,31657_7954_0,31657_7954
180,person,0.9910124,38,64,188,357,8051,31657,0.2543402777777778,2,31657_8051_2,31657_8051
181,person,0.93426055,234,42,431,246,8051,31657,0.2325694444444444,1,31657_8051_1,31657_8051
182,person,0.6604422,44,57,83,150,8051,31657,0.0209895833333333,0,31657_8051_0,31657_8051
183,person,0.9901579,163,49,343,357,8148,31657,0.3208333333333333,4,31657_8148_4,31657_8148
184,person,0.9860044,62,33,191,356,8148,31657,0.2411284722222222,2,31657_8148_2,31657_8148
185,person,0.9812107,331,35,478,359,8148,31657,0.275625,3,31657_8148_3,31657_8148
186,tie,0.64261246,243,143,281,223,8148,31657,0.0175925925925925,0,31657_8148_0,31657_8148
187,tie,0.6208764,250,139,286,243,8148,31657,0.0216666666666666,1,31657_8148_1,31657_8148
188,person,0.9929519,140,44,312,360,8245,31657,0.314537037037037,4,31657_8245_4,31657_8245
189,person,0.98941046,309,38,457,359,8245,31657,0.2749305555555556,3,31657_8245_3,31657_8245
190,person,0.98145294,29,30,163,348,8245,31657,0.2465972222222222,2,31657_8245_2,31657_8245
191,tie,0.71559674,217,145,254,251,8245,31657,0.0226967592592592,1,31657_8245_1,31657_8245
192,tie,0.57368046,214,145,243,236,8245,31657,0.0152719907407407,0,31657_8245_0,31657_8245
193,person,0.99211735,135,44,312,360,8342,31657,0.3236805555555556,2,31657_8342_2,31657_8342
194,person,0.98342633,328,36,456,356,8342,31657,0.237037037037037,1,31657_8342_1,31657_8342
195,person,0.98154324,24,30,148,350,8342,31657,0.2296296296296297,0,31657_8342_0,31657_8342
196,person,0.9928449,85,25,433,353,8439,31657,0.6605555555555556,1,31657_8439_1,31657_8439
197,tie,0.9342842,232,232,271,344,8439,31657,0.0252777777777777,0,31657_8439_0,31657_8439
198,person,0.9949715,0,44,235,360,8536,31657,0.4297453703703704,5,31657_8536_5,31657_8536
199,person,0.986121,244,75,480,359,8536,31657,0.3878703703703704,4,31657_8536_4,31657_8536
200,tie,0.90879375,344,213,383,343,8536,31657,0.0293402777777777,0,31657_8536_0,31657_8536
201,tie,0.90526146,127,184,192,353,8536,31657,0.0635706018518518,3,31657_8536_3,31657_8536
202,tie,0.88068026,115,186,155,323,8536,31657,0.0317129629629629,1,31657_8536_1,31657_8536
203,tie,0.6928671999999999,122,187,167,332,8536,31657,0.0377604166666666,2,31657_8536_2,31657_8536
204,person,0.98604786,89,33,457,359,8633,31657,0.6942592592592592,1,31657_8633_1,31657_8633
205,tie,0.98590255,213,267,258,358,8633,31657,0.0236979166666666,0,31657_8633_0,31657_8633
206,person,0.98811007,201,61,347,360,8730,31657,0.2526273148148148,2,31657_8730_2,31657_8730
207,person,0.9869245,29,34,149,352,8730,31657,0.2208333333333333,0,31657_8730_0,31657_8730
208,person,0.9858354,322,42,452,355,8730,31657,0.235474537037037,1,31657_8730_1,31657_8730
209,person,0.9969741,47,21,333,354,8924,31657,0.5511458333333333,1,31657_8924_1,31657_8924
210,person,0.98565555,303,38,444,356,8924,31657,0.2594791666666666,0,31657_8924_0,31657_8924
211,person,0.9866484,75,79,185,355,9021,31657,0.1756944444444444,1,31657_9021_1,31657_9021
212,person,0.943463,267,49,376,342,9021,31657,0.1848206018518518,2,31657_9021_2,31657_9021
213,person,0.8955883,297,185,424,352,9021,31657,0.1227372685185185,0,31657_9021_0,31657_9021
214,person,0.9871777,285,19,480,350,9118,31657,0.3735243055555556,1,31657_9118_1,31657_9118
215,person,0.9704342,5,72,183,352,9118,31657,0.2884259259259259,0,31657_9118_0,31657_9118
216,person,0.9809942,291,31,479,354,9215,31657,0.351412037037037,2,31657_9215_2,31657_9215
217,person,0.9669484,6,74,180,350,9215,31657,0.2779166666666666,1,31657_9215_1,31657_9215
218,bottle,0.6310856,195,241,257,360,9215,31657,0.0426967592592592,0,31657_9215_0,31657_9215
219,person,0.9709952,124,10,397,360,9312,31657,0.5529513888888888,0,31657_9312_0,31657_9312
220,person,0.9641414,51,44,368,360,9409,31657,0.5796990740740741,0,31657_9409_0,31657_9409
221,person,0.98355144,35,28,357,360,9506,31657,0.6186574074074074,0,31657_9506_0,31657_9506
222,person,0.9000636000000001,108,68,394,298,9700,31657,0.3806712962962963,0,31657_9700_0,31657_9700
223,person,0.9940573,273,27,406,358,9797,31657,0.2547627314814815,2,31657_9797_2,31657_9797
224,person,0.89073557,216,67,272,213,9797,31657,0.0473148148148148,1,31657_9797_1,31657_9797
225,chair,0.57945764,428,321,476,360,9797,31657,0.0108333333333333,0,31657_9797_0,31657_9797
226,person,0.9734229,173,8,349,353,9894,31657,0.3513888888888889,2,31657_9894_2,31657_9894
227,person,0.9374167,121,85,254,343,9894,31657,0.1985763888888889,1,31657_9894_1,31657_9894
228,bottle,0.5446882,419,186,447,234,9894,31657,0.0077777777777777,0,31657_9894_0,31657_9894
229,person,0.9916602,14,22,199,357,9991,31657,0.3586516203703703,3,31657_9991_3,31657_9991
230,bus,0.54819196,166,115,405,323,9991,31657,0.2876851851851852,2,31657_9991_2,31657_9991
231,person,0.5359461999999999,360,112,383,145,9991,31657,0.0043923611111111,0,31657_9991_0,31657_9991
232,car,0.51929057,182,124,405,328,9991,31657,0.2632638888888889,1,31657_9991_1,31657_9991
233,person,0.98977727,75,10,215,360,10088,31657,0.2835648148148148,1,31657_10088_1,31657_10088
234,person,0.9784614,231,64,396,360,10088,31657,0.2826388888888889,0,31657_10088_0,31657_10088
235,person,0.99136555,257,53,409,360,10185,31657,0.2700462962962963,0,31657_10185_0,31657_10185
236,person,0.9908895,57,12,208,353,10185,31657,0.2979803240740741,1,31657_10185_1,31657_10185
237,person,0.99729806,13,83,205,360,10282,31657,0.3077777777777777,3,31657_10282_3,31657_10282
238,person,0.9929691,289,50,415,358,10282,31657,0.2245833333333333,2,31657_10282_2,31657_10282
239,tie,0.8024444000000001,354,138,379,220,10282,31657,0.0118634259259259,0,31657_10282_0,31657_10282
240,tie,0.7506622,360,140,387,216,10282,31657,0.011875,1,31657_10282_1,31657_10282
241,person,0.98380363,131,24,349,360,10379,31657,0.4238888888888889,2,31657_10379_2,31657_10379
242,frisbee,0.9114966,238,75,317,121,10379,31657,0.0210300925925926,0,31657_10379_0,31657_10379
243,car,0.7414368,314,92,475,360,10379,31657,0.2496990740740741,1,31657_10379_1,31657_10379
244,person,0.9944871,70,33,222,360,10476,31657,0.2876388888888889,4,31657_10476_4,31657_10476
245,person,0.9924735999999998,202,48,361,359,10476,31657,0.2861631944444444,3,31657_10476_3,31657_10476
246,car,0.8712018,306,88,471,360,10476,31657,0.2597222222222222,2,31657_10476_2,31657_10476
247,tie,0.76367646,140,121,163,207,10476,31657,0.0114467592592592,1,31657_10476_1,31657_10476
248,tie,0.56043863,142,127,159,186,10476,31657,0.0058043981481481,0,31657_10476_0,31657_10476
249,person,0.9872614,33,40,266,360,10573,31657,0.4314814814814815,2,31657_10573_2,31657_10573
250,person,0.9765005,210,40,379,360,10573,31657,0.3129629629629629,1,31657_10573_1,31657_10573
251,car,0.73676217,321,76,471,353,10573,31657,0.2404513888888889,0,31657_10573_0,31657_10573
252,person,0.99127346,120,37,242,354,10670,31657,0.2238078703703704,0,31657_10670_0,31657_10670
253,person,0.9811848,239,18,369,354,10767,31657,0.2527777777777777,1,31657_10767_1,31657_10767
254,person,0.9668655,126,71,242,355,10767,31657,0.190648148148148,0,31657_10767_0,31657_10767
255,person,0.9889966,51,43,451,353,10864,31657,0.7175925925925926,0,31657_10864_0,31657_10864
256,person,0.9704756,212,94,360,351,10961,31657,0.2201157407407407,3,31657_10961_3,31657_10961
257,person,0.9290636999999998,99,35,319,357,10961,31657,0.4099537037037037,4,31657_10961_4,31657_10961
258,tie,0.74206454,193,144,221,251,10961,31657,0.0173379629629629,1,31657_10961_1,31657_10961
259,tie,0.71848625,185,145,214,255,10961,31657,0.0184606481481481,2,31657_10961_2,31657_10961
260,tie,0.5092759,189,151,216,229,10961,31657,0.0121875,0,31657_10961_0,31657_10961
261,person,0.9896101,97,36,225,360,11058,31657,0.24,3,31657_11058_3,31657_11058
262,person,0.96516955,268,77,370,360,11058,31657,0.1670486111111111,2,31657_11058_2,31657_11058
263,person,0.81301165,198,172,276,296,11058,31657,0.0559722222222222,1,31657_11058_1,31657_11058
264,person,0.8084324,12,146,67,320,11058,31657,0.0553819444444444,0,31657_11058_0,31657_11058
265,person,0.97793454,126,30,468,360,11155,31657,0.653125,0,31657_11155_0,31657_11155
266,person,0.9701058,98,18,459,355,11252,31657,0.7040335648148148,0,31657_11252_0,31657_11252
267,person,0.98314416,117,27,242,360,11349,31657,0.2408854166666666,3,31657_11349_3,31657_11349
268,person,0.9079779,284,80,378,360,11349,31657,0.1523148148148148,2,31657_11349_2,31657_11349
269,person,0.7858691999999999,215,167,304,323,11349,31657,0.0803472222222222,1,31657_11349_1,31657_11349
270,person,0.55272853,15,117,55,261,11349,31657,0.0333333333333333,0,31657_11349_0,31657_11349
271,person,0.97578526,67,25,249,358,11446,31657,0.3507291666666666,1,31657_11446_1,31657_11446
272,person,0.971152,207,84,410,332,11446,31657,0.2913425925925926,0,31657_11446_0,31657_11446
273,person,0.96557784,103,112,194,262,11543,31657,0.0789930555555555,0,31657_11543_0,31657_11543
274,person,0.9629004,165,76,281,256,11543,31657,0.1208333333333333,1,31657_11543_1,31657_11543
275,car,0.76971304,28,122,470,328,11543,31657,0.5269212962962962,2,31657_11543_2,31657_11543
276,person,0.9385416,59,96,143,253,11640,31657,0.0763194444444444,0,31657_11640_0,31657_11640
277,car,0.9323972,153,97,476,354,11640,31657,0.4803877314814815,4,31657_11640_4,31657_11640
278,car,0.7236477,16,185,328,348,11640,31657,0.2943055555555555,2,31657_11640_2,31657_11640
279,car,0.6075349,0,233,301,337,11640,31657,0.1811574074074074,1,31657_11640_1,31657_11640
280,oven,0.57398504,253,92,477,348,11640,31657,0.3318518518518518,3,31657_11640_3,31657_11640
281,person,0.97968745,274,97,381,333,11737,31657,0.1461342592592592,0,31657_11737_0,31657_11737
282,car,0.90189344,2,90,342,360,11737,31657,0.53125,1,31657_11737_1,31657_11737
283,person,0.996084,186,50,364,358,11834,31657,0.3172685185185185,0,31657_11834_0,31657_11834
284,person,0.99555224,156,44,415,352,11931,31657,0.4616435185185186,3,31657_11931_3,31657_11931
285,tie,0.5939401999999999,217,191,261,337,11931,31657,0.0371759259259259,2,31657_11931_2,31657_11931
286,tie,0.57807267,226,195,254,292,11931,31657,0.0157175925925925,1,31657_11931_1,31657_11931
287,tie,0.53153604,221,194,246,300,11931,31657,0.0153356481481481,0,31657_11931_0,31657_11931
288,person,0.99159265,212,56,444,358,12028,31657,0.4054629629629629,0,31657_12028_0,31657_12028
289,person,0.9959726,239,60,435,354,12125,31657,0.3334722222222222,0,31657_12125_0,31657_12125
290,person,0.9965495,189,45,405,357,12222,31657,0.39,0,31657_12222_0,31657_12222
291,person,0.9946825,159,21,459,355,12416,31657,0.5798611111111112,2,31657_12416_2,31657_12416
292,tie,0.7061002,267,167,305,283,12416,31657,0.0255092592592592,0,31657_12416_0,31657_12416
293,tie,0.52248585,257,175,300,296,12416,31657,0.0301099537037037,1,31657_12416_1,31657_12416
294,person,0.8947443000000002,261,180,387,359,12513,31657,0.1305208333333333,2,31657_12513_2,31657_12513
295,person,0.7951672,239,92,381,354,12513,31657,0.2153009259259259,3,31657_12513_3,31657_12513
296,car,0.6986319000000001,4,240,144,345,12513,31657,0.0850694444444444,1,31657_12513_1,31657_12513
297,person,0.6629757,169,95,363,345,12513,31657,0.2806712962962963,4,31657_12513_4,31657_12513
298,person,0.55451775,232,88,325,174,12513,31657,0.0462847222222222,0,31657_12513_0,31657_12513
299,person,0.9412939,256,184,375,357,12610,31657,0.1191377314814814,0,31657_12610_0,31657_12610
300,person,0.929699,97,102,174,249,12707,31657,0.0655034722222222,3,31657_12707_3,31657_12707
301,person,0.87370205,148,166,247,348,12707,31657,0.1042708333333333,5,31657_12707_5,31657_12707
302,person,0.68218166,362,193,469,353,12707,31657,0.099074074074074,4,31657_12707_4,31657_12707
303,person,0.67374575,243,183,296,239,12707,31657,0.0171759259259259,1,31657_12707_1,31657_12707
304,person,0.5564068,352,186,454,288,12707,31657,0.0602083333333333,2,31657_12707_2,31657_12707
305,person,0.5058808,46,170,86,217,12707,31657,0.0108796296296296,0,31657_12707_0,31657_12707
306,person,0.9650854,94,106,173,254,12804,31657,0.067662037037037,1,31657_12804_1,31657_12804
307,person,0.84069747,151,175,242,320,12804,31657,0.0763599537037037,2,31657_12804_2,31657_12804
308,person,0.81258833,332,189,469,358,12804,31657,0.1339872685185185,3,31657_12804_3,31657_12804
309,person,0.6952384,238,186,296,238,12804,31657,0.0174537037037037,0,31657_12804_0,31657_12804
310,person,0.9887537,1,134,231,357,12901,31657,0.2968171296296296,2,31657_12901_2,31657_12901
311,person,0.9346291,309,133,439,347,12901,31657,0.1609953703703703,1,31657_12901_1,31657_12901
312,person,0.8832462999999999,195,63,245,223,12901,31657,0.0462962962962962,0,31657_12901_0,31657_12901
313,person,0.970891,0,135,227,352,12998,31657,0.2850636574074074,6,31657_12998_6,31657_12998
314,person,0.9345415,315,143,443,337,12998,31657,0.1437037037037037,5,31657_12998_5,31657_12998
315,person,0.808028,180,73,273,218,12998,31657,0.0780381944444444,3,31657_12998_3,31657_12998
316,person,0.78223586,138,137,175,189,12998,31657,0.0111342592592592,0,31657_12998_0,31657_12998
317,chair,0.6039971,271,186,328,270,12998,31657,0.0277083333333333,2,31657_12998_2,31657_12998
318,person,0.57978904,106,140,142,233,12998,31657,0.019375,1,31657_12998_1,31657_12998
319,person,0.5136864999999999,181,77,272,322,12998,31657,0.1290219907407407,4,31657_12998_4,31657_12998
320,person,0.9941856,81,22,382,354,13095,31657,0.5783101851851852,1,31657_13095_1,31657_13095
321,person,0.92411363,0,211,90,347,13095,31657,0.0708333333333333,0,31657_13095_0,31657_13095
322,person,0.9956903,97,38,403,358,13192,31657,0.5666666666666667,0,31657_13192_0,31657_13192
323,person,0.99675816,32,39,375,353,13289,31657,0.623275462962963,0,31657_13289_0,31657_13289
324,person,0.9812207,138,34,397,357,13386,31657,0.4841261574074074,1,31657_13386_1,31657_13386
325,person,0.8982607,0,214,97,340,13386,31657,0.0707291666666666,0,31657_13386_0,31657_13386
326,person,0.98500896,8,141,235,351,13483,31657,0.2758680555555555,3,31657_13483_3,31657_13483
327,person,0.97529864,131,57,278,229,13483,31657,0.1463194444444444,1,31657_13483_1,31657_13483
328,person,0.90693986,129,62,277,334,13483,31657,0.2329629629629629,2,31657_13483_2,31657_13483
329,person,0.87185305,324,151,458,331,13483,31657,0.1395833333333333,0,31657_13483_0,31657_13483
330,person,0.99328387,107,31,439,360,13580,31657,0.6321064814814815,2,31657_13580_2,31657_13580
331,person,0.8301941999999999,23,209,146,347,13580,31657,0.0982291666666666,1,31657_13580_1,31657_13580
332,tie,0.675307,230,198,296,350,13580,31657,0.0580555555555555,0,31657_13580_0,31657_13580
333,person,0.9957075,84,43,366,352,13677,31657,0.5042708333333333,6,31657_13677_6,31657_13677
334,wine glass,0.9121982,371,268,415,345,13677,31657,0.0196064814814814,0,31657_13677_0,31657_13677
335,person,0.8866033999999999,0,57,139,360,13677,31657,0.2437326388888889,5,31657_13677_5,31657_13677
336,person,0.8336703999999999,284,0,394,147,13677,31657,0.0935763888888888,2,31657_13677_2,31657_13677
337,person,0.7714821,34,58,135,247,13677,31657,0.11046875,4,31657_13677_4,31657_13677
338,person,0.73145705,232,60,352,211,13677,31657,0.1048611111111111,3,31657_13677_3,31657_13677
339,person,0.5402849000000001,410,39,480,251,13677,31657,0.0858796296296296,1,31657_13677_1,31657_13677
340,person,0.9878714,99,51,424,360,13774,31657,0.5811631944444444,1,31657_13774_1,31657_13774
341,person,0.8897613999999999,36,214,121,337,13774,31657,0.0605034722222222,0,31657_13774_0,31657_13774
342,person,0.99522865,85,38,365,351,13871,31657,0.5071759259259261,8,31657_13871_8,31657_13871
343,wine glass,0.9224739,371,269,414,343,13871,31657,0.0184143518518518,0,31657_13871_0,31657_13871
344,person,0.8768734,4,56,130,358,13871,31657,0.2202083333333333,7,31657_13871_7,31657_13871
345,person,0.87008953,38,58,132,231,13871,31657,0.0941087962962963,5,31657_13871_5,31657_13871
346,person,0.77758366,232,58,349,204,13871,31657,0.0988541666666666,6,31657_13871_6,31657_13871
347,person,0.7271890999999999,285,0,388,144,13871,31657,0.0858333333333333,4,31657_13871_4,31657_13871
348,person,0.5512056,383,66,456,224,13871,31657,0.0667476851851851,2,31657_13871_2,31657_13871
349,person,0.52804756,406,47,480,232,13871,31657,0.079224537037037,3,31657_13871_3,31657_13871
350,bottle,0.5178956,405,175,435,286,13871,31657,0.0192708333333333,1,31657_13871_1,31657_13871
351,person,0.99402136,0,129,192,352,13968,31657,0.2477777777777778,6,31657_13968_6,31657_13968
352,person,0.96820664,192,87,288,360,13968,31657,0.1516666666666666,4,31657_13968_4,31657_13968
353,person,0.93992007,323,134,462,349,13968,31657,0.1729456018518518,5,31657_13968_5,31657_13968
354,person,0.9033634,191,95,292,252,13968,31657,0.0917650462962963,3,31657_13968_3,31657_13968
355,person,0.7741929,136,136,177,189,13968,31657,0.0125752314814814,0,31657_13968_0,31657_13968
356,person,0.6862265000000001,415,128,478,333,13968,31657,0.0747395833333333,2,31657_13968_2,31657_13968
357,person,0.51592565,410,132,476,262,13968,31657,0.0496527777777777,1,31657_13968_1,31657_13968
358,person,0.99288493,107,83,310,356,14065,31657,0.3207118055555556,3,31657_14065_3,31657_14065
359,person,0.8686728000000001,0,107,93,314,14065,31657,0.11140625,1,31657_14065_1,31657_14065
360,sink,0.7918801,239,233,472,354,14065,31657,0.1631539351851851,2,31657_14065_2,31657_14065
361,tie,0.5774944000000001,202,167,223,261,14065,31657,0.0114236111111111,0,31657_14065_0,31657_14065
362,person,0.993083,5,65,216,356,14162,31657,0.3553298611111111,1,31657_14162_1,31657_14162
363,person,0.94880927,248,90,446,357,14162,31657,0.3059375,0,31657_14162_0,31657_14162
364,person,0.9923069,12,69,233,355,14259,31657,0.365775462962963,3,31657_14259_3,31657_14259
365,person,0.9502252,264,79,470,353,14259,31657,0.3266435185185185,2,31657_14259_2,31657_14259
366,sink,0.63667995,168,277,337,355,14259,31657,0.0762847222222222,1,31657_14259_1,31657_14259
367,sink,0.6257409,0,222,43,291,14259,31657,0.0171701388888888,0,31657_14259_0,31657_14259
368,person,0.9915555,121,42,426,354,14356,31657,0.5506944444444445,5,31657_14356_5,31657_14356
369,person,0.7757808,9,34,123,350,14356,31657,0.2084722222222222,2,31657_14356_2,31657_14356
370,person,0.77260137,338,34,450,232,14356,31657,0.1283333333333333,1,31657_14356_1,31657_14356
371,person,0.7578953,232,32,440,360,14356,31657,0.3948148148148149,4,31657_14356_4,31657_14356
372,person,0.61557865,9,44,110,204,14356,31657,0.0935185185185185,0,31657_14356_0,31657_14356
373,person,0.56693256,341,23,464,320,14356,31657,0.21140625,3,31657_14356_3,31657_14356
374,person,0.98414004,110,41,410,360,14453,31657,0.5538194444444444,5,31657_14453_5,31657_14453
375,person,0.91029245,251,77,432,360,14453,31657,0.2964293981481481,4,31657_14453_4,31657_14453
376,person,0.86716497,339,39,440,235,14453,31657,0.1145601851851851,2,31657_14453_2,31657_14453
377,person,0.85754305,0,30,117,356,14453,31657,0.2207291666666666,3,31657_14453_3,31657_14453
378,tie,0.6630324000000001,229,225,267,359,14453,31657,0.0294675925925925,0,31657_14453_0,31657_14453
379,person,0.63752,6,48,123,209,14453,31657,0.1090104166666666,1,31657_14453_1,31657_14453
380,person,0.9967789,86,39,365,354,14550,31657,0.50859375,2,31657_14550_2,31657_14550
381,person,0.9525496,5,134,112,286,14550,31657,0.0941203703703703,1,31657_14550_1,31657_14550
382,tie,0.651766,229,207,304,356,14550,31657,0.0646701388888889,0,31657_14550_0,31657_14550
383,person,0.9912169,84,36,365,351,14647,31657,0.5122395833333333,2,31657_14647_2,31657_14647
384,tie,0.87745035,222,204,284,346,14647,31657,0.050949074074074,0,31657_14647_0,31657_14647
385,person,0.8573972,0,124,90,277,14647,31657,0.0796875,1,31657_14647_1,31657_14647
386,person,0.9797854,118,42,387,355,14744,31657,0.4872511574074074,6,31657_14744_6,31657_14744
387,person,0.92331177,254,72,439,357,14744,31657,0.3051215277777778,5,31657_14744_5,31657_14744
388,person,0.8522245,345,32,443,225,14744,31657,0.1094560185185185,3,31657_14744_3,31657_14744
389,person,0.6219964,13,33,124,354,14744,31657,0.2061979166666666,4,31657_14744_4,31657_14744
390,person,0.58609664,1,34,59,348,14744,31657,0.1053935185185185,2,31657_14744_2,31657_14744
391,tie,0.5782975,231,207,276,337,14744,31657,0.0338541666666666,0,31657_14744_0,31657_14744
392,person,0.5076221,12,41,118,207,14744,31657,0.1018287037037037,1,31657_14744_1,31657_14744
393,person,0.9920155,66,35,361,355,14841,31657,0.5462962962962963,1,31657_14841_1,31657_14841
394,person,0.8950643,0,117,92,271,14841,31657,0.0819907407407407,0,31657_14841_0,31657_14841
395,person,0.9823741,110,52,382,356,14938,31657,0.4785185185185185,4,31657_14938_4,31657_14938
396,person,0.9256294,243,85,440,356,14938,31657,0.3089525462962963,3,31657_14938_3,31657_14938
397,person,0.83057714,6,24,123,349,14938,31657,0.2200520833333333,2,31657_14938_2,31657_14938
398,person,0.78493345,350,40,442,236,14938,31657,0.1043518518518518,0,31657_14938_0,31657_14938
399,person,0.6873831,7,35,126,207,14938,31657,0.118449074074074,1,31657_14938_1,31657_14938
400,person,0.9621122,271,131,403,353,15035,31657,0.1695833333333333,1,31657_15035_1,31657_15035
401,person,0.90708554,5,95,179,355,15035,31657,0.2618055555555556,2,31657_15035_2,31657_15035
402,person,0.84067464,177,65,290,246,15035,31657,0.1183622685185185,0,31657_15035_0,31657_15035
403,person,0.98819506,5,106,167,353,15132,31657,0.2315625,4,31657_15132_4,31657_15132
404,person,0.97112197,182,83,317,278,15132,31657,0.15234375,2,31657_15132_2,31657_15132
405,person,0.9568859,302,132,457,360,15132,31657,0.2045138888888888,3,31657_15132_3,31657_15132
406,sink,0.7017713000000001,98,264,368,353,15132,31657,0.1390625,0,31657_15132_0,31657_15132
407,dining table,0.6228068,86,255,357,344,15132,31657,0.1395775462962963,1,31657_15132_1,31657_15132
408,person,0.9914444,4,110,197,355,15229,31657,0.2736400462962963,4,31657_15229_4,31657_15229
409,person,0.9481238,290,149,458,360,15229,31657,0.2051388888888889,3,31657_15229_3,31657_15229
410,person,0.820609,322,61,432,228,15229,31657,0.1063078703703703,0,31657_15229_0,31657_15229
411,sink,0.548142,93,253,370,360,15229,31657,0.1715219907407407,1,31657_15229_1,31657_15229
412,person,0.52054054,307,88,452,294,15229,31657,0.1728587962962963,2,31657_15229_2,31657_15229
413,person,0.99248564,8,99,208,357,15326,31657,0.2986111111111111,1,31657_15326_1,31657_15326
414,person,0.9274833,301,134,456,360,15326,31657,0.2027199074074074,0,31657_15326_0,31657_15326
415,person,0.97644913,6,98,187,354,15423,31657,0.2681481481481481,2,31657_15423_2,31657_15423
416,person,0.9665659,147,51,267,242,15423,31657,0.1326388888888889,0,31657_15423_0,31657_15423
417,person,0.9154742,295,134,459,360,15423,31657,0.2144907407407408,1,31657_15423_1,31657_15423
418,person,0.98564106,6,107,164,352,15520,31657,0.2240162037037037,4,31657_15520_4,31657_15520
419,person,0.94480723,173,39,334,243,15520,31657,0.1900694444444444,2,31657_15520_2,31657_15520
420,person,0.93958306,311,135,461,360,15520,31657,0.1953125,3,31657_15520_3,31657_15520
421,cup,0.6571256,168,198,204,267,15520,31657,0.014375,0,31657_15520_0,31657_15520
422,dining table,0.61201257,97,254,395,354,15520,31657,0.1724537037037037,1,31657_15520_1,31657_15520
423,person,0.9858742,12,107,176,352,15617,31657,0.2325231481481481,2,31657_15617_2,31657_15617
424,person,0.9665375,186,51,312,266,15617,31657,0.1567708333333333,0,31657_15617_0,31657_15617
425,person,0.94626147,305,134,456,360,15617,31657,0.1974884259259259,1,31657_15617_1,31657_15617
426,person,0.993113,7,103,170,356,15714,31657,0.2386516203703704,3,31657_15714_3,31657_15714
427,person,0.96668005,194,69,307,264,15714,31657,0.1275173611111111,0,31657_15714_0,31657_15714
428,person,0.90687627,309,141,459,353,15714,31657,0.1840277777777778,2,31657_15714_2,31657_15714
429,dining table,0.6058703000000001,100,251,348,350,15714,31657,0.1420833333333333,1,31657_15714_1,31657_15714
430,person,0.98219794,7,109,184,353,15811,31657,0.2499305555555555,3,31657_15811_3,31657_15811
431,person,0.9676216,287,139,458,356,15811,31657,0.2147395833333332,2,31657_15811_2,31657_15811
432,person,0.91210324,185,46,341,248,15811,31657,0.1823611111111111,1,31657_15811_1,31657_15811
433,dining table,0.553307,83,243,357,358,15811,31657,0.182349537037037,0,31657_15811_0,31657_15811
434,person,0.99525297,72,44,388,353,15908,31657,0.5650694444444444,0,31657_15908_0,31657_15908
435,person,0.9876237,8,114,161,353,16005,31657,0.2116145833333333,2,31657_16005_2,31657_16005
436,person,0.95490515,303,140,456,354,16005,31657,0.1894791666666666,1,31657_16005_1,31657_16005
437,dining table,0.7430789000000001,103,255,393,352,16005,31657,0.1627893518518518,0,31657_16005_0,31657_16005
438,person,0.99632394,89,43,412,349,16102,31657,0.5719791666666667,1,31657_16102_1,31657_16102
439,cup,0.6584237,230,306,304,354,16102,31657,0.0205555555555555,0,31657_16102_0,31657_16102
440,person,0.9929431,7,105,188,355,16199,31657,0.2618634259259259,2,31657_16199_2,31657_16199
441,person,0.95160747,290,145,454,355,16199,31657,0.1993055555555556,1,31657_16199_1,31657_16199
442,person,0.9220975,205,46,357,253,16199,31657,0.1820833333333332,0,31657_16199_0,31657_16199
443,person,0.9859357,0,103,144,359,16296,31657,0.2133333333333332,4,31657_16296_4,31657_16296
444,person,0.9004344999999999,311,139,456,353,16296,31657,0.1795717592592592,3,31657_16296_3,31657_16296
445,dining table,0.83963084,81,263,342,350,16296,31657,0.13140625,2,31657_16296_2,31657_16296
446,bottle,0.6091865,166,199,203,268,16296,31657,0.0147743055555555,0,31657_16296_0,31657_16296
447,person,0.51236385,84,82,179,236,16296,31657,0.0846643518518518,1,31657_16296_1,31657_16296
448,person,0.9928173,96,37,403,351,16393,31657,0.5578587962962963,0,31657_16393_0,31657_16393
449,person,0.9863513,5,112,156,353,16490,31657,0.2105960648148148,3,31657_16490_3,31657_16490
450,person,0.9591124,340,137,460,354,16490,31657,0.1506944444444444,0,31657_16490_0,31657_16490
451,person,0.95030636,193,70,345,264,16490,31657,0.1706481481481481,1,31657_16490_1,31657_16490
452,dining table,0.53764296,61,250,372,349,16490,31657,0.1781770833333333,2,31657_16490_2,31657_16490
453,person,0.9841797,1,108,145,359,16587,31657,0.2091666666666666,2,31657_16587_2,31657_16587
454,person,0.9286489,298,141,456,355,16587,31657,0.1956712962962963,1,31657_16587_1,31657_16587
455,person,0.8774881999999999,237,51,379,270,16587,31657,0.1799652777777777,0,31657_16587_0,31657_16587
456,person,0.98622,5,108,153,352,16684,31657,0.2089814814814815,0,31657_16684_0,31657_16684
457,person,0.94965345,301,126,460,357,16684,31657,0.2125520833333333,1,31657_16684_1,31657_16684
458,person,0.98005265,3,105,160,354,16781,31657,0.2262326388888889,2,31657_16781_2,31657_16781
459,person,0.9571371,308,136,458,354,16781,31657,0.1892361111111111,1,31657_16781_1,31657_16781
460,dining table,0.72190017,73,257,361,350,16781,31657,0.155,0,31657_16781_0,31657_16781
461,person,0.9903044,97,43,439,355,16878,31657,0.6175,2,31657_16878_2,31657_16878
462,person,0.96059114,373,19,479,340,16878,31657,0.1969097222222222,0,31657_16878_0,31657_16878
463,person,0.94472903,0,34,118,352,16878,31657,0.2171527777777776,1,31657_16878_1,31657_16878
464,person,0.9905324,83,40,426,358,16975,31657,0.6312152777777778,4,31657_16975_4,31657_16975
465,person,0.9711548,374,10,479,334,16975,31657,0.196875,1,31657_16975_1,31657_16975
466,person,0.83900577,8,13,130,347,16975,31657,0.2358101851851852,2,31657_16975_2,31657_16975
467,person,0.71418965,309,17,470,342,16975,31657,0.3028067129629629,3,31657_16975_3,31657_16975
468,person,0.60693645,37,20,132,279,16975,31657,0.1423900462962962,0,31657_16975_0,31657_16975
469,person,0.9916454,110,44,444,354,17072,31657,0.5991898148148148,2,31657_17072_2,31657_17072
470,person,0.970519,374,11,479,338,17072,31657,0.1986979166666666,0,31657_17072_0,31657_17072
471,person,0.9105793,0,20,127,351,17072,31657,0.2432696759259259,1,31657_17072_1,31657_17072
472,person,0.9960722,64,40,373,355,17169,31657,0.56328125,1,31657_17169_1,31657_17169
473,person,0.7577503000000001,6,135,93,267,17169,31657,0.0664583333333333,0,31657_17169_0,31657_17169
474,person,0.9897015,102,27,442,354,17266,31657,0.6434027777777778,3,31657_17266_3,31657_17266
475,person,0.9648344,375,12,478,342,17266,31657,0.1967013888888888,0,31657_17266_0,31657_17266
476,person,0.939417,2,27,119,348,17266,31657,0.21734375,1,31657_17266_1,31657_17266
477,person,0.5807364,277,19,466,344,17266,31657,0.35546875,2,31657_17266_2,31657_17266
478,person,0.9893694,102,31,438,358,17363,31657,0.6358333333333334,4,31657_17363_4,31657_17363
479,person,0.96298426,374,19,480,336,17363,31657,0.1944560185185185,1,31657_17363_1,31657_17363
480,person,0.8572853000000001,0,24,125,340,17363,31657,0.2285879629629629,2,31657_17363_2,31657_17363
481,person,0.6884911,251,28,447,344,17363,31657,0.3584259259259259,3,31657_17363_3,31657_17363
482,person,0.56687576,110,25,179,173,17363,31657,0.0590972222222222,0,31657_17363_0,31657_17363
483,person,0.9948716,18,49,384,360,17460,31657,0.6587152777777778,3,31657_17460_3,31657_17460
484,person,0.8560389000000002,9,163,103,310,17460,31657,0.0799652777777777,2,31657_17460_2,31657_17460
485,tie,0.73393774,189,221,261,355,17460,31657,0.0558333333333333,1,31657_17460_1,31657_17460
486,tie,0.6936159000000001,204,223,246,354,17460,31657,0.0318402777777777,0,31657_17460_0,31657_17460
487,person,0.98668516,1,77,198,349,17557,31657,0.3100925925925926,2,31657_17557_2,31657_17557
488,person,0.9615753,308,94,464,332,17557,31657,0.2148611111111111,1,31657_17557_1,31657_17557
489,dining table,0.7786411999999999,145,245,345,351,17557,31657,0.1226851851851852,0,31657_17557_0,31657_17557
490,person,0.9921143,92,25,433,356,17654,31657,0.6531886574074074,3,31657_17654_3,31657_17654
491,person,0.9856404,358,12,478,347,17654,31657,0.2326388888888889,2,31657_17654_2,31657_17654
492,person,0.9155697,0,28,114,347,17654,31657,0.2104513888888889,1,31657_17654_1,31657_17654
493,tie,0.50392514,220,222,264,359,17654,31657,0.0348842592592592,0,31657_17654_0,31657_17654
494,person,0.9894811,0,132,168,351,17751,31657,0.2129166666666666,2,31657_17751_2,31657_17751
495,person,0.9531004,307,155,420,345,17751,31657,0.1242476851851851,1,31657_17751_1,31657_17751
496,sink,0.82470185,127,285,330,356,17751,31657,0.0834085648148148,0,31657_17751_0,31657_17751
497,person,0.98670644,11,142,168,336,17848,31657,0.176261574074074,1,31657_17848_1,31657_17848
498,person,0.97545356,137,60,284,307,17848,31657,0.2101215277777778,2,31657_17848_2,31657_17848
499,person,0.91482854,310,169,456,350,17848,31657,0.1529282407407407,0,31657_17848_0,31657_17848
500,person,0.98874867,14,49,159,353,17945,31657,0.2550925925925926,0,31657_17945_0,31657_17945
501,person,0.98886883,295,41,480,357,17945,31657,0.3383101851851852,1,31657_17945_1,31657_17945
502,person,0.995516,282,34,476,356,18042,31657,0.3615046296296297,1,31657_18042_1,31657_18042
503,person,0.9884864,16,44,156,348,18042,31657,0.2462962962962963,0,31657_18042_0,31657_18042
504,person,0.9956939,285,29,477,359,18139,31657,0.3666666666666665,1,31657_18139_1,31657_18139
505,person,0.9880761,11,40,151,343,18139,31657,0.2454861111111111,0,31657_18139_0,31657_18139
506,person,0.9924461,284,30,472,353,18236,31657,0.351412037037037,1,31657_18236_1,31657_18236
507,person,0.99162406,8,43,159,350,18236,31657,0.2682696759259259,0,31657_18236_0,31657_18236
508,person,0.981955,313,182,435,356,18333,31657,0.1228472222222222,2,31657_18333_2,31657_18333
509,person,0.97613066,92,50,241,303,18333,31657,0.2181539351851852,4,31657_18333_4,31657_18333
510,person,0.9364055,0,150,139,352,18333,31657,0.1624884259259259,3,31657_18333_3,31657_18333
511,cup,0.7331659,178,245,212,309,18333,31657,0.0125925925925925,0,31657_18333_0,31657_18333
512,person,0.6530589,52,71,219,354,18333,31657,0.2735011574074074,5,31657_18333_5,31657_18333
513,sink,0.5770786999999999,97,304,345,355,18333,31657,0.0731944444444444,1,31657_18333_1,31657_18333
514,person,0.99054515,69,30,417,360,18430,31657,0.6645833333333333,0,31657_18430_0,31657_18430
515,person,0.9970192,69,35,371,354,18527,31657,0.5575115740740739,4,31657_18527_4,31657_18527
516,tie,0.84354883,195,199,234,335,18527,31657,0.0306944444444444,1,31657_18527_1,31657_18527
517,person,0.6925472,3,92,61,225,18527,31657,0.0446412037037037,2,31657_18527_2,31657_18527
518,tie,0.5712538,187,189,249,346,18527,31657,0.0563310185185185,3,31657_18527_3,31657_18527
519,bottle,0.56369364,358,310,389,360,18527,31657,0.0089699074074074,0,31657_18527_0,31657_18527
520,person,0.9919701,56,42,408,359,18624,31657,0.6457407407407407,0,31657_18624_0,31657_18624
521,person,0.99474734,49,40,416,360,18721,31657,0.6796296296296296,0,31657_18721_0,31657_18721
522,person,0.9951579,73,39,384,355,18818,31657,0.5687268518518519,2,31657_18818_2,31657_18818
523,person,0.7983809000000001,27,117,124,233,18818,31657,0.0651157407407407,1,31657_18818_1,31657_18818
524,person,0.77136093,0,95,60,227,18818,31657,0.0458333333333333,0,31657_18818_0,31657_18818
525,person,0.9921427,85,35,415,358,18915,31657,0.6168402777777777,3,31657_18915_3,31657_18915
526,person,0.96953255,345,14,476,347,18915,31657,0.2524479166666666,2,31657_18915_2,31657_18915
527,person,0.7248268,98,21,183,151,18915,31657,0.0639467592592592,0,31657_18915_0,31657_18915
528,person,0.50877595,0,6,107,358,18915,31657,0.2179629629629629,1,31657_18915_1,31657_18915
529,person,0.99162525,4,90,162,346,19012,31657,0.2340740740740741,2,31657_19012_2,31657_19012
530,person,0.97752464,141,96,336,269,19012,31657,0.1952256944444445,0,31657_19012_0,31657_19012
531,person,0.9580061,304,124,475,360,19012,31657,0.2335416666666667,1,31657_19012_1,31657_19012
532,person,0.9332432,190,116,246,272,19109,31657,0.0505555555555555,2,31657_19109_2,31657_19109
533,person,0.87377477,270,173,431,308,19109,31657,0.12578125,5,31657_19109_5,31657_19109
534,person,0.8665376,14,172,107,311,19109,31657,0.0748090277777777,4,31657_19109_4,31657_19109
535,person,0.7949141,268,109,342,244,19109,31657,0.0578125,3,31657_19109_3,31657_19109
536,person,0.7920107,368,116,419,234,19109,31657,0.0348263888888888,1,31657_19109_1,31657_19109
537,person,0.7897128000000001,71,187,205,354,19109,31657,0.1295023148148148,6,31657_19109_6,31657_19109
538,chair,0.70072705,303,293,388,360,19109,31657,0.0329571759259259,0,31657_19109_0,31657_19109
539,person,0.967366,193,115,242,278,19206,31657,0.0462210648148148,1,31657_19206_1,31657_19206
540,person,0.89356714,18,160,108,306,19206,31657,0.0760416666666666,3,31657_19206_3,31657_19206
541,person,0.8891051999999999,295,170,416,331,19206,31657,0.1127372685185185,4,31657_19206_4,31657_19206
542,person,0.84283197,91,189,212,353,19206,31657,0.1148379629629629,5,31657_19206_5,31657_19206
543,person,0.5659358,0,196,68,353,19206,31657,0.0617824074074074,2,31657_19206_2,31657_19206
544,person,0.53359157,397,150,442,256,19206,31657,0.0276041666666666,0,31657_19206_0,31657_19206
545,person,0.9270156,113,187,217,357,19303,31657,0.1023148148148148,3,31657_19303_3,31657_19303
546,person,0.9210378,296,171,422,355,19303,31657,0.1341666666666666,4,31657_19303_4,31657_19303
547,person,0.70217466,2,175,86,334,19303,31657,0.0772916666666666,1,31657_19303_1,31657_19303
548,person,0.55246544,5,179,118,306,19303,31657,0.0830497685185185,2,31657_19303_2,31657_19303
549,person,0.52274203,54,121,126,264,19303,31657,0.0595833333333333,0,31657_19303_0,31657_19303
550,person,0.99272597,142,37,254,355,19400,31657,0.2061111111111111,5,31657_19400_5,31657_19400
551,person,0.916976,353,126,411,305,19400,31657,0.0600810185185185,3,31657_19400_3,31657_19400
552,person,0.90076166,87,133,158,302,19400,31657,0.0694386574074074,4,31657_19400_4,31657_19400
553,person,0.82377374,221,56,384,360,19400,31657,0.2867592592592593,6,31657_19400_6,31657_19400
554,person,0.6341207,91,186,141,301,19400,31657,0.0332754629629629,1,31657_19400_1,31657_19400
555,person,0.58648133,409,139,458,282,19400,31657,0.0405497685185185,2,31657_19400_2,31657_19400
556,person,0.5368718000000001,354,87,401,160,19400,31657,0.019855324074074,0,31657_19400_0,31657_19400
557,person,0.9935573,71,37,257,360,19497,31657,0.3476736111111111,3,31657_19497_3,31657_19497
558,person,0.9384016,238,75,447,346,19497,31657,0.3277719907407408,2,31657_19497_2,31657_19497
559,person,0.7887347,19,184,121,354,19497,31657,0.1003472222222222,1,31657_19497_1,31657_19497
560,person,0.5817892,440,199,476,355,19497,31657,0.0325,0,31657_19497_0,31657_19497
561,person,0.9897989,59,44,246,353,19594,31657,0.3343923611111111,2,31657_19594_2,31657_19594
562,person,0.9837024,230,77,433,354,19594,31657,0.3254108796296296,1,31657_19594_1,31657_19594
563,person,0.51722157,442,201,477,358,19594,31657,0.0317997685185185,0,31657_19594_0,31657_19594
564,person,0.9787123,207,77,381,360,19691,31657,0.2849652777777778,5,31657_19691_5,31657_19691
565,person,0.960508,3,182,90,358,19691,31657,0.0886111111111111,3,31657_19691_3,31657_19691
566,person,0.89865506,128,49,246,360,19691,31657,0.2123726851851852,4,31657_19691_4,31657_19691
567,person,0.80202615,417,170,475,356,19691,31657,0.0624305555555555,2,31657_19691_2,31657_19691
568,person,0.58332926,360,212,423,357,19691,31657,0.0528645833333333,1,31657_19691_1,31657_19691
569,handbag,0.52466446,73,188,154,284,19691,31657,0.045,0,31657_19691_0,31657_19691
570,person,0.9854359,0,178,74,356,19788,31657,0.0762268518518518,1,31657_19788_1,31657_19788
571,person,0.9848728,186,57,369,360,19788,31657,0.3208854166666666,5,31657_19788_5,31657_19788
572,person,0.9376499,113,35,241,356,19788,31657,0.2377777777777777,3,31657_19788_3,31657_19788
573,person,0.90107334,347,174,410,358,19788,31657,0.0670833333333333,0,31657_19788_0,31657_19788
574,person,0.8028010999999999,401,162,478,359,19788,31657,0.0877835648148148,2,31657_19788_2,31657_19788
575,person,0.52994883,159,44,313,355,19788,31657,0.2771643518518518,4,31657_19788_4,31657_19788
576,person,0.9914648,97,0,359,356,19885,31657,0.5397685185185185,3,31657_19885_3,31657_19885
577,person,0.95216817,1,158,134,357,19885,31657,0.1531655092592592,2,31657_19885_2,31657_19885
578,person,0.947056,337,158,469,353,19885,31657,0.1489583333333333,1,31657_19885_1,31657_19885
579,person,0.5029475,7,158,94,338,19885,31657,0.090625,0,31657_19885_0,31657_19885
580,person,0.9649042,67,40,401,360,19982,31657,0.6185185185185185,2,31657_19982_2,31657_19982
581,person,0.7080036,332,82,415,298,19982,31657,0.10375,0,31657_19982_0,31657_19982
582,person,0.6634633000000001,17,21,145,264,19982,31657,0.18,1,31657_19982_1,31657_19982
583,person,0.99106556,284,10,476,353,20079,31657,0.3811111111111111,3,31657_20079_3,31657_20079
584,person,0.9647271,5,190,140,360,20079,31657,0.1328125,2,31657_20079_2,31657_20079
585,person,0.9589238,122,209,265,360,20079,31657,0.1249594907407407,1,31657_20079_1,31657_20079
586,person,0.67510897,110,172,165,317,20079,31657,0.0461516203703703,0,31657_20079_0,31657_20079
587,person,0.9699831,16,152,146,345,20176,31657,0.1451967592592592,1,31657_20176_1,31657_20176
588,person,0.9215001,115,173,292,356,20176,31657,0.1874479166666666,2,31657_20176_2,31657_20176
589,person,0.8805511999999999,223,135,416,342,20176,31657,0.2311979166666667,4,31657_20176_4,31657_20176
590,person,0.7013600999999999,114,138,165,272,20176,31657,0.0395486111111111,0,31657_20176_0,31657_20176
591,person,0.5169127,307,119,461,349,20176,31657,0.2049768518518518,3,31657_20176_3,31657_20176
592,person,0.97241,106,37,448,349,20273,31657,0.6175,2,31657_20273_2,31657_20273
593,person,0.87424666,18,21,175,331,20273,31657,0.2816550925925926,1,31657_20273_1,31657_20273
594,person,0.531521,28,27,165,229,20273,31657,0.1601504629629629,0,31657_20273_0,31657_20273
595,person,0.99124664,286,43,476,360,20370,31657,0.3485532407407407,6,31657_20370_6,31657_20370
596,person,0.9643516,36,194,150,358,20370,31657,0.1081944444444444,4,31657_20370_4,31657_20370
597,person,0.9393057,154,209,324,360,20370,31657,0.1485532407407407,5,31657_20370_5,31657_20370
598,person,0.8002694,114,173,171,318,20370,31657,0.0478298611111111,2,31657_20370_2,31657_20370
599,person,0.77586883,0,209,64,359,20370,31657,0.0555555555555555,3,31657_20370_3,31657_20370
600,person,0.7442533,249,185,318,285,20370,31657,0.0399305555555555,1,31657_20370_1,31657_20370
601,person,0.5445677,155,186,193,303,20370,31657,0.0257291666666666,0,31657_20370_0,31657_20370
602,person,0.99265224,179,26,362,328,20467,31657,0.3198263888888889,2,31657_20467_2,31657_20467
603,person,0.98656833,6,66,160,355,20467,31657,0.2575578703703704,1,31657_20467_1,31657_20467
604,person,0.96140385,322,190,464,355,20467,31657,0.1355902777777777,0,31657_20467_0,31657_20467
605,person,0.99533254,110,46,442,360,20564,31657,0.603287037037037,0,31657_20564_0,31657_20564
606,person,0.9939195,148,37,311,324,20661,31657,0.2707233796296296,2,31657_20661_2,31657_20661
607,person,0.98892504,12,37,140,355,20661,31657,0.2355555555555555,1,31657_20661_1,31657_20661
608,person,0.9678357,305,188,448,357,20661,31657,0.139855324074074,0,31657_20661_0,31657_20661
609,person,0.9915104,14,35,148,357,20758,31657,0.2496990740740741,1,31657_20758_1,31657_20758
610,person,0.98011714,302,190,444,358,20758,31657,0.1380555555555555,0,31657_20758_0,31657_20758
611,person,0.9964796,4,96,161,356,20855,31657,0.2362268518518518,1,31657_20855_1,31657_20855
612,person,0.9581454,278,122,472,355,20855,31657,0.2615856481481481,2,31657_20855_2,31657_20855
613,dining table,0.6338453000000001,105,245,382,355,20855,31657,0.1763310185185185,0,31657_20855_0,31657_20855
614,person,0.99483633,16,99,180,351,20952,31657,0.2391666666666667,2,31657_20952_2,31657_20952
615,person,0.9862408,247,102,470,356,20952,31657,0.3277893518518519,3,31657_20952_3,31657_20952
616,dining table,0.7341025999999999,93,221,321,348,20952,31657,0.1675694444444444,1,31657_20952_1,31657_20952
617,chair,0.5301111999999999,207,204,280,247,20952,31657,0.0181655092592592,0,31657_20952_0,31657_20952
618,person,0.980702,112,39,268,346,21049,31657,0.2771527777777778,6,31657_21049_6,31657_21049
619,person,0.9604384,0,165,125,352,21049,31657,0.1352719907407407,4,31657_21049_4,31657_21049
620,person,0.9492202,256,93,382,356,21049,31657,0.1917708333333333,5,31657_21049_5,31657_21049
621,person,0.82506454,363,173,466,344,21049,31657,0.1019270833333333,3,31657_21049_3,31657_21049
622,cup,0.7703963,186,298,236,358,21049,31657,0.0173611111111111,0,31657_21049_0,31657_21049
623,person,0.675214,216,181,274,325,21049,31657,0.0483333333333333,2,31657_21049_2,31657_21049
624,person,0.5138898000000001,217,184,272,273,21049,31657,0.0283275462962962,1,31657_21049_1,31657_21049
625,person,0.99108547,88,45,234,352,21146,31657,0.2593865740740741,6,31657_21146_6,31657_21146
626,person,0.97548795,259,92,384,356,21146,31657,0.1909722222222222,5,31657_21146_5,31657_21146
627,person,0.9591681,0,165,122,354,21146,31657,0.1334375,4,31657_21146_4,31657_21146
628,person,0.9080799,366,170,475,351,21146,31657,0.1141724537037037,3,31657_21146_3,31657_21146
629,cup,0.6149020000000001,183,297,236,359,21146,31657,0.0190162037037037,1,31657_21146_1,31657_21146
630,tie,0.5477455,140,128,162,202,21146,31657,0.0094212962962962,0,31657_21146_0,31657_21146
631,person,0.52221805,215,172,279,330,21146,31657,0.0585185185185185,2,31657_21146_2,31657_21146
632,person,0.89304143,346,172,474,354,21243,31657,0.1348148148148148,2,31657_21243_2,31657_21243
633,person,0.85974187,261,91,384,359,21243,31657,0.1907638888888889,4,31657_21243_4,31657_21243
634,person,0.8279529,217,176,277,329,21243,31657,0.053125,1,31657_21243_1,31657_21243
635,person,0.6193976,377,134,434,185,21243,31657,0.0168229166666666,0,31657_21243_0,31657_21243
636,person,0.6140238,50,164,213,356,21243,31657,0.1811111111111111,3,31657_21243_3,31657_21243
637,person,0.9923923,72,14,250,351,21340,31657,0.3471412037037037,4,31657_21340_4,31657_21340
638,person,0.92923576,0,160,95,356,21340,31657,0.1077546296296296,1,31657_21340_1,31657_21340
639,person,0.9124639,255,94,388,358,21340,31657,0.2031944444444444,3,31657_21340_3,31657_21340
640,person,0.7911459,357,173,477,353,21340,31657,0.125,2,31657_21340_2,31657_21340
641,cup,0.63667905,186,298,239,359,21340,31657,0.0187094907407407,0,31657_21340_0,31657_21340
642,person,0.9958192,68,15,256,354,21437,31657,0.3688194444444444,4,31657_21437_4,31657_21437
643,person,0.9453998,252,97,377,356,21437,31657,0.187355324074074,3,31657_21437_3,31657_21437
644,person,0.9416836,0,166,98,357,21437,31657,0.1083217592592592,1,31657_21437_1,31657_21437
645,person,0.70345074,358,178,474,356,21437,31657,0.1194907407407407,2,31657_21437_2,31657_21437
646,cup,0.59817207,189,305,239,359,21437,31657,0.015625,0,31657_21437_0,31657_21437
647,person,0.8673320999999999,105,104,188,317,21534,31657,0.1023090277777777,2,31657_21534_2,31657_21534
648,person,0.8046760000000001,1,164,100,357,21534,31657,0.1105729166666666,3,31657_21534_3,31657_21534
649,person,0.60678524,373,162,474,354,21534,31657,0.1122222222222222,4,31657_21534_4,31657_21534
650,person,0.59879816,220,188,276,269,21534,31657,0.02625,1,31657_21534_1,31657_21534
651,person,0.53024536,304,111,347,210,21534,31657,0.0246354166666666,0,31657_21534_0,31657_21534
652,person,0.99469537,255,111,336,353,21631,31657,0.1134375,3,31657_21631_3,31657_21631
653,person,0.98774844,317,125,393,354,21631,31657,0.1007175925925926,2,31657_21631_2,31657_21631
654,person,0.88917184,127,163,224,277,21631,31657,0.0639930555555555,1,31657_21631_1,31657_21631
655,person,0.6834655,43,146,81,238,21631,31657,0.0202314814814814,0,31657_21631_0,31657_21631
656,person,0.9938,264,91,379,360,21728,31657,0.1790219907407407,6,31657_21728_6,31657_21728
657,person,0.8104063,120,162,212,281,21728,31657,0.0633564814814814,4,31657_21728_4,31657_21728
658,person,0.6932683000000001,160,164,212,236,21728,31657,0.0216666666666666,3,31657_21728_3,31657_21728
659,person,0.60054016,48,144,78,243,21728,31657,0.0171875,2,31657_21728_2,31657_21728
660,person,0.5924604,340,122,410,353,21728,31657,0.0935763888888888,5,31657_21728_5,31657_21728
661,person,0.5617369000000001,37,149,68,241,21728,31657,0.0165046296296296,1,31657_21728_1,31657_21728
662,person,0.50620914,69,163,95,239,21728,31657,0.0114351851851851,0,31657_21728_0,31657_21728
663,person,0.9854998,191,1,380,357,21825,31657,0.389375,4,31657_21825_4,31657_21825
664,person,0.94360524,355,0,479,354,21825,31657,0.2540277777777778,3,31657_21825_3,31657_21825
665,person,0.61395156,46,145,77,239,21825,31657,0.0168634259259259,1,31657_21825_1,31657_21825
666,person,0.5971323000000001,119,161,203,282,21825,31657,0.0588194444444444,2,31657_21825_2,31657_21825
667,person,0.5041287999999999,37,150,65,242,21825,31657,0.0149074074074074,0,31657_21825_0,31657_21825
668,person,0.9906719,225,12,480,356,21922,31657,0.5076388888888889,2,31657_21922_2,31657_21922
669,person,0.9874378,20,77,272,356,21922,31657,0.406875,1,31657_21922_1,31657_21922
670,tie,0.7834614000000001,151,245,191,352,21922,31657,0.0247685185185185,0,31657_21922_0,31657_21922
671,person,0.99287814,265,48,480,360,22019,31657,0.3881944444444445,1,31657_22019_1,31657_22019
672,person,0.9922949,1,44,212,352,22019,31657,0.376087962962963,0,31657_22019_0,31657_22019
673,person,0.9884179,148,87,264,348,22116,31657,0.1752083333333333,2,31657_22116_2,31657_22116
674,person,0.9587854,64,106,189,355,22116,31657,0.1801215277777778,3,31657_22116_3,31657_22116
675,person,0.9329129,319,125,395,355,22116,31657,0.1011574074074074,1,31657_22116_1,31657_22116
676,person,0.5801715000000001,218,92,273,296,22116,31657,0.0649305555555555,0,31657_22116_0,31657_22116
677,person,0.9944127,23,142,178,353,22213,31657,0.1892650462962962,2,31657_22213_2,31657_22213
678,person,0.9708189,289,172,455,356,22213,31657,0.1767592592592592,1,31657_22213_1,31657_22213
679,person,0.84947854,228,26,386,297,22213,31657,0.2477893518518518,3,31657_22213_3,31657_22213
680,cup,0.81630445,215,282,242,325,22213,31657,0.00671875,0,31657_22213_0,31657_22213
681,person,0.980535,19,125,203,360,22310,31657,0.2502314814814815,1,31657_22310_1,31657_22310
682,person,0.9718655,279,153,448,353,22310,31657,0.1956018518518518,0,31657_22310_0,31657_22310
683,person,0.9965121,15,46,255,359,22407,31657,0.4347222222222222,3,31657_22407_3,31657_22407
684,person,0.9427877,280,161,431,359,22407,31657,0.1730208333333333,2,31657_22407_2,31657_22407
685,chair,0.7482361999999999,408,295,452,360,22407,31657,0.0165509259259259,1,31657_22407_1,31657_22407
686,cup,0.5299249,201,279,227,315,22407,31657,0.0054166666666666,0,31657_22407_0,31657_22407
687,person,0.98142564,263,156,431,353,22504,31657,0.1915277777777777,1,31657_22504_1,31657_22504
688,person,0.9684125,1,0,107,350,22504,31657,0.214699074074074,2,31657_22504_2,31657_22504
689,cup,0.8398937,195,269,222,306,22504,31657,0.00578125,0,31657_22504_0,31657_22504
690,person,0.99659806,117,42,336,360,22601,31657,0.4030208333333333,1,31657_22601_1,31657_22601
691,sink,0.5342037,0,304,128,358,22601,31657,0.04,0,31657_22601_0,31657_22601
692,person,0.9904677,254,53,366,358,22698,31657,0.1976851851851852,4,31657_22698_4,31657_22698
693,person,0.9520672,326,29,428,360,22698,31657,0.1953819444444444,3,31657_22698_3,31657_22698
694,person,0.85432225,91,157,210,349,22698,31657,0.1322222222222222,2,31657_22698_2,31657_22698
695,person,0.5729944,127,168,188,242,22698,31657,0.0261226851851851,0,31657_22698_0,31657_22698
696,traffic light,0.5331424,2,74,51,216,22698,31657,0.0402662037037037,1,31657_22698_1,31657_22698
697,person,0.9839087,66,43,433,353,22795,31657,0.6583912037037037,0,31657_22795_0,31657_22795
698,person,0.9930823,190,31,341,357,22892,31657,0.2848726851851852,0,31657_22892_0,31657_22892
699,person,0.9814839,300,30,460,355,22892,31657,0.3009259259259259,1,31657_22892_1,31657_22892
700,person,0.9955024,222,63,334,356,22989,31657,0.1899074074074074,1,31657_22989_1,31657_22989
701,person,0.99367493,334,36,468,359,22989,31657,0.250474537037037,2,31657_22989_2,31657_22989
702,person,0.82045007,87,164,182,333,22989,31657,0.0929108796296296,0,31657_22989_0,31657_22989
703,person,0.99324834,351,42,458,360,23086,31657,0.1969097222222222,3,31657_23086_3,31657_23086
704,person,0.99345535,290,78,386,354,23086,31657,0.1533333333333333,2,31657_23086_2,31657_23086
705,person,0.6809073,69,161,176,353,23086,31657,0.1188888888888888,1,31657_23086_1,31657_23086
706,cup,0.51770735,146,61,196,106,23086,31657,0.0130208333333333,0,31657_23086_0,31657_23086
707,person,0.9900865,23,37,463,357,23183,31657,0.8148148148148148,0,31657_23183_0,31657_23183
708,person,0.995374,89,38,451,355,23280,31657,0.6640856481481482,0,31657_23280_0,31657_23280
709,person,0.993956,304,18,423,355,23377,31657,0.2320775462962963,2,31657_23377_2,31657_23377
710,person,0.93467647,93,192,208,352,23377,31657,0.1064814814814814,1,31657_23377_1,31657_23377
711,chair,0.5427975,228,306,313,359,23377,31657,0.0260706018518518,0,31657_23377_0,31657_23377
712,person,0.9951551,302,23,424,359,23474,31657,0.2372222222222222,1,31657_23474_1,31657_23474
713,person,0.9776921,77,194,300,357,23474,31657,0.2103530092592593,0,31657_23474_0,31657_23474
714,person,0.9872499,199,63,323,341,23571,31657,0.1994907407407407,6,31657_23571_6,31657_23571
715,person,0.7295895,26,157,139,319,23571,31657,0.1059375,5,31657_23571_5,31657_23571
716,person,0.7034667,136,149,205,249,23571,31657,0.0399305555555555,4,31657_23571_4,31657_23571
717,person,0.66414833,337,149,376,220,23571,31657,0.0160243055555555,2,31657_23571_2,31657_23571
718,person,0.6532541999999999,5,124,64,223,23571,31657,0.0338020833333333,3,31657_23571_3,31657_23571
719,cup,0.62153786,351,212,377,257,23571,31657,0.0067708333333333,0,31657_23571_0,31657_23571
720,cup,0.5887515,169,229,199,285,23571,31657,0.0097222222222222,1,31657_23571_1,31657_23571
721,person,0.9958038,186,49,317,348,23668,31657,0.2266724537037037,4,31657_23668_4,31657_23668
722,person,0.8056609,11,127,80,225,23668,31657,0.0391319444444444,1,31657_23668_1,31657_23668
723,dining table,0.7089079,281,221,465,354,23668,31657,0.1416203703703703,3,31657_23668_3,31657_23668
724,dining table,0.6977098,55,254,253,354,23668,31657,0.1145833333333333,2,31657_23668_2,31657_23668
725,cup,0.6458528,179,229,205,285,23668,31657,0.0084259259259259,0,31657_23668_0,31657_23668
726,person,0.9948245,257,32,404,358,23765,31657,0.2773263888888889,3,31657_23765_3,31657_23765
727,person,0.9656809,78,114,213,355,23765,31657,0.18828125,2,31657_23765_2,31657_23765
728,person,0.6503675,65,158,103,250,23765,31657,0.0202314814814814,0,31657_23765_0,31657_23765
729,person,0.5013245,77,75,160,229,23765,31657,0.0739699074074074,1,31657_23765_1,31657_23765
730,person,0.99432075,254,20,415,354,23862,31657,0.3111921296296296,1,31657_23862_1,31657_23862
731,person,0.9883717,68,115,206,354,23862,31657,0.1908680555555555,0,31657_23862_0,31657_23862
732,person,0.9945602,262,32,390,360,23959,31657,0.2429629629629629,3,31657_23959_3,31657_23959
733,person,0.99358386,34,117,206,357,23959,31657,0.2388888888888889,2,31657_23959_2,31657_23959
734,person,0.6764914000000001,396,162,474,302,23959,31657,0.0631944444444444,0,31657_23959_0,31657_23959
735,person,0.5965528,2,126,52,353,23959,31657,0.0656828703703703,1,31657_23959_1,31657_23959
736,person,0.9962645,220,30,433,358,24056,31657,0.4043055555555555,1,31657_24056_1,31657_24056
737,person,0.98664516,62,118,204,354,24056,31657,0.1939351851851852,0,31657_24056_0,31657_24056
738,person,0.9916431,96,103,301,353,24153,31657,0.2965856481481481,2,31657_24153_2,31657_24153
739,person,0.7155759,396,156,471,294,24153,31657,0.0598958333333333,1,31657_24153_1,31657_24153
740,person,0.5776174,353,150,392,228,24153,31657,0.0176041666666666,0,31657_24153_0,31657_24153
741,person,0.99144506,51,48,341,357,24250,31657,0.5185763888888889,2,31657_24250_2,31657_24250
742,person,0.7803495,0,106,34,221,24250,31657,0.0226273148148148,0,31657_24250_0,31657_24250
743,dining table,0.6149223,2,191,104,332,24250,31657,0.0832291666666666,1,31657_24250_1,31657_24250
744,person,0.99300474,53,47,339,357,24347,31657,0.5130787037037037,1,31657_24347_1,31657_24347
745,dining table,0.56433344,4,197,103,324,24347,31657,0.0727604166666666,0,31657_24347_0,31657_24347
746,person,0.99858814,94,34,412,359,24444,31657,0.5980902777777778,3,31657_24444_3,31657_24444
747,person,0.7362403000000001,31,155,99,241,24444,31657,0.0338425925925925,2,31657_24444_2,31657_24444
748,person,0.6708388000000001,0,132,36,247,24444,31657,0.0239583333333333,1,31657_24444_1,31657_24444
749,tie,0.5094426999999999,211,162,241,273,24444,31657,0.0192708333333333,0,31657_24444_0,31657_24444
750,person,0.9872891,123,41,363,357,24541,31657,0.4388888888888889,1,31657_24541_1,31657_24541
751,person,0.62319756,0,130,37,234,24541,31657,0.0222685185185185,0,31657_24541_0,31657_24541
752,person,0.98841363,112,53,377,359,24638,31657,0.4692708333333334,0,31657_24638_0,31657_24638
753,person,0.9897222,48,66,318,354,24832,31657,0.45,0,31657_24832_0,31657_24832
754,person,0.9878126,61,65,329,357,24929,31657,0.4528703703703704,0,31657_24929_0,31657_24929
755,person,0.99111193,23,32,352,360,25026,31657,0.6244907407407407,1,31657_25026_1,31657_25026
756,tie,0.58601266,236,232,271,343,25026,31657,0.0224826388888888,0,31657_25026_0,31657_25026
757,person,0.998336,150,56,304,357,25123,31657,0.2682523148148148,1,31657_25123_1,31657_25123
758,bench,0.7189435000000001,8,216,96,328,25123,31657,0.057037037037037,0,31657_25123_0,31657_25123
759,person,0.9925333,278,46,465,360,25220,31657,0.3398032407407407,3,31657_25220_3,31657_25220
760,person,0.98260283,4,97,187,359,25220,31657,0.2774652777777778,2,31657_25220_2,31657_25220
761,potted plant,0.75673157,147,201,232,290,25220,31657,0.0437789351851851,1,31657_25220_1,31657_25220
762,vase,0.54667825,169,246,207,292,25220,31657,0.0101157407407407,0,31657_25220_0,31657_25220
763,person,0.9899282,278,27,462,359,25317,31657,0.3535185185185185,1,31657_25317_1,31657_25317
764,person,0.9638803,32,71,188,359,25317,31657,0.26,0,31657_25317_0,31657_25317
765,person,0.98771113,258,35,465,359,25414,31657,0.388125,3,31657_25414_3,31657_25414
766,person,0.96864563,14,70,196,356,25414,31657,0.3012268518518518,2,31657_25414_2,31657_25414
767,tie,0.59540856,325,172,342,223,25414,31657,0.0050173611111111,0,31657_25414_0,31657_25414
768,chair,0.59437585,237,214,293,266,25414,31657,0.0168518518518518,1,31657_25414_1,31657_25414
769,person,0.99559,214,61,471,356,25511,31657,0.4387442129629629,1,31657_25511_1,31657_25511
770,person,0.9818465,9,68,193,352,25511,31657,0.3024074074074074,0,31657_25511_0,31657_25511
771,person,0.98818624,238,28,476,359,25608,31657,0.4558912037037037,1,31657_25608_1,31657_25608
772,person,0.96654695,38,66,190,354,25608,31657,0.2533333333333333,0,31657_25608_0,31657_25608
773,person,0.99329364,39,39,360,355,25705,31657,0.5870138888888888,1,31657_25705_1,31657_25705
774,tie,0.9576217,202,221,233,325,25705,31657,0.0186574074074074,0,31657_25705_0,31657_25705
775,person,0.9904461,77,27,465,358,25802,31657,0.7432175925925926,1,31657_25802_1,31657_25802
776,tie,0.7605328,221,223,266,343,25802,31657,0.03125,0,31657_25802_0,31657_25802
777,person,0.9945226,29,34,367,356,25899,31657,0.629837962962963,1,31657_25899_1,31657_25899
778,tie,0.9193113000000002,200,224,232,322,25899,31657,0.0181481481481481,0,31657_25899_0,31657_25899
779,person,0.99745697,245,68,467,356,25996,31657,0.37,1,31657_25996_1,31657_25996
780,person,0.9910458,5,84,139,353,25996,31657,0.208599537037037,0,31657_25996_0,31657_25996
781,person,0.98783326,2,88,132,354,26093,31657,0.2001157407407408,1,31657_26093_1,31657_26093
782,person,0.9789377,248,71,459,356,26093,31657,0.3480034722222222,3,31657_26093_3,31657_26093
783,person,0.9655775,200,117,332,302,26093,31657,0.1413194444444444,0,31657_26093_0,31657_26093
784,person,0.6318765000000001,210,102,377,334,26093,31657,0.2242129629629628,2,31657_26093_2,31657_26093
785,person,0.99137855,11,84,154,355,26190,31657,0.2242650462962963,1,31657_26190_1,31657_26190
786,person,0.98832756,213,115,370,339,26190,31657,0.2035185185185185,0,31657_26190_0,31657_26190
787,person,0.9611194,88,117,222,360,26287,31657,0.1884375,1,31657_26287_1,31657_26287
788,car,0.91715264,0,280,122,358,26287,31657,0.0550694444444444,0,31657_26287_0,31657_26287
789,truck,0.77798504,0,154,198,356,26384,31657,0.2314583333333333,2,31657_26384_2,31657_26384
790,person,0.7104383000000001,153,138,196,347,26384,31657,0.0520081018518518,1,31657_26384_1,31657_26384
791,person,0.66937315,159,140,190,265,26384,31657,0.0224247685185185,0,31657_26384_0,31657_26384
792,person,0.980078,264,146,311,292,26481,31657,0.0397106481481481,0,31657_26481_0,31657_26481
793,car,0.5382771,43,167,195,295,26481,31657,0.1125925925925926,1,31657_26481_1,31657_26481
794,person,0.73570246,166,98,391,259,26578,31657,0.2096354166666666,1,31657_26578_1,31657_26578
795,dog,0.69841176,167,97,375,251,26578,31657,0.1853703703703704,0,31657_26578_0,31657_26578
796,tv,0.51859504,0,0,480,348,26578,31657,0.9666666666666668,2,31657_26578_2,31657_26578
797,person,0.8382396000000001,103,14,315,350,26675,31657,0.4122222222222222,1,31657_26675_1,31657_26675
798,dog,0.6599824000000001,216,54,458,347,26675,31657,0.4103356481481481,0,31657_26675_0,31657_26675
799,person,0.9926086,127,23,331,360,26772,31657,0.3978472222222222,3,31657_26772_3,31657_26772
800,tie,0.6424849,213,143,235,238,26772,31657,0.0120949074074074,2,31657_26772_2,31657_26772
801,tie,0.58053696,207,145,226,248,26772,31657,0.0113252314814814,1,31657_26772_1,31657_26772
802,tie,0.5338536,219,151,241,229,26772,31657,0.0099305555555555,0,31657_26772_0,31657_26772
803,potted plant,0.8761424999999999,0,37,116,176,26869,31657,0.0933101851851852,0,31657_26869_0,31657_26869
804,person,0.9021679,149,88,407,357,26966,31657,0.4016319444444445,0,31657_26966_0,31657_26966
805,person,0.9016904,253,74,330,255,27257,31657,0.0806539351851851,0,31657_27257_0,31657_27257
806,person,0.54427683,248,67,347,338,27257,31657,0.1552604166666666,1,31657_27257_1,31657_27257
807,person,0.9843358,188,60,347,344,27354,31657,0.2613194444444444,1,31657_27354_1,31657_27354
808,chair,0.7008641,11,243,111,347,27354,31657,0.0601851851851851,0,31657_27354_0,31657_27354
809,person,0.9571119,211,75,310,257,27451,31657,0.1042708333333333,0,31657_27451_0,31657_27451
810,person,0.992588,143,32,424,356,27548,31657,0.526875,0,31657_27548_0,31657_27548
811,person,0.96155447,197,25,408,348,27645,31657,0.3944039351851852,0,31657_27645_0,31657_27645
812,person,0.98423487,135,58,398,359,27742,31657,0.458119212962963,1,31657_27742_1,31657_27742
813,person,0.9485096,86,56,267,350,27742,31657,0.3079513888888889,0,31657_27742_0,31657_27742
814,person,0.9204295,128,75,293,355,27839,31657,0.2673611111111111,1,31657_27839_1,31657_27839
815,chair,0.8967666999999999,20,205,175,360,27839,31657,0.1390335648148148,0,31657_27839_0,31657_27839
816,person,0.9507308,161,69,308,360,27936,31657,0.2475520833333333,3,31657_27936_3,31657_27936
817,chair,0.9326377,0,211,126,352,27936,31657,0.1028125,0,31657_27936_0,31657_27936
818,couch,0.57533014,281,238,480,359,27936,31657,0.1393460648148148,2,31657_27936_2,31657_27936
819,person,0.5639468000000001,197,71,315,268,27936,31657,0.1345254629629629,1,31657_27936_1,31657_27936
820,traffic light,0.5634556,332,80,370,157,28130,31657,0.0169328703703703,0,31657_28130_0,31657_28130
821,person,0.5262213000000001,330,69,480,345,28130,31657,0.2395833333333333,1,31657_28130_1,31657_28130
822,person,0.99758816,96,29,266,360,28324,31657,0.3256365740740741,2,31657_28324_2,31657_28324
823,potted plant,0.6229789000000001,370,31,471,177,28324,31657,0.0853356481481481,0,31657_28324_0,31657_28324
824,refrigerator,0.53305256,0,7,157,357,28324,31657,0.3179976851851852,1,31657_28324_1,31657_28324
825,person,0.99895287,133,44,306,359,28421,31657,0.3153645833333333,0,31657_28421_0,31657_28421
826,person,0.97378516,237,94,325,249,28518,31657,0.0789351851851851,1,31657_28518_1,31657_28518
827,wine glass,0.5127674,286,261,346,327,28518,31657,0.0229166666666666,0,31657_28518_0,31657_28518
828,person,0.9233693,162,45,285,264,28615,31657,0.1558854166666666,1,31657_28615_1,31657_28615
829,person,0.8097112,170,248,304,357,28615,31657,0.0845254629629629,0,31657_28615_0,31657_28615
830,person,0.8676536,229,108,366,316,28712,31657,0.1649074074074074,1,31657_28712_1,31657_28712
831,person,0.8213328000000001,125,97,281,359,28712,31657,0.2365277777777777,2,31657_28712_2,31657_28712
832,person,0.7772116,119,99,231,315,28712,31657,0.14,0,31657_28712_0,31657_28712
833,person,0.909617,310,119,455,275,28809,31657,0.1309027777777777,0,31657_28809_0,31657_28809
834,person,0.6244506,47,11,181,288,28809,31657,0.2148032407407407,1,31657_28809_1,31657_28809
835,person,0.8181480999999999,325,216,472,357,28906,31657,0.1199479166666666,0,31657_28906_0,31657_28906
836,person,0.7705598000000001,0,30,186,360,28906,31657,0.3552083333333333,3,31657_28906_3,31657_28906
837,person,0.770221,5,20,124,339,28906,31657,0.2196817129629629,2,31657_28906_2,31657_28906
838,person,0.69898367,230,205,468,350,28906,31657,0.199710648148148,1,31657_28906_1,31657_28906
839,person,0.9786144,73,40,187,351,29003,31657,0.2051736111111111,3,31657_29003_3,31657_29003
840,person,0.89374495,178,69,301,355,29003,31657,0.2035763888888888,2,31657_29003_2,31657_29003
841,person,0.83233416,199,66,291,281,29003,31657,0.1144675925925926,0,31657_29003_0,31657_29003
842,person,0.7517575,309,188,480,354,29003,31657,0.1642708333333333,1,31657_29003_1,31657_29003
843,person,0.89636284,202,81,351,353,29100,31657,0.234537037037037,0,31657_29100_0,31657_29100
844,person,0.98883355,121,27,250,360,29197,31657,0.24859375,3,31657_29197_3,31657_29197
845,person,0.8780558,265,71,371,346,29197,31657,0.1686921296296296,2,31657_29197_2,31657_29197
846,potted plant,0.6224614,0,174,61,285,29197,31657,0.0391840277777777,1,31657_29197_1,31657_29197
847,person,0.5554872,433,270,478,356,29197,31657,0.0223958333333333,0,31657_29197_0,31657_29197
848,person,0.9914893,108,30,251,360,29294,31657,0.2730902777777778,3,31657_29294_3,31657_29294
849,person,0.9273029,259,78,377,350,29294,31657,0.1857407407407408,1,31657_29294_1,31657_29294
850,potted plant,0.70990705,1,177,56,303,29294,31657,0.0401041666666666,0,31657_29294_0,31657_29294
851,person,0.5586260000000001,212,54,365,354,29294,31657,0.265625,2,31657_29294_2,31657_29294
852,person,0.97317696,56,33,460,360,29391,31657,0.7645138888888889,0,31657_29391_0,31657_29391
853,person,0.9494472,97,14,452,357,29488,31657,0.7046585648148148,0,31657_29488_0,31657_29488
854,person,0.9926185,281,50,404,313,29585,31657,0.1872048611111111,0,31657_29585_0,31657_29585
855,person,0.97360253,62,50,245,355,29585,31657,0.3230034722222222,2,31657_29585_2,31657_29585
856,person,0.64412063,77,60,246,256,29585,31657,0.1916898148148148,1,31657_29585_1,31657_29585
857,person,0.9943869,66,43,213,359,29682,31657,0.2688194444444444,1,31657_29682_1,31657_29682
858,person,0.95261234,320,225,463,356,29682,31657,0.1084085648148148,0,31657_29682_0,31657_29682
859,person,0.9759445,191,199,345,359,29779,31657,0.1425925925925926,0,31657_29779_0,31657_29779
860,person,0.997971,181,34,324,360,29876,31657,0.2697800925925926,1,31657_29876_1,31657_29876
861,tie,0.6604785,260,115,285,202,29876,31657,0.0125868055555555,0,31657_29876_0,31657_29876
862,person,0.97109187,307,22,412,284,29973,31657,0.1592013888888888,2,31657_29973_2,31657_29973
863,potted plant,0.79001224,11,169,115,252,29973,31657,0.0499537037037037,0,31657_29973_0,31657_29973
864,dining table,0.5855806,10,230,123,357,29973,31657,0.0830497685185185,1,31657_29973_1,31657_29973
865,person,0.97948,268,50,416,278,30070,31657,0.1952777777777776,2,31657_30070_2,31657_30070
866,person,0.8042044,149,191,340,354,30070,31657,0.180167824074074,1,31657_30070_1,31657_30070
867,dining table,0.5880441,12,212,118,352,30070,31657,0.0858796296296296,0,31657_30070_0,31657_30070
868,person,0.89550376,85,11,371,360,30167,31657,0.5776273148148148,0,31657_30167_0,31657_30167
869,person,0.9702036,318,175,468,356,30264,31657,0.1571180555555555,1,31657_30264_1,31657_30264
870,person,0.9693897,3,156,226,360,30264,31657,0.2632638888888889,2,31657_30264_2,31657_30264
871,chair,0.7356038,140,216,230,341,30264,31657,0.0651041666666666,0,31657_30264_0,31657_30264
872,person,0.9869458,5,49,164,356,30361,31657,0.2824826388888889,0,31657_30361_0,31657_30361
873,person,0.9821421,151,37,467,355,30361,31657,0.5815277777777778,1,31657_30361_1,31657_30361
874,person,0.98139495,0,52,177,356,30458,31657,0.3113888888888889,0,31657_30458_0,31657_30458
875,person,0.97268766,171,35,466,349,30458,31657,0.5360532407407408,1,31657_30458_1,31657_30458
876,person,0.99602723,21,23,337,353,30555,31657,0.6034722222222222,2,31657_30555_2,31657_30555
877,tie,0.7672187,164,192,197,312,30555,31657,0.0229166666666666,0,31657_30555_0,31657_30555
878,person,0.54258454,357,121,480,356,30555,31657,0.1672743055555555,1,31657_30555_1,31657_30555
879,person,0.98284173,0,72,174,359,30652,31657,0.2889930555555555,0,31657_30652_0,31657_30652
880,person,0.95916295,174,34,463,357,30652,31657,0.5402025462962963,1,31657_30652_1,31657_30652
881,person,0.9960259,10,17,329,356,30749,31657,0.6258159722222222,1,31657_30749_1,31657_30749
882,person,0.844888,323,138,480,354,30749,31657,0.19625,0,31657_30749_0,31657_30749
883,person,0.97679454,148,47,423,357,30846,31657,0.4933449074074074,1,31657_30846_1,31657_30846
884,person,0.96815914,0,40,164,351,30846,31657,0.295162037037037,0,31657_30846_0,31657_30846
885,person,0.9958027,29,46,342,356,30943,31657,0.5615162037037037,4,31657_30943_4,31657_30943
886,tie,0.8107293000000001,121,199,172,351,30943,31657,0.0448611111111111,2,31657_30943_2,31657_30943
887,tie,0.6656522,161,214,193,346,30943,31657,0.0244444444444444,1,31657_30943_1,31657_30943
888,person,0.6151873000000001,354,131,480,352,30943,31657,0.1611458333333333,3,31657_30943_3,31657_30943
889,cell phone,0.5786088,94,142,112,170,30943,31657,0.0029166666666666,0,31657_30943_0,31657_30943
890,person,0.9953532,145,47,460,355,31040,31657,0.5614583333333333,0,31657_31040_0,31657_31040
891,person,0.99678874,157,45,462,353,31137,31657,0.5436342592592592,0,31657_31137_0,31657_31137
892,person,0.99283946,157,60,459,354,31234,31657,0.5138194444444445,0,31657_31234_0,31657_31234
893,person,0.98252803,274,115,449,354,31331,31657,0.2420428240740741,0,31657_31331_0,31657_31331
894,person,0.915725,8,91,210,357,31331,31657,0.3109490740740741,1,31657_31331_1,31657_31331
895,person,0.98726743,11,97,276,359,31428,31657,0.4017939814814815,1,31657_31428_1,31657_31428
896,person,0.9555124,200,116,434,352,31428,31657,0.3195833333333333,0,31657_31428_0,31657_31428
897,person,0.6635843000000001,70,108,354,357,31428,31657,0.4092361111111111,2,31657_31428_2,31657_31428
898,person,0.9862351,230,121,414,347,31525,31657,0.2406481481481481,0,31657_31525_0,31657_31525
899,person,0.9859146,11,100,300,360,31525,31657,0.4348379629629629,1,31657_31525_1,31657_31525
900,person,0.977218,9,25,462,356,31622,31657,0.8677256944444445,0,31657_31622_0,31657_31622
901,person,0.9904103,64,37,196,360,31719,31657,0.2467361111111111,1,31657_31719_1,31657_31719
902,person,0.9796591,249,202,401,358,31719,31657,0.1372222222222222,0,31657_31719_0,31657_31719
903,person,0.98611754,88,29,200,360,31816,31657,0.214537037037037,1,31657_31816_1,31657_31816
904,person,0.9621499,259,204,440,359,31816,31657,0.162355324074074,0,31657_31816_0,31657_31816
905,person,0.9953093,49,51,161,350,31913,31657,0.1937962962962963,1,31657_31913_1,31657_31913
906,person,0.9514573,276,188,470,355,31913,31657,0.187488425925926,0,31657_31913_0,31657_31913
907,person,0.9328217,0,0,83,160,32010,31657,0.0768518518518518,0,31657_32010_0,31657_32010
908,person,0.99076825,78,29,194,360,32107,31657,0.222199074074074,2,31657_32107_2,31657_32107
909,person,0.94415295,267,198,470,350,32107,31657,0.1785648148148148,1,31657_32107_1,31657_32107
910,chair,0.62569696,4,265,89,354,32107,31657,0.0437789351851851,0,31657_32107_0,31657_32107
911,person,0.9902228,36,54,275,358,32204,31657,0.420462962962963,2,31657_32204_2,31657_32204
912,person,0.9272381,275,234,449,357,32204,31657,0.1238541666666666,0,31657_32204_0,31657_32204
913,person,0.51399904,163,57,283,326,32204,31657,0.1868055555555556,1,31657_32204_1,31657_32204
914,person,0.9950427,69,38,261,360,32301,31657,0.3577777777777777,1,31657_32301_1,31657_32301
915,person,0.9582045,196,81,335,354,32301,31657,0.2196006944444444,0,31657_32301_0,31657_32301
916,person,0.993036,97,45,248,358,32398,31657,0.2735127314814815,1,31657_32398_1,31657_32398
917,person,0.9775735,265,109,395,356,32398,31657,0.1858217592592592,0,31657_32398_0,31657_32398
918,person,0.99279296,82,56,233,357,32495,31657,0.2630266203703704,1,31657_32495_1,31657_32495
919,person,0.959622,234,106,374,348,32495,31657,0.1960648148148148,0,31657_32495_0,31657_32495
920,person,0.9950063,61,42,280,357,32592,31657,0.39921875,1,31657_32592_1,31657_32592
921,person,0.98031735,242,117,401,357,32592,31657,0.2208333333333333,0,31657_32592_0,31657_32592
922,person,0.99360776,82,45,236,360,32689,31657,0.2807291666666666,1,31657_32689_1,31657_32689
923,person,0.9736443,242,108,395,357,32689,31657,0.22046875,0,31657_32689_0,31657_32689
924,person,0.9932167,88,44,222,354,32786,31657,0.2403935185185185,0,31657_32786_0,31657_32786
925,person,0.99590945,151,45,337,338,32883,31657,0.3153819444444444,1,31657_32883_1,31657_32883
926,chair,0.9405507,74,51,190,283,32883,31657,0.1557407407407407,0,31657_32883_0,31657_32883
927,person,0.999288,65,32,224,358,33077,31657,0.2999652777777777,1,31657_33077_1,31657_33077
928,person,0.97146624,253,82,344,356,33077,31657,0.1442939814814814,0,31657_33077_0,31657_33077
929,person,0.9876264,103,21,238,359,33174,31657,0.2640625,2,31657_33174_2,31657_33174
930,person,0.9855278,267,72,395,356,33174,31657,0.2103703703703704,1,31657_33174_1,31657_33174
931,potted plant,0.64745456,376,124,455,341,33174,31657,0.0992071759259259,0,31657_33174_0,31657_33174
932,person,0.99505144,197,37,437,360,33271,31657,0.4486111111111111,1,31657_33271_1,31657_33271
933,person,0.95520514,0,6,182,360,33271,31657,0.3728472222222222,0,31657_33271_0,31657_33271
934,person,0.9931463,189,37,439,356,33368,31657,0.4615162037037037,1,31657_33368_1,31657_33368
935,person,0.98517936,0,0,177,353,33368,31657,0.3615798611111111,0,31657_33368_0,31657_33368
936,person,0.9948021,197,35,446,357,33465,31657,0.4639930555555555,1,31657_33465_1,31657_33465
937,person,0.95856255,3,4,176,360,33465,31657,0.356412037037037,0,31657_33465_0,31657_33465
938,person,0.9941748,192,36,446,357,33562,31657,0.4718402777777778,1,31657_33562_1,31657_33562
939,person,0.9658179,4,4,176,360,33562,31657,0.3543518518518518,0,31657_33562_0,31657_33562
940,person,0.9935666,199,32,446,356,33659,31657,0.463125,1,31657_33659_1,31657_33659
941,person,0.97831684,0,0,173,354,33659,31657,0.3544097222222222,0,31657_33659_0,31657_33659
942,person,0.99363375,202,41,442,357,33756,31657,0.4388888888888889,1,31657_33756_1,31657_33756
943,person,0.9692424,0,0,173,350,33756,31657,0.3504050925925926,0,31657_33756_0,31657_33756
944,person,0.99224526,204,44,449,359,33853,31657,0.4466145833333333,1,31657_33853_1,31657_33853
945,person,0.9707051,0,0,181,354,33853,31657,0.3707986111111111,0,31657_33853_0,31657_33853
946,person,0.99544096,6,34,335,359,33950,31657,0.6187789351851852,2,31657_33950_2,31657_33950
947,tie,0.6646021,158,201,198,345,33950,31657,0.0333333333333333,0,31657_33950_0,31657_33950
948,person,0.5485260999999999,346,106,480,360,33950,31657,0.1969675925925925,1,31657_33950_1,31657_33950
949,person,0.9843129,115,18,443,354,34047,31657,0.6377777777777778,0,31657_34047_0,31657_34047
950,person,0.9849107,124,22,462,359,34144,31657,0.6591782407407407,0,31657_34144_0,31657_34144
951,person,0.9955869,0,30,441,356,34241,31657,0.8319791666666667,0,31657_34241_0,31657_34241
952,person,0.9942971,247,75,402,357,34338,31657,0.2529513888888889,1,31657_34338_1,31657_34338
953,person,0.9929703,53,33,189,356,34338,31657,0.254212962962963,2,31657_34338_2,31657_34338
954,potted plant,0.66847867,390,104,470,325,34338,31657,0.1023148148148148,0,31657_34338_0,31657_34338
955,person,0.96566963,146,57,232,360,34435,31657,0.1507986111111111,2,31657_34435_2,31657_34435
956,potted plant,0.740132,248,145,369,227,34435,31657,0.0574189814814814,0,31657_34435_0,31657_34435
957,chair,0.51073337,226,196,320,360,34435,31657,0.0892129629629629,1,31657_34435_1,31657_34435
958,person,0.9932656,276,39,393,359,34532,31657,0.2166666666666666,2,31657_34532_2,31657_34532
959,person,0.9901135,106,52,228,359,34532,31657,0.2167476851851852,3,31657_34532_3,31657_34532
960,chair,0.7190177,238,194,304,356,34532,31657,0.061875,1,31657_34532_1,31657_34532
961,tie,0.5560930000000001,292,132,323,214,34532,31657,0.0147106481481481,0,31657_34532_0,31657_34532
962,person,0.99767536,36,29,364,356,34629,31657,0.6206944444444444,3,31657_34629_3,31657_34629
963,tie,0.82642144,198,178,237,328,34629,31657,0.0338541666666666,0,31657_34629_0,31657_34629
964,tie,0.5774023,193,184,268,349,34629,31657,0.0716145833333333,2,31657_34629_2,31657_34629
965,tie,0.5365473000000001,215,181,290,345,34629,31657,0.0711805555555555,1,31657_34629_1,31657_34629
966,person,0.99161714,93,43,275,347,34726,31657,0.3201851851851852,0,31657_34726_0,31657_34726
967,person,0.9904032,246,41,446,353,34726,31657,0.3611111111111111,1,31657_34726_1,31657_34726
968,person,0.995261,106,24,440,357,34823,31657,0.6436458333333334,0,31657_34823_0,31657_34823
969,person,0.9982388,52,32,410,355,34920,31657,0.6691782407407407,0,31657_34920_0,31657_34920
970,person,0.994669,152,71,324,355,35017,31657,0.2826851851851852,1,31657_35017_1,31657_35017
971,person,0.9860358,292,70,467,355,35017,31657,0.2886284722222222,2,31657_35017_2,31657_35017
972,person,0.98618996,7,28,143,354,35017,31657,0.2565740740740741,0,31657_35017_0,31657_35017
973,person,0.9958462,161,70,332,352,35114,31657,0.2790625,2,31657_35114_2,31657_35114
974,person,0.98891115,309,66,471,356,35114,31657,0.271875,0,31657_35114_0,31657_35114
975,person,0.9869399,0,31,148,353,35114,31657,0.275787037037037,1,31657_35114_1,31657_35114
976,person,0.9906183,88,29,403,356,35211,31657,0.59609375,0,31657_35211_0,31657_35211
977,person,0.99420774,18,27,424,359,35308,31657,0.7800462962962963,1,31657_35308_1,31657_35308
978,tie,0.62775934,183,210,278,351,35308,31657,0.0775173611111111,0,31657_35308_0,31657_35308
979,person,0.9879568,95,26,432,358,35405,31657,0.6474768518518519,0,31657_35405_0,31657_35405
980,person,0.9945674,97,30,436,357,35502,31657,0.6415104166666666,2,31657_35502_2,31657_35502
981,tie,0.72690135,194,216,248,339,35502,31657,0.0384375,0,31657_35502_0,31657_35502
982,tie,0.5341878000000001,176,213,269,354,35502,31657,0.0758854166666666,1,31657_35502_1,31657_35502
983,person,0.99518037,16,32,169,349,35599,31657,0.2806770833333333,1,31657_35599_1,31657_35599
984,person,0.99258924,307,69,478,360,35599,31657,0.28796875,3,31657_35599_3,31657_35599
985,person,0.9842003,165,70,337,355,35599,31657,0.2836805555555555,2,31657_35599_2,31657_35599
986,tie,0.5251648,347,170,394,299,35599,31657,0.0350868055555555,0,31657_35599_0,31657_35599
987,person,0.98781556,4,28,156,350,35696,31657,0.2832407407407407,2,31657_35696_2,31657_35696
988,person,0.98798555,307,68,475,359,35696,31657,0.2829166666666666,1,31657_35696_1,31657_35696
989,person,0.9847451,167,76,329,355,35696,31657,0.2615625,0,31657_35696_0,31657_35696
990,person,0.9921069,272,88,476,357,35793,31657,0.3175694444444445,1,31657_35793_1,31657_35793
991,person,0.976722,89,105,280,349,35793,31657,0.2696990740740741,0,31657_35793_0,31657_35793
992,couch,0.73116547,28,166,369,355,35793,31657,0.37296875,2,31657_35793_2,31657_35793
993,person,0.9901742,183,97,474,352,35890,31657,0.4294270833333333,2,31657_35890_2,31657_35890
994,person,0.95103455,98,110,278,351,35890,31657,0.2510416666666666,1,31657_35890_1,31657_35890
995,person,0.7062275,94,107,239,298,35890,31657,0.1602719907407407,0,31657_35890_0,31657_35890
996,person,0.98817515,88,106,278,347,35987,31657,0.2649884259259259,1,31657_35987_1,31657_35987
997,person,0.9804017,272,92,479,360,35987,31657,0.3210416666666667,2,31657_35987_2,31657_35987
998,chair,0.6755168,7,216,95,357,35987,31657,0.0718055555555555,0,31657_35987_0,31657_35987
999,person,0.99382764,75,38,416,355,36084,31657,0.6255613425925926,1,31657_36084_1,31657_36084
1000,tie,0.59901285,213,210,243,281,36084,31657,0.0123263888888888,0,31657_36084_0,31657_36084
1001,person,0.9924452,49,40,390,353,36181,31657,0.6176678240740741,0,31657_36181_0,31657_36181
1002,person,0.9952172,67,38,434,354,36278,31657,0.6711342592592593,0,31657_36278_0,31657_36278
1003,person,0.9968761,1,40,436,360,36375,31657,0.8055555555555556,1,31657_36375_1,31657_36375
1004,tie,0.8367004000000001,217,212,270,287,36375,31657,0.0230034722222222,0,31657_36375_0,31657_36375
1005,person,0.9874408,74,105,272,350,36472,31657,0.2807291666666666,0,31657_36472_0,31657_36472
1006,person,0.98363274,212,83,465,352,36472,31657,0.3938483796296297,1,31657_36472_1,31657_36472
1007,couch,0.5617474,6,174,386,357,36472,31657,0.4024305555555556,2,31657_36472_2,31657_36472
1008,person,0.9877956,72,99,268,355,36569,31657,0.2903703703703704,0,31657_36569_0,31657_36569
1009,person,0.9301439,249,79,463,329,36569,31657,0.3096064814814814,1,31657_36569_1,31657_36569
1010,couch,0.7344181,0,164,462,356,36569,31657,0.5133333333333333,2,31657_36569_2,31657_36569
1011,person,0.99853194,304,48,476,360,36666,31657,0.3105555555555555,1,31657_36666_1,31657_36666
1012,potted plant,0.7472465,125,112,214,266,36666,31657,0.0793171296296296,0,31657_36666_0,31657_36666
1013,person,0.99660957,181,44,325,356,36763,31657,0.26,0,31657_36763_0,31657_36763
1014,person,0.9978897,24,44,160,358,36860,31657,0.2471296296296296,3,31657_36860_3,31657_36860
1015,person,0.9861973,328,43,454,360,36860,31657,0.2311458333333333,2,31657_36860_2,31657_36860
1016,person,0.98593223,150,76,307,360,36860,31657,0.2580324074074074,4,31657_36860_4,31657_36860
1017,tie,0.8357636,84,125,112,203,36860,31657,0.0126388888888888,0,31657_36860_0,31657_36860
1018,tie,0.59087723,92,125,124,217,36860,31657,0.017037037037037,1,31657_36860_1,31657_36860
1019,person,0.9968376,57,50,172,357,36957,31657,0.2043113425925926,1,31657_36957_1,31657_36957
1020,person,0.98559105,277,57,388,359,36957,31657,0.1939930555555555,0,31657_36957_0,31657_36957
1021,person,0.9599026,153,79,285,356,36957,31657,0.2115972222222222,2,31657_36957_2,31657_36957
1022,person,0.98913157,231,108,479,358,37054,31657,0.3587962962962963,0,31657_37054_0,31657_37054
1023,person,0.9882274,0,35,213,356,37054,31657,0.3956770833333333,1,31657_37054_1,31657_37054
1024,person,0.99601954,60,42,213,357,37151,31657,0.27890625,2,31657_37151_2,31657_37151
1025,person,0.9896067,288,48,397,360,37151,31657,0.1968055555555556,0,31657_37151_0,31657_37151
1026,person,0.96992034,161,78,306,353,37151,31657,0.2307581018518518,1,31657_37151_1,31657_37151
1027,person,0.9951627,269,50,467,360,37248,31657,0.3552083333333333,4,31657_37248_4,31657_37248
1028,person,0.99376667,29,43,161,358,37248,31657,0.240625,3,31657_37248_3,31657_37248
1029,person,0.9802122,136,76,270,360,37248,31657,0.2202314814814814,2,31657_37248_2,31657_37248
1030,tie,0.7152956,86,110,111,183,37248,31657,0.0105613425925925,1,31657_37248_1,31657_37248
1031,tie,0.6040048000000001,81,113,102,168,37248,31657,0.0066840277777777,0,31657_37248_0,31657_37248
1032,person,0.9912326,24,25,446,360,37345,31657,0.818113425925926,0,31657_37345_0,31657_37345
1033,person,0.9900366,227,69,363,356,37442,31657,0.2258796296296296,3,31657_37442_3,31657_37442
1034,person,0.9887605,104,39,246,360,37442,31657,0.2637847222222222,4,31657_37442_4,31657_37442
1035,person,0.80033696,146,54,264,354,37442,31657,0.2048611111111111,2,31657_37442_2,31657_37442
1036,tie,0.67167103,156,113,176,176,37442,31657,0.0072916666666666,0,31657_37442_0,31657_37442
1037,person,0.60784155,180,74,274,323,37442,31657,0.1354513888888888,1,31657_37442_1,31657_37442
1038,person,0.9983004,67,53,374,355,37539,31657,0.5365393518518519,0,31657_37539_0,31657_37539
1039,person,0.99116194,91,47,309,357,37733,31657,0.3910879629629629,1,31657_37733_1,31657_37733
1040,tie,0.5493687,227,170,259,318,37733,31657,0.0274074074074074,0,31657_37733_0,31657_37733
1041,person,0.99411654,0,33,210,348,37830,31657,0.3828125,0,31657_37830_0,31657_37830
1042,person,0.9800602,218,38,473,359,37830,31657,0.4736979166666666,1,31657_37830_1,31657_37830
1043,person,0.99652123,12,65,145,360,37927,31657,0.2270543981481481,0,31657_37927_0,31657_37927
1044,person,0.9909565,298,26,445,356,37927,31657,0.2807291666666666,2,31657_37927_2,31657_37927
1045,person,0.9861174,136,73,287,357,37927,31657,0.2481712962962963,1,31657_37927_1,31657_37927
1046,person,0.9933841999999998,1,38,216,347,38024,31657,0.3844618055555555,0,31657_38024_0,31657_38024
1047,person,0.98815536,225,43,480,358,38024,31657,0.46484375,1,31657_38024_1,31657_38024
1048,person,0.9932940999999998,215,43,480,357,38121,31657,0.4815393518518519,1,31657_38121_1,31657_38121
1049,person,0.9930299,0,26,210,353,38121,31657,0.3973958333333333,0,31657_38121_0,31657_38121
1050,person,0.99626523,0,35,210,353,38218,31657,0.3864583333333333,1,31657_38218_1,31657_38218
1051,person,0.97787595,224,42,462,360,38218,31657,0.4379861111111111,2,31657_38218_2,31657_38218
1052,person,0.7684993,395,180,477,355,38218,31657,0.0830439814814814,0,31657_38218_0,31657_38218
1053,person,0.99741447,275,34,462,359,38315,31657,0.3517071759259259,2,31657_38315_2,31657_38315
1054,person,0.99389535,2,67,136,353,38315,31657,0.2217824074074074,0,31657_38315_0,31657_38315
1055,person,0.9785543,129,82,286,357,38315,31657,0.2498553240740741,1,31657_38315_1,31657_38315
1056,person,0.99739337,287,37,470,359,38412,31657,0.3410069444444445,4,31657_38412_4,31657_38412
1057,person,0.99611723,0,74,128,353,38412,31657,0.2066666666666666,2,31657_38412_2,31657_38412
1058,person,0.980045,124,83,288,357,38412,31657,0.2600462962962963,3,31657_38412_3,31657_38412
1059,tie,0.62805885,352,131,387,219,38412,31657,0.017824074074074,1,31657_38412_1,31657_38412
1060,tie,0.59473115,363,132,394,213,38412,31657,0.01453125,0,31657_38412_0,31657_38412
1061,person,0.98723745,138,58,281,360,38509,31657,0.2499189814814815,1,31657_38509_1,31657_38509
1062,potted plant,0.70547044,216,78,368,335,38509,31657,0.2260648148148148,0,31657_38509_0,31657_38509
1063,person,0.9878159,39,51,257,348,38606,31657,0.3746875,1,31657_38606_1,31657_38606
1064,tie,0.53232455,149,130,176,248,38606,31657,0.0184375,0,31657_38606_0,31657_38606
1065,person,0.9872394,36,17,267,352,38703,31657,0.4478298611111111,1,31657_38703_1,31657_38703
1066,wine glass,0.74315524,155,110,293,346,38703,31657,0.1884722222222222,0,31657_38703_0,31657_38703
1067,traffic light,0.6658217,208,47,246,129,38800,31657,0.0180324074074074,0,31657_38800_0,31657_38800
1068,person,0.9800903,140,50,294,360,38897,31657,0.2762731481481481,0,31657_38897_0,31657_38897
1069,truck,0.53415424,205,3,299,114,38994,31657,0.0603819444444444,0,31657_38994_0,31657_38994
1070,chair,0.57094586,160,110,480,343,39091,31657,0.4314814814814815,0,31657_39091_0,31657_39091
1071,person,0.913347,107,119,268,343,39188,31657,0.2087037037037037,1,31657_39188_1,31657_39188
1072,handbag,0.5466302,292,230,473,356,39188,31657,0.1319791666666666,0,31657_39188_0,31657_39188
1073,person,0.96363604,99,65,280,322,39285,31657,0.2691956018518519,1,31657_39285_1,31657_39285
1074,person,0.7381943,189,197,467,355,39285,31657,0.2541898148148148,0,31657_39285_0,31657_39285
1075,person,0.5469345,152,102,475,352,39285,31657,0.4673032407407408,2,31657_39285_2,31657_39285
1076,person,0.9888075,59,35,256,353,39382,31657,0.3625347222222222,1,31657_39382_1,31657_39382
1077,person,0.983312,237,83,466,357,39382,31657,0.3631134259259259,2,31657_39382_2,31657_39382
1078,tie,0.69330186,170,148,212,253,39382,31657,0.0255208333333333,0,31657_39382_0,31657_39382
1079,person,0.86217844,119,43,223,189,39479,31657,0.0878703703703703,0,31657_39479_0,31657_39479
1080,person,0.56205326,114,31,225,336,39479,31657,0.1959201388888889,1,31657_39479_1,31657_39479
1081,person,0.9474585,167,67,323,356,39576,31657,0.2609027777777777,1,31657_39576_1,31657_39576
1082,person,0.94487864,89,38,196,360,39576,31657,0.199386574074074,0,31657_39576_0,31657_39576
1083,person,0.9762246,135,149,335,359,39673,31657,0.2430555555555555,1,31657_39673_1,31657_39673
1084,person,0.9727796,304,37,430,357,39673,31657,0.2333333333333333,0,31657_39673_0,31657_39673
1085,person,0.9380441,153,30,304,342,39770,31657,0.2726388888888889,0,31657_39770_0,31657_39770
1086,person,0.96259606,143,43,314,346,39867,31657,0.29984375,2,31657_39867_2,31657_39867
1087,person,0.7638645000000001,81,294,121,360,39867,31657,0.0152777777777777,0,31657_39867_0,31657_39867
1088,person,0.52432424,146,63,209,190,39867,31657,0.0463020833333333,1,31657_39867_1,31657_39867
1089,person,0.9868041,71,40,230,360,39964,31657,0.2944444444444444,0,31657_39964_0,31657_39964
1090,person,0.93858564,219,70,412,339,39964,31657,0.3004456018518519,1,31657_39964_1,31657_39964
1091,person,0.93195057,0,105,313,353,40061,31657,0.449212962962963,0,31657_40061_0,31657_40061
1092,person,0.99511623,21,40,174,355,40158,31657,0.27890625,1,31657_40158_1,31657_40158
1093,person,0.9854881,271,51,447,360,40158,31657,0.3147222222222222,2,31657_40158_2,31657_40158
1094,tie,0.5240165,325,147,355,301,40158,31657,0.0267361111111111,0,31657_40158_0,31657_40158
1095,person,0.97748804,131,30,293,351,40255,31657,0.3009375,2,31657_40255_2,31657_40255
1096,tie,0.7070687,210,131,245,224,40255,31657,0.0188368055555555,0,31657_40255_0,31657_40255
1097,tie,0.57751477,220,134,257,242,40255,31657,0.023125,1,31657_40255_1,31657_40255
1098,bottle,0.80078214,64,0,114,145,40352,31657,0.0419560185185185,0,31657_40352_0,31657_40352
1099,chair,0.617889,204,0,299,128,40352,31657,0.0703703703703703,1,31657_40352_1,31657_40352
1100,person,0.9976431999999998,278,33,405,360,40449,31657,0.2403298611111111,1,31657_40449_1,31657_40449
1101,person,0.99062145,93,87,205,360,40449,31657,0.1769444444444444,0,31657_40449_0,31657_40449
1102,person,0.98905295,237,26,352,357,40546,31657,0.2202835648148148,0,31657_40546_0,31657_40546
1103,person,0.97610635,77,55,240,360,40546,31657,0.2877025462962963,1,31657_40546_1,31657_40546
1104,person,0.9827262,36,35,330,354,40643,31657,0.5427430555555556,1,31657_40643_1,31657_40643
1105,person,0.9825669,318,0,479,354,40643,31657,0.3298263888888889,0,31657_40643_0,31657_40643
1106,person,0.98365074,69,30,341,360,40740,31657,0.5194444444444445,2,31657_40740_2,31657_40740
1107,person,0.974842,313,0,479,359,40740,31657,0.3448726851851852,0,31657_40740_0,31657_40740
1108,person,0.7176699000000001,166,17,427,360,40740,31657,0.5180729166666667,1,31657_40740_1,31657_40740
1109,person,0.99160343,183,24,479,357,40837,31657,0.5704166666666667,2,31657_40837_2,31657_40837
1110,tie,0.9333263,283,220,330,341,40837,31657,0.0329108796296296,0,31657_40837_0,31657_40837
1111,person,0.85253114,17,70,227,355,40837,31657,0.3463541666666667,1,31657_40837_1,31657_40837
1112,person,0.99048024,192,9,477,357,40934,31657,0.5739583333333333,4,31657_40934_4,31657_40934
1113,person,0.8320829,163,30,387,341,40934,31657,0.4031481481481481,3,31657_40934_3,31657_40934
1114,tie,0.734162,229,113,257,181,40934,31657,0.0110185185185185,0,31657_40934_0,31657_40934
1115,tie,0.71815246,237,109,266,178,40934,31657,0.0115798611111111,1,31657_40934_1,31657_40934
1116,person,0.6609099,196,40,304,211,40934,31657,0.106875,2,31657_40934_2,31657_40934
1117,person,0.98035645,281,105,381,360,41031,31657,0.1475694444444444,0,31657_41031_0,31657_41031
1118,person,0.95161134,257,49,404,351,41128,31657,0.2569097222222222,0,31657_41128_0,31657_41128
1119,person,0.9933083,191,62,405,360,41225,31657,0.3690509259259259,4,31657_41225_4,31657_41225
1120,person,0.99261945,59,71,206,358,41225,31657,0.2441493055555556,3,31657_41225_3,31657_41225
1121,tie,0.93683344,293,156,317,222,41225,31657,0.0091666666666666,2,31657_41225_2,31657_41225
1122,tie,0.74813807,290,156,309,224,41225,31657,0.0074768518518518,1,31657_41225_1,31657_41225
1123,tie,0.55700773,297,165,313,219,41225,31657,0.005,0,31657_41225_0,31657_41225
1124,person,0.9948554,219,28,471,360,41322,31657,0.4841666666666667,9,31657_41322_9,31657_41322
1125,person,0.9877499,104,40,284,352,41322,31657,0.325,8,31657_41322_8,31657_41322
1126,tie,0.97440636,308,156,340,225,41322,31657,0.0127777777777777,2,31657_41322_2,31657_41322
1127,tie,0.9032018,279,153,329,300,41322,31657,0.0425347222222222,5,31657_41322_5,31657_41322
1128,tie,0.89411527,298,149,338,293,41322,31657,0.0333333333333333,4,31657_41322_4,31657_41322
1129,tie,0.81705683,318,160,344,221,41322,31657,0.0091782407407407,0,31657_41322_0,31657_41322
1130,tie,0.70601743,303,158,326,227,41322,31657,0.0091840277777777,1,31657_41322_1,31657_41322
1131,tie,0.6769953000000001,275,151,355,334,41322,31657,0.0847222222222222,6,31657_41322_6,31657_41322
1132,tie,0.6351831,298,148,380,340,41322,31657,0.0911111111111111,7,31657_41322_7,31657_41322
1133,tie,0.5379010999999999,311,155,350,286,41322,31657,0.0295659722222222,3,31657_41322_3,31657_41322
1134,tie,0.99153167,286,229,325,346,41419,31657,0.02640625,0,31657_41419_0,31657_41419
1135,person,0.9782668,196,19,480,356,41419,31657,0.5538657407407407,2,31657_41419_2,31657_41419
1136,person,0.9765653,10,12,259,354,41419,31657,0.4928125,1,31657_41419_1,31657_41419
1137,person,0.99261135,6,32,295,357,41516,31657,0.5435474537037037,4,31657_41516_4,31657_41516
1138,tie,0.9618748,152,212,209,355,41516,31657,0.0471701388888888,0,31657_41516_0,31657_41516
1139,person,0.9239996,360,0,478,360,41516,31657,0.2458333333333333,3,31657_41516_3,31657_41516
1140,tie,0.62528783,149,209,248,350,41516,31657,0.08078125,1,31657_41516_1,31657_41516
1141,person,0.6032907,359,187,479,355,41516,31657,0.1166666666666666,2,31657_41516_2,31657_41516
1142,person,0.9951938,64,50,230,360,41613,31657,0.2978009259259259,2,31657_41613_2,31657_41613
1143,person,0.97852033,282,44,421,356,41613,31657,0.2509722222222222,1,31657_41613_1,31657_41613
1144,person,0.9711401,177,95,320,354,41613,31657,0.2143344907407408,0,31657_41613_0,31657_41613
1145,person,0.9908077,7,25,324,360,41710,31657,0.6145543981481482,5,31657_41710_5,31657_41710
1146,person,0.9725529,281,40,475,356,41710,31657,0.3547685185185185,3,31657_41710_3,31657_41710
1147,tie,0.9637294,151,204,234,348,41710,31657,0.0691666666666666,1,31657_41710_1,31657_41710
1148,tie,0.84176344,164,206,209,355,41710,31657,0.0388020833333333,0,31657_41710_0,31657_41710
1149,person,0.54300773,182,36,452,360,41710,31657,0.50625,4,31657_41710_4,31657_41710
1150,tie,0.53817856,164,206,273,349,41710,31657,0.0902025462962963,2,31657_41710_2,31657_41710
1151,person,0.99238414,2,20,323,360,42001,31657,0.6315972222222223,3,31657_42001_3,31657_42001
1152,person,0.95441127,260,40,470,360,42001,31657,0.3888888888888889,2,31657_42001_2,31657_42001
1153,tie,0.86276054,153,204,198,344,42001,31657,0.0364583333333333,0,31657_42001_0,31657_42001
1154,tie,0.7721713000000001,141,197,233,343,42001,31657,0.0777314814814814,1,31657_42001_1,31657_42001
1155,person,0.99425733,195,31,426,360,42098,31657,0.4398090277777777,1,31657_42098_1,31657_42098
1156,person,0.9938625,4,42,164,353,42098,31657,0.287962962962963,0,31657_42098_0,31657_42098
1157,person,0.9908914,262,35,413,360,42195,31657,0.2839988425925926,0,31657_42195_0,31657_42195
1158,person,0.98647004,57,43,219,355,42195,31657,0.2925,1,31657_42195_1,31657_42195
1159,person,0.98630095,269,33,413,360,42292,31657,0.2725,0,31657_42292_0,31657_42292
1160,person,0.9839662,55,45,216,355,42292,31657,0.2888310185185185,1,31657_42292_1,31657_42292
1161,person,0.9026545,74,37,274,297,42389,31657,0.3009259259259259,1,31657_42389_1,31657_42389
1162,person,0.6824825,81,227,236,355,42389,31657,0.1148148148148148,0,31657_42389_0,31657_42389
1163,person,0.9671214,276,54,382,357,42486,31657,0.1858680555555555,1,31657_42486_1,31657_42486
1164,person,0.9558248,9,64,125,351,42486,31657,0.192662037037037,2,31657_42486_2,31657_42486
1165,person,0.56026685,101,52,196,225,42486,31657,0.0951099537037037,0,31657_42486_0,31657_42486
1166,person,0.9859094,4,52,267,360,42583,31657,0.4687731481481481,1,31657_42583_1,31657_42583
1167,person,0.9791158,267,0,472,360,42583,31657,0.4270833333333333,0,31657_42583_0,31657_42583
1168,person,0.9879391,199,32,468,360,42680,31657,0.5106018518518518,1,31657_42680_1,31657_42680
1169,person,0.98667616,3,57,192,356,42680,31657,0.32703125,0,31657_42680_0,31657_42680
1170,person,0.9909671,3,54,195,355,42777,31657,0.3344444444444444,0,31657_42777_0,31657_42777
1171,person,0.9892546,204,8,454,360,42777,31657,0.5092592592592593,1,31657_42777_1,31657_42777
1172,person,0.9745882,13,57,354,360,42874,31657,0.5979340277777778,0,31657_42874_0,31657_42874
1173,person,0.9938856,20,60,195,353,42971,31657,0.2967303240740741,0,31657_42971_0,31657_42971
1174,person,0.96290845,236,18,452,356,42971,31657,0.4225,1,31657_42971_1,31657_42971
1175,person,0.99337643,21,62,198,354,43068,31657,0.2990972222222222,0,31657_43068_0,31657_43068
1176,person,0.9698514,207,31,459,349,43068,31657,0.46375,1,31657_43068_1,31657_43068
1177,person,0.995344,45,68,266,357,43165,31657,0.3696122685185185,1,31657_43165_1,31657_43165
1178,person,0.95821065,322,49,480,360,43165,31657,0.2843634259259259,0,31657_43165_0,31657_43165
1179,person,0.9888958,285,51,453,360,43262,31657,0.3004166666666667,2,31657_43262_2,31657_43262
1180,person,0.9688271,9,38,210,358,43262,31657,0.3722222222222222,3,31657_43262_3,31657_43262
1181,person,0.96568453,185,8,328,340,43262,31657,0.2747453703703704,1,31657_43262_1,31657_43262
1182,person,0.56337154,49,42,199,240,43262,31657,0.171875,0,31657_43262_0,31657_43262
1183,person,0.9884764,16,25,218,358,43359,31657,0.3892708333333333,3,31657_43359_3,31657_43359
1184,person,0.98471546,244,71,422,352,43359,31657,0.2894560185185185,2,31657_43359_2,31657_43359
1185,tie,0.8792591999999999,123,132,148,214,43359,31657,0.0118634259259259,0,31657_43359_0,31657_43359
1186,tie,0.6089272,128,134,158,228,43359,31657,0.0163194444444444,1,31657_43359_1,31657_43359
1187,person,0.98665595,143,71,473,360,43456,31657,0.5519097222222222,3,31657_43456_3,31657_43456
1188,person,0.9638364,5,8,195,352,43456,31657,0.3782407407407408,2,31657_43456_2,31657_43456
1189,tie,0.8098571,264,256,299,354,43456,31657,0.019849537037037,0,31657_43456_0,31657_43456
1190,person,0.62812454,2,6,128,302,43456,31657,0.2158333333333332,1,31657_43456_1,31657_43456
1191,person,0.9921991,14,24,316,360,43553,31657,0.5872222222222222,3,31657_43553_3,31657_43553
1192,person,0.95029473,237,87,480,354,43553,31657,0.37546875,2,31657_43553_2,31657_43553
1193,tie,0.9255979,150,199,193,338,43553,31657,0.0345891203703703,0,31657_43553_0,31657_43553
1194,person,0.58440316,314,87,480,302,43553,31657,0.2065393518518518,1,31657_43553_1,31657_43553
1195,person,0.9923701,4,26,307,360,43650,31657,0.5856597222222222,4,31657_43650_4,31657_43650
1196,tie,0.9391849,151,190,218,350,43650,31657,0.062037037037037,2,31657_43650_2,31657_43650
1197,person,0.91824734,220,90,480,360,43650,31657,0.40625,3,31657_43650_3,31657_43650
1198,tie,0.7739879,155,193,200,327,43650,31657,0.0348958333333333,1,31657_43650_1,31657_43650
1199,tie,0.6972243,149,195,208,253,43650,31657,0.0198032407407407,0,31657_43650_0,31657_43650
1200,person,0.99062634,165,70,476,359,43747,31657,0.5201331018518518,1,31657_43747_1,31657_43747
1201,person,0.9628315,3,6,183,349,43747,31657,0.3572916666666667,0,31657_43747_0,31657_43747
1202,person,0.98823965,13,30,299,357,43844,31657,0.5412152777777778,4,31657_43844_4,31657_43844
1203,tie,0.90558094,150,203,197,329,43844,31657,0.0342708333333333,1,31657_43844_1,31657_43844
1204,tie,0.9052346,144,195,229,335,43844,31657,0.0688657407407407,2,31657_43844_2,31657_43844
1205,person,0.86940104,276,79,479,354,43844,31657,0.3230613425925926,3,31657_43844_3,31657_43844
1206,tie,0.5397735,146,208,184,309,43844,31657,0.0222106481481481,0,31657_43844_0,31657_43844
1207,person,0.99146795,3,32,310,360,43941,31657,0.5827314814814815,4,31657_43941_4,31657_43941
1208,person,0.96323174,271,103,480,354,43941,31657,0.3035821759259259,2,31657_43941_2,31657_43941
1209,tie,0.8885556,151,210,192,332,43941,31657,0.0289467592592592,1,31657_43941_1,31657_43941
1210,tie,0.63513744,145,213,187,291,43941,31657,0.0189583333333333,0,31657_43941_0,31657_43941
1211,person,0.5306291,163,71,450,360,43941,31657,0.479994212962963,3,31657_43941_3,31657_43941
1212,person,0.98621875,18,29,310,360,44038,31657,0.5593287037037037,5,31657_44038_5,31657_44038
1213,person,0.9625889,276,77,476,360,44038,31657,0.3275462962962963,3,31657_44038_3,31657_44038
1214,tie,0.8664989,157,193,241,343,44038,31657,0.0729166666666666,2,31657_44038_2,31657_44038
1215,tie,0.74783033,163,196,216,313,44038,31657,0.0358854166666666,1,31657_44038_1,31657_44038
1216,tie,0.6443365,152,197,216,248,44038,31657,0.0188888888888888,0,31657_44038_0,31657_44038
1217,person,0.5872435,99,57,384,360,44038,31657,0.4997395833333334,4,31657_44038_4,31657_44038
1218,person,0.98575157,11,28,309,358,44135,31657,0.5690972222222223,5,31657_44135_5,31657_44135
1219,tie,0.9448067,146,202,195,344,44135,31657,0.0402662037037037,0,31657_44135_0,31657_44135
1220,person,0.930155,280,90,475,354,44135,31657,0.2979166666666666,4,31657_44135_4,31657_44135
1221,tie,0.5877876999999999,149,197,234,350,44135,31657,0.0752604166666666,3,31657_44135_3,31657_44135
1222,tie,0.56741303,133,186,217,329,44135,31657,0.0695138888888888,2,31657_44135_2,31657_44135
1223,tie,0.5482599,183,210,261,354,44135,31657,0.065,1,31657_44135_1,31657_44135
1224,person,0.9911109,46,24,217,357,44232,31657,0.32953125,5,31657_44232_5,31657_44232
1225,person,0.9884426,252,66,437,354,44232,31657,0.3083333333333333,4,31657_44232_4,31657_44232
1226,tie,0.90025,134,139,182,213,44232,31657,0.0205555555555555,2,31657_44232_2,31657_44232
1227,tie,0.741356,134,137,165,209,44232,31657,0.0129166666666666,1,31657_44232_1,31657_44232
1228,tie,0.53343767,138,143,159,195,44232,31657,0.0063194444444444,0,31657_44232_0,31657_44232
1229,handbag,0.5026882,145,152,213,353,44232,31657,0.0790972222222222,3,31657_44232_3,31657_44232
1230,person,0.99052256,29,25,214,357,44329,31657,0.3554398148148148,2,31657_44329_2,31657_44329
1231,person,0.98638374,244,74,420,357,44329,31657,0.2882407407407407,1,31657_44329_1,31657_44329
1232,tie,0.66011375,128,135,165,206,44329,31657,0.0152025462962962,0,31657_44329_0,31657_44329
1233,person,0.98970056,234,72,415,358,44426,31657,0.2995717592592593,3,31657_44426_3,31657_44426
1234,person,0.9840042,38,34,235,360,44426,31657,0.3716550925925926,4,31657_44426_4,31657_44426
1235,tie,0.9308812,141,140,174,222,44426,31657,0.0156597222222222,1,31657_44426_1,31657_44426
1236,tie,0.6605979999999999,143,144,163,208,44426,31657,0.0074074074074074,0,31657_44426_0,31657_44426
1237,tie,0.6197293,134,141,165,229,44426,31657,0.015787037037037,2,31657_44426_2,31657_44426
1238,person,0.8409714,152,0,320,240,44523,31657,0.2333333333333333,0,31657_44523_0,31657_44523
1239,person,0.80566555,58,0,445,360,44523,31657,0.80625,1,31657_44523_1,31657_44523
1240,person,0.9907323,13,44,207,353,44620,31657,0.3469097222222222,2,31657_44620_2,31657_44620
1241,person,0.99069124,191,83,466,358,44620,31657,0.4376446759259259,3,31657_44620_3,31657_44620
1242,tie,0.8459601000000001,119,150,151,211,44620,31657,0.0112962962962962,1,31657_44620_1,31657_44620
1243,tie,0.60284257,131,149,153,206,44620,31657,0.0072569444444444,0,31657_44620_0,31657_44620
1244,person,0.99525464,16,34,220,359,44717,31657,0.3836805555555556,3,31657_44717_3,31657_44717
1245,person,0.9908925,182,83,382,359,44717,31657,0.3194444444444444,2,31657_44717_2,31657_44717
1246,tie,0.8695456,124,137,143,222,44717,31657,0.0093460648148148,0,31657_44717_0,31657_44717
1247,tie,0.76873606,129,135,152,221,44717,31657,0.0114467592592592,1,31657_44717_1,31657_44717
1248,person,0.99177504,27,37,240,357,44814,31657,0.3944444444444444,4,31657_44814_4,31657_44814
1249,person,0.99001324,207,79,418,356,44814,31657,0.3382349537037037,3,31657_44814_3,31657_44814
1250,tie,0.92405194,128,144,156,215,44814,31657,0.0115046296296296,1,31657_44814_1,31657_44814
1251,tie,0.82039034,124,142,148,225,44814,31657,0.0115277777777777,2,31657_44814_2,31657_44814
1252,tie,0.7161018,127,147,145,204,44814,31657,0.0059375,0,31657_44814_0,31657_44814
1253,person,0.99494874,191,80,422,356,44911,31657,0.3689583333333333,4,31657_44911_4,31657_44911
1254,person,0.9926843,16,44,238,356,44911,31657,0.4008333333333333,5,31657_44911_5,31657_44911
1255,tie,0.9117636,125,141,173,218,44911,31657,0.0213888888888888,2,31657_44911_2,31657_44911
1256,tie,0.84469426,131,142,160,213,44911,31657,0.0119155092592592,1,31657_44911_1,31657_44911
1257,tie,0.77633464,126,145,148,212,44911,31657,0.0085300925925925,0,31657_44911_0,31657_44911
1258,tie,0.5225154000000001,138,141,179,235,44911,31657,0.0223032407407407,3,31657_44911_3,31657_44911
1259,person,0.9351001,170,41,262,294,45008,31657,0.134699074074074,2,31657_45008_2,31657_45008
1260,person,0.9179475,87,62,200,338,45008,31657,0.1804861111111111,3,31657_45008_3,31657_45008
1261,person,0.67523044,247,78,339,229,45008,31657,0.0803935185185185,0,31657_45008_0,31657_45008
1262,person,0.6150024000000001,224,79,364,320,45008,31657,0.1952546296296296,4,31657_45008_4,31657_45008
1263,person,0.56089085,235,155,336,309,45008,31657,0.090011574074074,1,31657_45008_1,31657_45008
1264,person,0.98883444,164,34,270,359,45105,31657,0.199363425925926,3,31657_45105_3,31657_45105
1265,person,0.8965139999999999,52,101,164,345,45105,31657,0.1581481481481481,2,31657_45105_2,31657_45105
1266,person,0.8633354999999999,414,98,471,280,45105,31657,0.0600347222222222,1,31657_45105_1,31657_45105
1267,person,0.7961579000000001,268,165,336,261,45105,31657,0.0377777777777777,0,31657_45105_0,31657_45105
1268,person,0.9607545,122,63,316,354,45202,31657,0.3267013888888889,0,31657_45202_0,31657_45202
1269,person,0.9688867,204,66,421,354,45299,31657,0.3616666666666667,1,31657_45299_1,31657_45299
1270,person,0.95933825,37,47,238,327,45299,31657,0.3256944444444444,0,31657_45299_0,31657_45299
1271,person,0.9874205,2,48,183,356,45396,31657,0.3226157407407407,2,31657_45396_2,31657_45396
1272,person,0.93649614,163,83,282,352,45396,31657,0.1852488425925925,0,31657_45396_0,31657_45396
1273,person,0.9168581,269,9,437,360,45396,31657,0.34125,3,31657_45396_3,31657_45396
1274,person,0.81160617,329,12,474,355,45396,31657,0.287818287037037,1,31657_45396_1,31657_45396
1275,person,0.9899352,24,48,163,348,45493,31657,0.2413194444444444,2,31657_45493_2,31657_45493
1276,person,0.9465252,275,29,418,351,45493,31657,0.2664699074074074,3,31657_45493_3,31657_45493
1277,person,0.8130858,109,90,212,350,45493,31657,0.1549768518518518,1,31657_45493_1,31657_45493
1278,person,0.7049262,119,96,215,261,45493,31657,0.0916666666666666,0,31657_45493_0,31657_45493
1279,person,0.9856941,29,54,160,347,45590,31657,0.2221238425925926,2,31657_45590_2,31657_45590
1280,person,0.951478,280,31,405,355,45590,31657,0.234375,3,31657_45590_3,31657_45590
1281,person,0.8771502,112,79,231,359,45590,31657,0.192824074074074,0,31657_45590_0,31657_45590
1282,person,0.72262454,68,68,194,353,45590,31657,0.2078125,1,31657_45590_1,31657_45590
1283,person,0.9867379,20,55,165,349,45687,31657,0.2467013888888889,2,31657_45687_2,31657_45687
1284,person,0.97265506,272,25,406,353,45687,31657,0.2543518518518518,3,31657_45687_3,31657_45687
1285,person,0.8753675999999999,71,63,202,347,45687,31657,0.2153009259259259,1,31657_45687_1,31657_45687
1286,person,0.7666508000000001,115,96,225,342,45687,31657,0.1565972222222222,0,31657_45687_0,31657_45687
1287,person,0.97944725,131,43,283,344,45784,31657,0.2647685185185185,6,31657_45784_6,31657_45784
1288,person,0.97755027,21,57,160,348,45784,31657,0.2340798611111111,4,31657_45784_4,31657_45784
1289,person,0.95629877,275,27,434,354,45784,31657,0.3008854166666667,7,31657_45784_7,31657_45784
1290,tie,0.85397524,197,119,217,166,45784,31657,0.0054398148148148,3,31657_45784_3,31657_45784
1291,tie,0.7507218000000001,196,124,210,160,45784,31657,0.0029166666666666,1,31657_45784_1,31657_45784
1292,tie,0.66368717,206,124,216,160,45784,31657,0.0020833333333333,0,31657_45784_0,31657_45784
1293,tie,0.6626970999999999,193,118,211,169,45784,31657,0.0053125,2,31657_45784_2,31657_45784
1294,person,0.57924414,85,69,232,357,45784,31657,0.245,5,31657_45784_5,31657_45784
1295,person,0.9909287,21,55,174,352,45881,31657,0.26296875,2,31657_45881_2,31657_45881
1296,person,0.98158294,189,34,316,357,45881,31657,0.2373900462962963,0,31657_45881_0,31657_45881
1297,person,0.9257045,285,38,415,354,45881,31657,0.2377314814814815,1,31657_45881_1,31657_45881
1298,person,0.99158514,24,53,171,355,45978,31657,0.2569097222222222,1,31657_45978_1,31657_45978
1299,person,0.98422885,180,32,331,354,45978,31657,0.2813773148148148,2,31657_45978_2,31657_45978
1300,person,0.9234628,294,28,409,352,45978,31657,0.215625,0,31657_45978_0,31657_45978
1301,person,0.98099303,30,56,167,357,46075,31657,0.2386400462962963,1,31657_46075_1,31657_46075
1302,person,0.98059446,248,27,427,360,46075,31657,0.3449479166666667,2,31657_46075_2,31657_46075
1303,handbag,0.5283882,95,149,188,360,46075,31657,0.1135590277777777,0,31657_46075_0,31657_46075
1304,person,0.98106384,253,23,447,357,46172,31657,0.3749768518518519,2,31657_46172_2,31657_46172
1305,person,0.9675857,0,58,183,356,46172,31657,0.3155902777777777,1,31657_46172_1,31657_46172
1306,tie,0.5593366999999999,291,149,323,235,46172,31657,0.0159259259259259,0,31657_46172_0,31657_46172
1307,person,0.9851799,265,19,463,360,46269,31657,0.3907291666666667,1,31657_46269_1,31657_46269
1308,person,0.97458714,0,59,202,353,46269,31657,0.3436805555555555,0,31657_46269_0,31657_46269
1309,person,0.9917424,45,31,373,356,46366,31657,0.6168981481481481,2,31657_46366_2,31657_46366
1310,tie,0.9710944,218,208,260,339,46366,31657,0.0318402777777777,0,31657_46366_0,31657_46366
1311,tie,0.8580235999999999,208,198,268,349,46366,31657,0.0524305555555555,1,31657_46366_1,31657_46366
1312,person,0.992328,31,25,370,357,46463,31657,0.6513194444444445,3,31657_46463_3,31657_46463
1313,tie,0.945395,207,194,261,347,46463,31657,0.0478125,2,31657_46463_2,31657_46463
1314,tie,0.85809964,222,208,258,337,46463,31657,0.026875,1,31657_46463_1,31657_46463
1315,tie,0.54547703,197,196,263,253,46463,31657,0.0217708333333333,0,31657_46463_0,31657_46463
1316,person,0.97700113,275,31,454,353,46560,31657,0.3335532407407407,1,31657_46560_1,31657_46560
1317,person,0.9621787,0,64,185,352,46560,31657,0.3083333333333333,0,31657_46560_0,31657_46560
1318,person,0.99237716,289,97,460,349,46657,31657,0.249375,1,31657_46657_1,31657_46657
1319,person,0.9875646,21,37,204,355,46657,31657,0.3367708333333333,2,31657_46657_2,31657_46657
1320,tie,0.72112966,133,153,167,255,46657,31657,0.0200694444444444,0,31657_46657_0,31657_46657
1321,person,0.991971,249,95,453,358,46754,31657,0.3104861111111111,1,31657_46754_1,31657_46754
1322,person,0.9825727,35,39,192,347,46754,31657,0.279837962962963,0,31657_46754_0,31657_46754
1323,person,0.99147815,170,73,330,360,46851,31657,0.2657407407407407,2,31657_46851_2,31657_46851
1324,person,0.99067163,326,73,463,355,46851,31657,0.2235763888888889,1,31657_46851_1,31657_46851
1325,person,0.9738782,19,31,135,349,46851,31657,0.2134722222222222,0,31657_46851_0,31657_46851
1326,person,0.98946357,329,72,465,356,46948,31657,0.2235185185185185,0,31657_46948_0,31657_46948
1327,person,0.9879144,171,82,335,360,46948,31657,0.2638425925925926,2,31657_46948_2,31657_46948
1328,person,0.9574079,15,32,142,351,46948,31657,0.2344502314814815,1,31657_46948_1,31657_46948
1329,person,0.986558,126,36,278,353,47045,31657,0.2788425925925926,2,31657_47045_2,31657_47045
1330,person,0.977814,324,58,460,353,47045,31657,0.2321759259259259,0,31657_47045_0,31657_47045
1331,person,0.9771275,17,32,146,357,47045,31657,0.2426215277777778,1,31657_47045_1,31657_47045
1332,person,0.98162764,319,60,456,354,47142,31657,0.2330902777777777,1,31657_47142_1,31657_47142
1333,person,0.9745753,11,36,135,353,47142,31657,0.2274768518518518,0,31657_47142_0,31657_47142
1334,person,0.9613301,132,51,282,351,47142,31657,0.2604166666666667,2,31657_47142_2,31657_47142
1335,person,0.99022853,72,44,281,352,47239,31657,0.3725231481481481,2,31657_47239_2,31657_47239
1336,person,0.98222876,311,67,455,352,47239,31657,0.2375,1,31657_47239_1,31657_47239
1337,person,0.9562431,13,28,127,347,47239,31657,0.2104513888888889,0,31657_47239_0,31657_47239
1338,person,0.97981334,159,69,316,353,47336,31657,0.2580324074074074,1,31657_47336_1,31657_47336
1339,person,0.97760993,29,41,155,356,47336,31657,0.2296875,0,31657_47336_0,31657_47336
1340,person,0.978464,132,18,334,354,47433,31657,0.3927777777777778,1,31657_47433_1,31657_47433
1341,person,0.55338126,265,94,348,328,47433,31657,0.1123958333333333,0,31657_47433_0,31657_47433
1342,person,0.97260857,102,83,157,235,47530,31657,0.0483796296296296,0,31657_47530_0,31657_47530
1343,person,0.93329704,181,110,280,242,47530,31657,0.075625,1,31657_47530_1,31657_47530
1344,car,0.8335621999999999,38,139,469,357,47530,31657,0.5437384259259259,3,31657_47530_3,31657_47530
1345,car,0.68301344,213,128,480,355,47530,31657,0.3507465277777777,2,31657_47530_2,31657_47530
1346,car,0.93439204,0,115,480,353,47627,31657,0.6611111111111111,0,31657_47627_0,31657_47627
1347,person,0.9787279,39,56,234,355,47724,31657,0.3374131944444444,0,31657_47724_0,31657_47724
1348,person,0.9741088,206,27,459,347,47724,31657,0.4685185185185185,1,31657_47724_1,31657_47724
1349,person,0.9733121,207,15,469,360,47821,31657,0.5230902777777777,1,31657_47821_1,31657_47821
1350,person,0.96396595,37,41,215,359,47821,31657,0.3275694444444445,0,31657_47821_0,31657_47821
1351,bench,0.5516314,271,144,321,185,47918,31657,0.0118634259259259,0,31657_47918_0,31657_47918
1352,car,0.53387994,151,122,245,209,47918,31657,0.0473263888888888,1,31657_47918_1,31657_47918
1353,person,0.98229927,203,145,253,269,48015,31657,0.0358796296296296,1,31657_48015_1,31657_48015
1354,car,0.9040292,261,170,339,226,48015,31657,0.0252777777777777,0,31657_48015_0,31657_48015
1355,truck,0.7148728,35,149,219,286,48015,31657,0.1458796296296296,2,31657_48015_2,31657_48015
1356,person,0.98238754,3,65,264,359,48112,31657,0.4440625,2,31657_48112_2,31657_48112
1357,person,0.98221946,212,17,472,356,48112,31657,0.5100694444444445,3,31657_48112_3,31657_48112
1358,tie,0.79905075,328,180,357,230,48112,31657,0.0083912037037037,1,31657_48112_1,31657_48112
1359,tie,0.67523515,322,182,350,230,48112,31657,0.0077777777777777,0,31657_48112_0,31657_48112
1360,person,0.9879699,5,46,267,360,48306,31657,0.476087962962963,1,31657_48306_1,31657_48306
1361,person,0.9714054,210,25,467,358,48306,31657,0.4952604166666666,2,31657_48306_2,31657_48306
1362,tie,0.6005785,317,168,349,227,48306,31657,0.0109259259259259,0,31657_48306_0,31657_48306
1363,person,0.9442842,40,94,97,211,48403,31657,0.03859375,0,31657_48403_0,31657_48403
1364,car,0.57165956,239,192,466,360,48403,31657,0.2206944444444444,1,31657_48403_1,31657_48403
1365,car,0.84460664,24,145,190,292,48500,31657,0.1412152777777778,1,31657_48500_1,31657_48500
1366,car,0.51277137,52,146,177,248,48500,31657,0.0737847222222222,0,31657_48500_0,31657_48500
1367,car,0.9198417,234,167,308,224,48597,31657,0.0244097222222222,0,31657_48597_0,31657_48597
1368,truck,0.7232597,13,144,188,284,48597,31657,0.1417824074074074,1,31657_48597_1,31657_48597
1369,person,0.98980296,0,48,258,359,48694,31657,0.4643402777777778,0,31657_48694_0,31657_48694
1370,person,0.9615372,174,7,439,342,48694,31657,0.5137442129629629,1,31657_48694_1,31657_48694
1371,car,0.9302262,146,163,305,234,48791,31657,0.0653298611111111,2,31657_48791_2,31657_48791
1372,car,0.8177853,232,171,336,237,48791,31657,0.0397222222222222,1,31657_48791_1,31657_48791
1373,car,0.7100774999999999,274,148,480,360,48791,31657,0.2527314814814815,3,31657_48791_3,31657_48791
1374,car,0.6830125,143,166,258,224,48791,31657,0.038599537037037,0,31657_48791_0,31657_48791
1375,car,0.96727854,257,148,462,278,48888,31657,0.154224537037037,1,31657_48888_1,31657_48888
1376,truck,0.7157864,109,154,299,280,48888,31657,0.1385416666666666,0,31657_48888_0,31657_48888
1377,motorcycle,0.7873429,186,116,465,354,48985,31657,0.3842708333333333,1,31657_48985_1,31657_48985
1378,person,0.6867901999999999,261,102,326,247,48985,31657,0.054542824074074,0,31657_48985_0,31657_48985
1379,chair,0.8232226999999999,347,80,480,309,49082,31657,0.176255787037037,0,31657_49082_0,31657_49082
1380,chair,0.75527155,216,84,480,357,49082,31657,0.4170833333333333,1,31657_49082_1,31657_49082
1381,oven,0.5335367,16,1,317,341,49082,31657,0.5922453703703704,2,31657_49082_2,31657_49082
1382,person,0.996002,308,19,450,360,49179,31657,0.2802199074074074,1,31657_49179_1,31657_49179
1383,person,0.97436845,39,37,261,360,49179,31657,0.4149652777777777,2,31657_49179_2,31657_49179
1384,person,0.5067391,24,103,90,354,49179,31657,0.0958680555555555,0,31657_49179_0,31657_49179
1385,person,0.9919059,5,70,160,360,49276,31657,0.2601273148148148,1,31657_49276_1,31657_49276
1386,person,0.9903307,307,35,450,360,49276,31657,0.2689525462962963,2,31657_49276_2,31657_49276
1387,person,0.88322407,151,119,291,223,49276,31657,0.0842592592592592,0,31657_49276_0,31657_49276
1388,person,0.9920197,291,28,461,360,49373,31657,0.3266203703703704,2,31657_49373_2,31657_49373
1389,person,0.90840155,4,63,140,360,49373,31657,0.23375,1,31657_49373_1,31657_49373
1390,person,0.8922878000000001,184,103,301,211,49373,31657,0.073125,0,31657_49373_0,31657_49373
1391,person,0.99372345,9,66,196,355,49470,31657,0.3127488425925926,1,31657_49470_1,31657_49470
1392,person,0.9872709,295,24,466,360,49470,31657,0.3325,2,31657_49470_2,31657_49470
1393,person,0.8224788000000001,167,111,311,207,49470,31657,0.08,0,31657_49470_0,31657_49470
1394,person,0.98003125,344,8,458,360,49567,31657,0.2322222222222222,3,31657_49567_3,31657_49567
1395,person,0.9724697,27,67,211,360,49567,31657,0.3119907407407407,4,31657_49567_4,31657_49567
1396,person,0.62867284,204,118,292,206,49567,31657,0.0448148148148148,1,31657_49567_1,31657_49567
1397,handbag,0.5692456,11,154,116,350,49567,31657,0.1190972222222222,2,31657_49567_2,31657_49567
1398,parking meter,0.5258125,334,16,360,59,49567,31657,0.0064699074074074,0,31657_49567_0,31657_49567
1399,person,0.9801373,47,40,428,343,49664,31657,0.6680729166666667,0,31657_49664_0,31657_49664
1400,person,0.96099377,196,53,464,305,49761,31657,0.3908333333333333,0,31657_49761_0,31657_49761
1401,person,0.9927153,24,43,181,358,49858,31657,0.2861979166666666,1,31657_49858_1,31657_49858
1402,person,0.770854,230,126,467,352,49858,31657,0.3099652777777777,2,31657_49858_2,31657_49858
1403,person,0.7592247,287,137,472,317,49858,31657,0.1927083333333333,0,31657_49858_0,31657_49858
1404,person,0.9976439,25,24,463,354,49955,31657,0.8364583333333333,0,31657_49955_0,31657_49955
1405,person,0.99225736,135,36,398,360,50052,31657,0.493125,3,31657_50052_3,31657_50052
1406,tie,0.8032844,201,199,302,349,50052,31657,0.0876736111111111,2,31657_50052_2,31657_50052
1407,tie,0.5917054,184,210,266,353,50052,31657,0.0678587962962962,1,31657_50052_1,31657_50052
1408,tie,0.51896465,194,210,234,352,50052,31657,0.0328703703703703,0,31657_50052_0,31657_50052
1409,person,0.9954983,110,30,417,359,50149,31657,0.5845081018518519,1,31657_50149_1,31657_50149
1410,tie,0.5611022,210,220,269,351,50149,31657,0.0447280092592592,0,31657_50149_0,31657_50149
1411,person,0.9932104,21,36,173,358,50246,31657,0.2832407407407407,1,31657_50246_1,31657_50246
1412,person,0.85634524,244,129,472,350,50246,31657,0.2915972222222222,2,31657_50246_2,31657_50246
1413,person,0.8254188,147,34,259,260,50246,31657,0.1464814814814815,0,31657_50246_0,31657_50246
1414,person,0.99646986,17,47,185,360,50343,31657,0.3043055555555555,2,31657_50343_2,31657_50343
1415,person,0.94391197,232,141,472,350,50343,31657,0.2902777777777778,1,31657_50343_1,31657_50343
1416,person,0.9160191,157,38,252,249,50343,31657,0.1160011574074074,0,31657_50343_0,31657_50343
1417,person,0.99706084,0,30,173,358,50440,31657,0.3283796296296296,2,31657_50440_2,31657_50440
1418,person,0.9620032,143,34,259,258,50440,31657,0.1503703703703703,0,31657_50440_0,31657_50440
1419,person,0.9528176,226,154,476,352,50440,31657,0.2864583333333333,1,31657_50440_1,31657_50440
1420,person,0.99290776,41,32,361,360,50537,31657,0.6074074074074074,1,31657_50537_1,31657_50537
1421,tie,0.95261806,201,214,239,318,50537,31657,0.0228703703703703,0,31657_50537_0,31657_50537
1422,person,0.98973364,45,39,359,358,50634,31657,0.5796643518518518,1,31657_50634_1,31657_50634
1423,tie,0.9678631,203,230,241,320,50634,31657,0.0197916666666666,0,31657_50634_0,31657_50634
1424,person,0.99435234,57,18,396,356,50731,31657,0.6630902777777777,2,31657_50731_2,31657_50731
1425,tie,0.65697557,213,212,296,357,50731,31657,0.0696469907407407,0,31657_50731_0,31657_50731
1426,tie,0.62581784,193,197,279,359,50731,31657,0.080625,1,31657_50731_1,31657_50731
1427,person,0.99191535,51,37,359,357,50828,31657,0.5703703703703704,1,31657_50828_1,31657_50828
1428,tie,0.95409364,217,210,250,309,50828,31657,0.01890625,0,31657_50828_0,31657_50828
1429,person,0.9958539,296,56,447,355,50925,31657,0.2612789351851852,1,31657_50925_1,31657_50925
1430,person,0.98762125,29,39,179,359,50925,31657,0.2777777777777778,2,31657_50925_2,31657_50925
1431,person,0.9285015,185,54,303,290,50925,31657,0.1611574074074074,0,31657_50925_0,31657_50925
1432,person,0.99642146,285,49,439,355,51022,31657,0.2727083333333333,1,31657_51022_1,31657_51022
1433,person,0.9886348,24,27,181,360,51022,31657,0.3025520833333333,2,31657_51022_2,31657_51022
1434,person,0.9368738,180,50,306,283,51022,31657,0.1698958333333333,0,31657_51022_0,31657_51022
1435,person,0.9907556,5,46,187,360,51119,31657,0.3307175925925926,3,31657_51119_3,31657_51119
1436,person,0.97193134,264,142,475,360,51119,31657,0.2661921296296296,2,31657_51119_2,31657_51119
1437,person,0.9497873,150,46,270,270,51119,31657,0.1555555555555555,0,31657_51119_0,31657_51119
1438,person,0.6615544,332,145,480,340,51119,31657,0.1670138888888888,1,31657_51119_1,31657_51119
1439,person,0.992481,75,27,306,360,51216,31657,0.44515625,0,31657_51216_0,31657_51216
1440,person,0.9956079,157,39,374,357,51313,31657,0.3993402777777777,2,31657_51313_2,31657_51313
1441,person,0.99384487,14,86,68,264,51313,31657,0.055625,0,31657_51313_0,31657_51313
1442,chair,0.7150234999999999,52,194,178,357,51313,31657,0.1188541666666666,1,31657_51313_1,31657_51313
1443,person,0.9888426,158,44,368,353,51410,31657,0.3755208333333333,6,31657_51410_6,31657_51410
1444,chair,0.8898318999999999,50,194,183,354,51410,31657,0.1231481481481481,4,31657_51410_4,31657_51410
1445,person,0.58781856,321,14,433,290,51410,31657,0.1788888888888888,5,31657_51410_5,31657_51410
1446,handbag,0.5656543,201,185,331,348,51410,31657,0.1226273148148148,2,31657_51410_2,31657_51410
1447,handbag,0.5592799,199,250,327,352,51410,31657,0.0755555555555555,1,31657_51410_1,31657_51410
1448,person,0.5540776,313,24,396,162,51410,31657,0.0662847222222222,0,31657_51410_0,31657_51410
1449,handbag,0.52949625,220,134,333,322,51410,31657,0.1229398148148148,3,31657_51410_3,31657_51410
1450,person,0.99412423,11,12,159,359,51507,31657,0.2971990740740741,1,31657_51507_1,31657_51507
1451,person,0.9602776,271,210,472,356,51507,31657,0.1698263888888889,0,31657_51507_0,31657_51507
1452,person,0.9930769,11,28,167,360,51604,31657,0.2997222222222222,2,31657_51604_2,31657_51604
1453,person,0.94046336,232,201,413,356,51604,31657,0.162355324074074,1,31657_51604_1,31657_51604
1454,vase,0.52197087,161,294,224,360,51604,31657,0.0240625,0,31657_51604_0,31657_51604
1455,person,0.99542975,13,23,169,359,51701,31657,0.3033333333333333,1,31657_51701_1,31657_51701
1456,person,0.9118294,229,212,424,358,51701,31657,0.1647569444444444,0,31657_51701_0,31657_51701
1457,person,0.99407625,17,27,170,358,51798,31657,0.2930729166666667,2,31657_51798_2,31657_51798
1458,person,0.9190284,239,197,421,358,51798,31657,0.1695717592592592,1,31657_51798_1,31657_51798
1459,chair,0.5773049,1,265,52,357,51798,31657,0.0271527777777777,0,31657_51798_0,31657_51798
1460,person,0.9946136,103,27,243,356,51895,31657,0.2665509259259259,1,31657_51895_1,31657_51895
1461,person,0.9849392,222,37,336,353,51895,31657,0.2084722222222222,0,31657_51895_0,31657_51895
1462,person,0.99682415,263,67,468,360,51992,31657,0.3475983796296296,1,31657_51992_1,31657_51992
1463,person,0.9962387,3,101,204,352,51992,31657,0.2919618055555556,0,31657_51992_0,31657_51992
1464,person,0.9977186,281,54,477,359,52089,31657,0.345949074074074,1,31657_52089_1,31657_52089
1465,person,0.9946833,2,104,204,353,52089,31657,0.2910763888888889,0,31657_52089_0,31657_52089
1466,person,0.9970099,283,37,480,358,52186,31657,0.3659548611111111,1,31657_52186_1,31657_52186
1467,person,0.9962341,2,96,207,359,52186,31657,0.3120081018518518,0,31657_52186_0,31657_52186
1468,person,0.99711335,0,93,149,349,52283,31657,0.2207407407407407,0,31657_52283_0,31657_52283
1469,person,0.980536,305,38,478,352,52283,31657,0.3143634259259259,1,31657_52283_1,31657_52283
1470,person,0.9954058,269,43,442,358,52380,31657,0.3153645833333333,2,31657_52380_2,31657_52380
1471,person,0.9946726,28,106,234,360,52380,31657,0.3028009259259259,1,31657_52380_1,31657_52380
1472,tie,0.759142,125,201,159,314,52380,31657,0.0222337962962962,0,31657_52380_0,31657_52380
1473,person,0.9979673,262,32,437,360,52477,31657,0.3321759259259259,2,31657_52477_2,31657_52477
1474,person,0.9938553,33,99,234,357,52477,31657,0.3001041666666667,1,31657_52477_1,31657_52477
1475,tie,0.5657574000000001,309,135,333,213,52477,31657,0.0108333333333333,0,31657_52477_0,31657_52477
1476,person,0.99701214,261,29,441,360,52574,31657,0.3447916666666666,1,31657_52574_1,31657_52574
1477,person,0.99518245,36,90,231,352,52574,31657,0.2956597222222222,0,31657_52574_0,31657_52574
1478,person,0.9963947,246,47,437,360,52671,31657,0.3459664351851852,0,31657_52671_0,31657_52671
1479,person,0.9948242,22,95,256,360,52671,31657,0.3588541666666666,1,31657_52671_1,31657_52671
1480,person,0.9972613,52,79,219,359,52768,31657,0.2706018518518519,0,31657_52768_0,31657_52768
1481,person,0.9944892,271,35,431,356,52768,31657,0.2972222222222222,1,31657_52768_1,31657_52768
1482,person,0.9968207,263,39,428,357,52865,31657,0.3036458333333333,2,31657_52865_2,31657_52865
1483,person,0.9918582,13,83,189,352,52865,31657,0.2739814814814815,1,31657_52865_1,31657_52865
1484,tie,0.6059769,301,144,324,222,52865,31657,0.0103819444444444,0,31657_52865_0,31657_52865
1485,person,0.98340976,175,64,330,360,52962,31657,0.2655092592592593,2,31657_52962_2,31657_52962
1486,person,0.94357485,318,54,438,271,52962,31657,0.1506944444444444,0,31657_52962_0,31657_52962
1487,person,0.87517095,80,36,175,350,52962,31657,0.1726273148148148,1,31657_52962_1,31657_52962
1488,person,0.8023557,0,19,151,355,52962,31657,0.2936111111111111,3,31657_52962_3,31657_52962
1489,person,0.9958127,5,32,176,355,53059,31657,0.3196354166666667,2,31657_53059_2,31657_53059
1490,person,0.98768276,144,74,293,356,53059,31657,0.2431597222222222,1,31657_53059_1,31657_53059
1491,person,0.98615116,345,67,450,283,53059,31657,0.13125,0,31657_53059_0,31657_53059
1492,person,0.9916021,61,37,211,356,53156,31657,0.2769097222222222,2,31657_53156_2,31657_53156
1493,person,0.9652312,201,63,321,357,53156,31657,0.2041666666666666,1,31657_53156_1,31657_53156
1494,person,0.94965976,326,107,417,286,53156,31657,0.0942650462962963,0,31657_53156_0,31657_53156
1495,person,0.9943538,259,62,472,356,53253,31657,0.3623958333333333,2,31657_53253_2,31657_53253
1496,person,0.9939376,2,43,154,351,53253,31657,0.2709259259259259,1,31657_53253_1,31657_53253
1497,person,0.9769158,150,88,282,343,53253,31657,0.1947916666666666,0,31657_53253_0,31657_53253
1498,person,0.99132276,229,54,413,354,53350,31657,0.3194444444444444,1,31657_53350_1,31657_53350
1499,person,0.9868233,82,47,225,356,53350,31657,0.2557118055555556,0,31657_53350_0,31657_53350
1500,person,0.9923205,261,40,443,358,53447,31657,0.3349305555555556,2,31657_53447_2,31657_53447
1501,person,0.874347,74,172,221,356,53447,31657,0.1565277777777777,0,31657_53447_0,31657_53447
1502,person,0.7432625,348,0,480,358,53447,31657,0.2734722222222222,1,31657_53447_1,31657_53447
1503,person,0.9936372,258,39,443,357,53544,31657,0.3404513888888889,2,31657_53544_2,31657_53544
1504,person,0.95902884,79,167,223,359,53544,31657,0.16,0,31657_53544_0,31657_53544
1505,person,0.8912306000000001,371,0,480,360,53544,31657,0.2270833333333333,1,31657_53544_1,31657_53544
1506,person,0.99345666,256,36,448,357,53641,31657,0.3566666666666667,1,31657_53641_1,31657_53641
1507,person,0.94363993,64,180,213,358,53641,31657,0.1534837962962963,0,31657_53641_0,31657_53641
1508,person,0.9835535,271,29,442,360,53738,31657,0.3275520833333333,2,31657_53738_2,31657_53738
1509,person,0.964582,61,151,247,359,53738,31657,0.2238888888888889,0,31657_53738_0,31657_53738
1510,person,0.85716635,361,0,480,356,53738,31657,0.245162037037037,1,31657_53738_1,31657_53738
1511,person,0.9968881,44,38,461,360,53835,31657,0.7770486111111111,1,31657_53835_1,31657_53835
1512,tie,0.77932936,185,194,236,357,53835,31657,0.0481076388888888,0,31657_53835_0,31657_53835
1513,person,0.99291295,255,29,427,354,53932,31657,0.3234953703703703,1,31657_53932_1,31657_53932
1514,person,0.86059797,86,164,224,360,53932,31657,0.1565277777777777,0,31657_53932_0,31657_53932
1515,person,0.970131,45,34,364,356,54029,31657,0.5944328703703704,0,31657_54029_0,31657_54029
1516,person,0.9943657,40,37,418,360,54126,31657,0.7065625,2,31657_54126_2,31657_54126
1517,tie,0.88583726,214,206,253,354,54126,31657,0.0334027777777777,0,31657_54126_0,31657_54126
1518,tie,0.59530306,198,195,260,354,54126,31657,0.0570486111111111,1,31657_54126_1,31657_54126
1519,person,0.9877,0,0,168,335,54223,31657,0.3256944444444444,1,31657_54223_1,31657_54223
1520,person,0.98454976,216,179,426,360,54223,31657,0.2199652777777776,0,31657_54223_0,31657_54223
1521,person,0.9886402,24,37,257,338,54320,31657,0.4058622685185185,1,31657_54320_1,31657_54320
1522,person,0.9834146,220,142,447,360,54320,31657,0.2863773148148148,0,31657_54320_0,31657_54320
1523,person,0.991413,16,49,266,344,54417,31657,0.4267939814814815,1,31657_54417_1,31657_54417
1524,person,0.98227143,225,134,434,359,54417,31657,0.2721354166666667,0,31657_54417_0,31657_54417
1525,person,0.99432534,116,38,476,359,54514,31657,0.66875,5,31657_54514_5,31657_54514
1526,tie,0.868477,255,239,292,347,54514,31657,0.023125,3,31657_54514_3,31657_54514
1527,tie,0.7802190999999999,259,241,293,305,54514,31657,0.0125925925925925,2,31657_54514_2,31657_54514
1528,tie,0.58261156,262,245,287,296,54514,31657,0.0073784722222222,0,31657_54514_0,31657_54514
1529,person,0.5244231,76,135,145,330,54514,31657,0.0778645833333333,4,31657_54514_4,31657_54514
1530,tie,0.51660293,255,240,282,320,54514,31657,0.0125,1,31657_54514_1,31657_54514
1531,person,0.98860127,17,31,241,335,54611,31657,0.3940740740740741,1,31657_54611_1,31657_54611
1532,person,0.96890926,214,125,458,356,54611,31657,0.3261805555555555,0,31657_54611_0,31657_54611
1533,person,0.9957846,64,33,366,359,54708,31657,0.5697453703703703,1,31657_54708_1,31657_54708
1534,tie,0.6557151,197,210,235,316,54708,31657,0.0233101851851851,0,31657_54708_0,31657_54708
1535,person,0.9931426,80,35,436,359,54805,31657,0.6675,3,31657_54805_3,31657_54805
1536,tie,0.8633765999999999,202,192,276,342,54805,31657,0.0642361111111111,2,31657_54805_2,31657_54805
1537,tie,0.8303188,218,195,259,326,54805,31657,0.0310821759259259,1,31657_54805_1,31657_54805
1538,tie,0.6611762,232,187,269,331,54805,31657,0.0308333333333333,0,31657_54805_0,31657_54805
1539,person,0.99687624,2,28,284,344,54902,31657,0.5156944444444445,1,31657_54902_1,31657_54902
1540,person,0.981383,235,182,450,358,54902,31657,0.2189814814814814,0,31657_54902_0,31657_54902
1541,person,0.9955552,120,30,478,359,54999,31657,0.6816087962962963,1,31657_54999_1,31657_54999
1542,tie,0.7622465,249,228,287,349,54999,31657,0.0266087962962962,0,31657_54999_0,31657_54999
1543,person,0.9955485,103,27,469,352,55096,31657,0.6883680555555556,1,31657_55096_1,31657_55096
1544,tie,0.9530654,245,236,285,342,55096,31657,0.024537037037037,0,31657_55096_0,31657_55096
1545,person,0.99604803,30,35,371,360,55193,31657,0.6413483796296297,1,31657_55193_1,31657_55193
1546,tie,0.87148917,179,186,236,355,55193,31657,0.0557465277777777,0,31657_55193_0,31657_55193
1547,person,0.9938471,61,32,407,360,55290,31657,0.6567592592592593,1,31657_55290_1,31657_55290
1548,tie,0.76178783,197,196,260,353,55290,31657,0.0572395833333333,0,31657_55290_0,31657_55290
1549,person,0.9947883,73,20,430,358,55387,31657,0.6982986111111111,1,31657_55387_1,31657_55387
1550,tie,0.6560453,224,203,261,334,55387,31657,0.0280497685185185,0,31657_55387_0,31657_55387
1551,person,0.9953381,63,27,406,358,55484,31657,0.6570196759259259,1,31657_55484_1,31657_55484
1552,tie,0.6758576999999999,195,214,231,326,55484,31657,0.0233333333333333,0,31657_55484_0,31657_55484
1553,person,0.993708,30,47,193,357,55581,31657,0.2924189814814815,2,31657_55581_2,31657_55581
1554,person,0.99256647,182,31,389,335,55581,31657,0.3641666666666667,3,31657_55581_3,31657_55581
1555,tie,0.8870923000000001,288,125,324,193,55581,31657,0.0141666666666666,1,31657_55581_1,31657_55581
1556,tie,0.8155179,279,128,310,206,55581,31657,0.0139930555555555,0,31657_55581_0,31657_55581
1557,person,0.9947731,167,48,346,360,55678,31657,0.3231944444444444,3,31657_55678_3,31657_55678
1558,person,0.98202616,2,63,187,352,55678,31657,0.3094039351851852,2,31657_55678_2,31657_55678
1559,person,0.7884173000000001,400,34,480,314,55678,31657,0.1296296296296296,0,31657_55678_0,31657_55678
1560,person,0.6532687,355,51,480,345,55678,31657,0.2126736111111111,1,31657_55678_1,31657_55678
1561,person,0.9927684,260,41,467,356,55775,31657,0.37734375,0,31657_55775_0,31657_55775
1562,person,0.98409456,15,42,263,356,55775,31657,0.4506481481481481,1,31657_55775_1,31657_55775
1563,person,0.99449664,265,35,461,354,55872,31657,0.3618287037037037,1,31657_55872_1,31657_55872
1564,person,0.9923645,19,52,216,352,55872,31657,0.3420138888888889,0,31657_55872_0,31657_55872
1565,person,0.9934813,33,52,220,353,55969,31657,0.3257349537037037,0,31657_55969_0,31657_55969
1566,person,0.99281424,252,40,476,355,55969,31657,0.4083333333333333,1,31657_55969_1,31657_55969
1567,person,0.985802,207,37,440,351,56066,31657,0.4233912037037037,1,31657_56066_1,31657_56066
1568,person,0.9793706,34,45,248,349,56066,31657,0.3764814814814815,0,31657_56066_0,31657_56066
1569,person,0.99158746,27,52,227,352,56163,31657,0.3472222222222222,0,31657_56163_0,31657_56163
1570,person,0.9912416,200,46,424,359,56163,31657,0.4057407407407408,1,31657_56163_1,31657_56163
1571,person,0.991,203,55,420,355,56260,31657,0.3767361111111111,1,31657_56260_1,31657_56260
1572,person,0.9857614,26,56,243,349,56260,31657,0.3679456018518519,0,31657_56260_0,31657_56260
1573,person,0.99019027,27,53,229,359,56357,31657,0.3577083333333333,0,31657_56357_0,31657_56357
1574,person,0.98697203,199,47,429,351,56357,31657,0.4046296296296296,1,31657_56357_1,31657_56357
1575,person,0.99166334,208,37,442,356,56454,31657,0.4319791666666667,1,31657_56454_1,31657_56454
1576,person,0.98972917,20,54,221,355,56454,31657,0.3501215277777778,0,31657_56454_0,31657_56454
1577,person,0.9945102,195,29,419,358,56551,31657,0.4264814814814815,1,31657_56551_1,31657_56551
1578,person,0.9926118,21,27,200,353,56551,31657,0.3376967592592592,0,31657_56551_0,31657_56551
1579,person,0.99583447,57,37,300,355,56648,31657,0.4471875,1,31657_56648_1,31657_56648
1580,tie,0.6756299,170,156,189,256,56648,31657,0.0109953703703703,0,31657_56648_0,31657_56648
1581,person,0.9909422,53,57,236,354,56745,31657,0.31453125,2,31657_56745_2,31657_56745
1582,person,0.9878962,263,24,405,358,56745,31657,0.2744675925925925,1,31657_56745_1,31657_56745
1583,person,0.585206,201,180,250,252,56745,31657,0.0204166666666666,0,31657_56745_0,31657_56745
1584,person,0.9925633,256,41,416,354,56842,31657,0.2898148148148148,2,31657_56842_2,31657_56842
1585,person,0.9891578,64,66,228,355,56842,31657,0.2742824074074074,1,31657_56842_1,31657_56842
1586,chair,0.6918849,214,254,280,355,56842,31657,0.0385763888888888,0,31657_56842_0,31657_56842
1587,person,0.98903555,303,15,455,355,56939,31657,0.299074074074074,2,31657_56939_2,31657_56939
1588,person,0.98313165,49,46,206,353,56939,31657,0.2789293981481481,1,31657_56939_1,31657_56939
1589,person,0.9767477,219,27,355,359,56939,31657,0.2612962962962963,0,31657_56939_0,31657_56939
1590,person,0.9832398,32,53,202,358,57036,31657,0.3000578703703703,2,31657_57036_2,31657_57036
1591,person,0.98222566,353,7,480,356,57036,31657,0.2564988425925926,1,31657_57036_1,31657_57036
1592,person,0.9793632,221,43,354,360,57036,31657,0.2439872685185185,0,31657_57036_0,31657_57036
1593,person,0.9628462,184,63,311,351,57133,31657,0.2116666666666666,2,31657_57133_2,31657_57133
1594,person,0.9569884,270,84,390,353,57133,31657,0.1868055555555556,1,31657_57133_1,31657_57133
1595,chair,0.6380826,308,259,472,356,57133,31657,0.0920601851851852,0,31657_57133_0,31657_57133
1596,person,0.99365956,230,50,392,354,57230,31657,0.285,2,31657_57230_2,31657_57230
1597,person,0.9880905,80,63,230,353,57230,31657,0.2517361111111111,1,31657_57230_1,31657_57230
1598,person,0.66390175,401,129,433,234,57230,31657,0.0194444444444444,0,31657_57230_0,31657_57230
1599,person,0.9980228,263,42,411,358,57327,31657,0.2706481481481481,0,31657_57327_0,31657_57327
1600,person,0.9958586,126,24,279,358,57327,31657,0.2957291666666666,1,31657_57327_1,31657_57327
1601,person,0.99444866,156,38,480,356,57424,31657,0.59625,3,31657_57424_3,31657_57424
1602,person,0.98810786,0,6,177,340,57424,31657,0.3421180555555556,2,31657_57424_2,31657_57424
1603,tie,0.90213084,299,230,340,343,57424,31657,0.0268113425925925,0,31657_57424_0,31657_57424
1604,tie,0.52667046,292,224,373,353,57424,31657,0.06046875,1,31657_57424_1,31657_57424
1605,person,0.9968733,273,46,434,357,57521,31657,0.2897627314814814,2,31657_57521_2,31657_57521
1606,person,0.99564373,62,29,249,350,57521,31657,0.3473784722222222,3,31657_57521_3,31657_57521
1607,tie,0.74100935,162,120,188,215,57521,31657,0.0142939814814814,1,31657_57521_1,31657_57521
1608,tie,0.5579257,154,119,178,214,57521,31657,0.0131944444444444,0,31657_57521_0,31657_57521
1609,person,0.99820113,85,35,256,358,57618,31657,0.3196354166666667,1,31657_57618_1,31657_57618
1610,person,0.99749374,278,49,432,359,57618,31657,0.2762731481481481,0,31657_57618_0,31657_57618
1611,person,0.9944424,243,53,387,360,57715,31657,0.2558333333333333,0,31657_57715_0,31657_57715
1612,person,0.99424285,149,41,288,360,57715,31657,0.2566030092592593,1,31657_57715_1,31657_57715
1613,person,0.9912758,283,46,425,353,57812,31657,0.2522800925925926,1,31657_57812_1,31657_57812
1614,person,0.9903104,99,29,255,352,57812,31657,0.2915972222222222,2,31657_57812_2,31657_57812
1615,person,0.5989704,204,15,251,79,57812,31657,0.0174074074074074,0,31657_57812_0,31657_57812
1616,person,0.99110997,152,44,480,359,57909,31657,0.5979166666666667,2,31657_57909_2,31657_57909
1617,person,0.9784711,1,0,167,349,57909,31657,0.3352662037037037,1,31657_57909_1,31657_57909
1618,tie,0.90363616,288,227,330,349,57909,31657,0.0296527777777777,0,31657_57909_0,31657_57909
1619,person,0.98878235,0,35,304,355,58006,31657,0.562962962962963,2,31657_58006_2,31657_58006
1620,person,0.9649387,275,30,477,360,58006,31657,0.3857638888888889,1,31657_58006_1,31657_58006
1621,tie,0.7495092,172,196,241,356,58006,31657,0.0638888888888888,0,31657_58006_0,31657_58006
1622,person,0.99041814,2,26,302,354,58103,31657,0.5694444444444444,2,31657_58103_2,31657_58103
1623,person,0.9696555,270,33,473,348,58103,31657,0.3700520833333333,1,31657_58103_1,31657_58103
1624,tie,0.8988492,172,198,220,353,58103,31657,0.0430555555555555,0,31657_58103_0,31657_58103
1625,person,0.99199593,172,41,471,356,58200,31657,0.5450520833333333,3,31657_58200_3,31657_58200
1626,person,0.98221403,2,2,202,347,58200,31657,0.3993055555555556,2,31657_58200_2,31657_58200
1627,tie,0.9145815,286,226,326,346,58200,31657,0.0277777777777777,0,31657_58200_0,31657_58200
1628,tie,0.65774065,294,224,341,350,58200,31657,0.0342708333333333,1,31657_58200_1,31657_58200
1629,person,0.988425,3,27,316,360,58297,31657,0.6031770833333333,4,31657_58297_4,31657_58297
1630,person,0.9629365,274,30,477,348,58297,31657,0.3735763888888889,3,31657_58297_3,31657_58297
1631,tie,0.8951766999999999,160,209,213,350,58297,31657,0.0432465277777777,0,31657_58297_0,31657_58297
1632,tie,0.66964996,172,206,250,349,58297,31657,0.0645486111111111,1,31657_58297_1,31657_58297
1633,tie,0.51604354,129,194,232,353,58297,31657,0.0947743055555555,2,31657_58297_2,31657_58297
1634,person,0.9566485,6,33,183,350,58394,31657,0.3247048611111111,2,31657_58394_2,31657_58394
1635,person,0.92543894,210,42,453,355,58394,31657,0.44015625,3,31657_58394_3,31657_58394
1636,person,0.9044013,165,62,341,352,58394,31657,0.2953703703703704,1,31657_58394_1,31657_58394
1637,tie,0.8197154000000001,77,149,96,208,58394,31657,0.0064872685185185,0,31657_58394_0,31657_58394
1638,person,0.9490309,149,63,351,359,58491,31657,0.3460185185185185,1,31657_58491_1,31657_58491
1639,person,0.9304902,224,36,447,360,58491,31657,0.418125,3,31657_58491_3,31657_58491
1640,person,0.8927588,293,24,478,354,58491,31657,0.3532986111111111,2,31657_58491_2,31657_58491
1641,person,0.8469700000000001,14,40,190,351,58491,31657,0.3167592592592592,0,31657_58491_0,31657_58491
1642,person,0.9223006,170,67,298,354,58588,31657,0.2125925925925925,1,31657_58588_1,31657_58588
1643,person,0.9034278,264,38,472,357,58588,31657,0.3839814814814815,4,31657_58588_4,31657_58588
1644,person,0.88251454,5,22,150,357,58588,31657,0.2811053240740741,3,31657_58588_3,31657_58588
1645,person,0.77516633,34,42,132,259,58588,31657,0.1230671296296296,0,31657_58588_0,31657_58588
1646,person,0.7669733,71,34,213,338,58588,31657,0.2498148148148148,2,31657_58588_2,31657_58588
1647,person,0.9408673,180,50,384,360,58685,31657,0.3659722222222222,4,31657_58685_4,31657_58685
1648,person,0.8242233,313,23,480,357,58685,31657,0.3227893518518519,2,31657_58685_2,31657_58685
1649,person,0.777246,23,43,207,350,58685,31657,0.3268981481481481,3,31657_58685_3,31657_58685
1650,person,0.77019346,45,65,145,253,58685,31657,0.1087962962962963,1,31657_58685_1,31657_58685
1651,tie,0.50459254,390,146,419,196,58685,31657,0.0083912037037037,0,31657_58685_0,31657_58685
1652,person,0.97118145,178,65,314,352,58782,31657,0.2258796296296296,1,31657_58782_1,31657_58782
1653,person,0.95201814,281,29,478,358,58782,31657,0.3750752314814815,3,31657_58782_3,31657_58782
1654,person,0.87454385,3,28,201,352,58782,31657,0.37125,2,31657_58782_2,31657_58782
1655,tie,0.52120066,241,160,275,284,58782,31657,0.0243981481481481,0,31657_58782_0,31657_58782
1656,person,0.9534597,176,70,305,352,58879,31657,0.2105208333333332,0,31657_58879_0,31657_58879
1657,person,0.9156099,6,27,231,353,58879,31657,0.4244791666666667,2,31657_58879_2,31657_58879
1658,person,0.91466624,281,26,479,358,58879,31657,0.3804166666666667,1,31657_58879_1,31657_58879
1659,person,0.93170244,182,52,318,350,58976,31657,0.234537037037037,0,31657_58976_0,31657_58976
1660,person,0.8765431,20,43,218,353,58976,31657,0.3552083333333333,1,31657_58976_1,31657_58976
1661,person,0.8746790999999999,275,34,467,354,58976,31657,0.3555555555555556,2,31657_58976_2,31657_58976
1662,person,0.9534208,184,61,332,353,59073,31657,0.2500925925925926,1,31657_59073_1,31657_59073
1663,person,0.9187896,15,37,196,354,59073,31657,0.3320428240740741,3,31657_59073_3,31657_59073
1664,person,0.9173306,310,24,477,360,59073,31657,0.3247222222222222,2,31657_59073_2,31657_59073
1665,person,0.7723999,227,32,458,360,59073,31657,0.4384722222222222,4,31657_59073_4,31657_59073
1666,person,0.6550026999999999,59,56,160,261,59073,31657,0.1198206018518518,0,31657_59073_0,31657_59073
1667,person,0.9326424,15,38,194,354,59170,31657,0.3273379629629629,2,31657_59170_2,31657_59170
1668,person,0.9196863,175,84,357,350,59170,31657,0.2801620370370369,1,31657_59170_1,31657_59170
1669,person,0.8864936999999999,304,31,477,360,59170,31657,0.329380787037037,3,31657_59170_3,31657_59170
1670,tie,0.5022380999999999,403,159,421,194,59170,31657,0.0036458333333333,0,31657_59170_0,31657_59170
1671,person,0.9464393,285,23,476,359,59267,31657,0.3713888888888889,3,31657_59267_3,31657_59267
1672,person,0.92773074,179,69,321,348,59267,31657,0.2292708333333333,1,31657_59267_1,31657_59267
1673,person,0.90836865,10,38,171,350,59267,31657,0.2906944444444444,2,31657_59267_2,31657_59267
1674,tie,0.6516105999999999,400,154,421,188,59267,31657,0.0041319444444444,0,31657_59267_0,31657_59267
1675,person,0.93241185,192,69,397,352,59364,31657,0.3357349537037037,4,31657_59364_4,31657_59364
1676,person,0.9124057,315,25,476,359,59364,31657,0.3111921296296296,3,31657_59364_3,31657_59364
1677,person,0.8903808000000001,24,38,215,348,59364,31657,0.342650462962963,5,31657_59364_5,31657_59364
1678,person,0.8026369000000001,54,55,152,265,59364,31657,0.1190972222222222,1,31657_59364_1,31657_59364
1679,person,0.72575146,19,48,169,286,59364,31657,0.2065972222222222,2,31657_59364_2,31657_59364
1680,car,0.65047973,273,61,390,155,59364,31657,0.0636458333333333,0,31657_59364_0,31657_59364
1681,person,0.62583876,139,51,353,360,59364,31657,0.3826736111111111,6,31657_59364_6,31657_59364
1682,person,0.5879698,245,27,447,356,59364,31657,0.3845949074074074,7,31657_59364_7,31657_59364
1683,person,0.9218236,179,69,338,350,59461,31657,0.2585590277777778,0,31657_59461_0,31657_59461
1684,person,0.9064133,301,25,479,357,59461,31657,0.3419907407407408,3,31657_59461_3,31657_59461
1685,person,0.8717998,59,47,220,348,59461,31657,0.2804456018518518,1,31657_59461_1,31657_59461
1686,person,0.7625654000000001,14,48,179,345,59461,31657,0.28359375,2,31657_59461_2,31657_59461
1687,person,0.90282446,271,15,473,354,59558,31657,0.3962847222222222,3,31657_59558_3,31657_59558
1688,person,0.88058347,8,29,192,347,59558,31657,0.3386111111111111,1,31657_59558_1,31657_59558
1689,person,0.880236,178,67,336,348,59558,31657,0.2569328703703704,0,31657_59558_0,31657_59558
1690,person,0.7389579000000001,218,36,403,356,59558,31657,0.3425925925925926,2,31657_59558_2,31657_59558
1691,person,0.91861975,305,32,477,360,59655,31657,0.3264814814814815,4,31657_59655_4,31657_59655
1692,person,0.89086014,186,56,361,353,59655,31657,0.30078125,3,31657_59655_3,31657_59655
1693,person,0.8258901,47,60,222,347,59655,31657,0.2906539351851852,2,31657_59655_2,31657_59655
1694,person,0.59522957,59,61,192,282,59655,31657,0.1700983796296296,0,31657_59655_0,31657_59655
1695,person,0.53770137,10,46,157,355,59655,31657,0.2628645833333333,1,31657_59655_1,31657_59655
1696,person,0.9254278,9,42,199,348,59752,31657,0.3364583333333333,3,31657_59752_3,31657_59752
1697,person,0.8771366,167,39,309,351,59752,31657,0.2563888888888889,1,31657_59752_1,31657_59752
1698,person,0.85283935,335,29,475,360,59752,31657,0.2681712962962963,2,31657_59752_2,31657_59752
1699,person,0.656041,193,66,294,310,59752,31657,0.1426157407407407,0,31657_59752_0,31657_59752
1700,person,0.94354165,2,41,218,356,59849,31657,0.39375,3,31657_59849_3,31657_59849
1701,person,0.93106747,260,33,477,359,59849,31657,0.4093865740740741,4,31657_59849_4,31657_59849
1702,person,0.9060465,160,57,320,357,59849,31657,0.2777777777777778,2,31657_59849_2,31657_59849
1703,person,0.8378799000000001,185,48,425,357,59849,31657,0.4291666666666665,5,31657_59849_5,31657_59849
1704,tie,0.66162753,392,155,416,197,59849,31657,0.0058333333333333,0,31657_59849_0,31657_59849
1705,person,0.5463549,193,62,298,311,59849,31657,0.1513020833333333,1,31657_59849_1,31657_59849
1706,person,0.9140518,22,54,202,349,59946,31657,0.3072916666666667,3,31657_59946_3,31657_59946
1707,person,0.910896,285,31,478,360,59946,31657,0.3674594907407408,4,31657_59946_4,31657_59946
1708,person,0.7910083000000001,166,66,343,356,59946,31657,0.2970486111111111,2,31657_59946_2,31657_59946
1709,tie,0.62696403,388,146,413,197,59946,31657,0.0073784722222222,0,31657_59946_0,31657_59946
1710,person,0.58951813,182,75,297,320,59946,31657,0.1630497685185185,1,31657_59946_1,31657_59946
1711,person,0.97289795,337,138,390,321,60043,31657,0.0561284722222222,0,31657_60043_0,31657_60043
1712,person,0.9932381,178,148,265,325,60140,31657,0.0891145833333333,0,31657_60140_0,31657_60140
1713,person,0.9934278,196,142,272,328,60237,31657,0.0818055555555555,0,31657_60237_0,31657_60237
1714,person,0.63844734,155,150,211,201,60334,31657,0.0165277777777777,0,31657_60334_0,31657_60334
1715,chair,0.5907916,0,171,97,359,60431,31657,0.1055324074074074,0,31657_60431_0,31657_60431
1716,person,0.98192936,299,110,427,353,60528,31657,0.18,0,31657_60528_0,31657_60528
1717,person,0.95123106,298,84,395,358,60625,31657,0.1538078703703703,0,31657_60625_0,31657_60625
1718,chair,0.7640099,0,161,165,350,60625,31657,0.18046875,1,31657_60625_1,31657_60625
1719,chair,0.611847,0,43,129,354,60625,31657,0.2321701388888889,2,31657_60625_2,31657_60625
1720,person,0.91987705,319,65,441,360,60722,31657,0.2082754629629629,2,31657_60722_2,31657_60722
1721,person,0.6184212,316,112,400,360,60722,31657,0.1205555555555555,0,31657_60722_0,31657_60722
1722,chair,0.50923073,0,178,164,350,60722,31657,0.1632407407407407,1,31657_60722_1,31657_60722
1723,person,0.6018812,367,87,437,303,60916,31657,0.0875,0,31657_60916_0,31657_60916
1724,person,0.9854872,348,69,435,289,61013,31657,0.1107638888888888,1,31657_61013_1,31657_61013
1725,chair,0.92783695,111,195,192,309,61013,31657,0.0534375,0,31657_61013_0,31657_61013
1726,person,0.94738925,275,53,365,351,61110,31657,0.1552083333333333,2,31657_61110_2,31657_61110
1727,chair,0.6773306,125,243,294,350,61110,31657,0.1046469907407407,1,31657_61110_1,31657_61110
1728,chair,0.63733834,21,234,99,295,61110,31657,0.0275347222222222,0,31657_61110_0,31657_61110
1729,person,0.9940572,269,47,376,360,61207,31657,0.1938136574074074,1,31657_61207_1,31657_61207
1730,person,0.6994191999999999,21,190,63,245,61207,31657,0.0133680555555555,0,31657_61207_0,31657_61207
1731,person,0.9560634,232,40,356,360,61304,31657,0.2296296296296297,2,31657_61304_2,31657_61304
1732,chair,0.7635118000000001,172,263,286,353,61304,31657,0.059375,1,31657_61304_1,31657_61304
1733,person,0.55772614,141,196,186,246,61304,31657,0.0130208333333333,0,31657_61304_0,31657_61304
1734,person,0.99593997,205,41,323,357,61401,31657,0.215787037037037,1,31657_61401_1,31657_61401
1735,bed,0.73621583,5,228,248,352,61401,31657,0.174375,0,31657_61401_0,31657_61401
1736,person,0.9947962,220,41,333,356,61498,31657,0.2059895833333333,1,31657_61498_1,31657_61498
1737,bed,0.9876578,25,228,277,355,61498,31657,0.1852083333333333,0,31657_61498_0,31657_61498
1738,person,0.9704865,128,29,282,351,61692,31657,0.2869675925925926,2,31657_61692_2,31657_61692
1739,chair,0.5753759,0,196,67,239,61692,31657,0.0166724537037037,0,31657_61692_0,31657_61692
1740,umbrella,0.5222942,354,158,470,238,61692,31657,0.0537037037037037,1,31657_61692_1,31657_61692
1741,person,0.97226375,137,38,275,358,61789,31657,0.2555555555555555,1,31657_61789_1,31657_61789
1742,tie,0.6020916000000001,203,126,222,181,61789,31657,0.0060474537037037,0,31657_61789_0,31657_61789
1743,person,0.993494,155,26,298,304,61886,31657,0.2300578703703704,0,31657_61886_0,31657_61886
1744,person,0.99644667,179,14,323,352,61983,31657,0.2816666666666667,1,31657_61983_1,31657_61983
1745,tie,0.7164213,236,107,252,172,61983,31657,0.0060185185185185,0,31657_61983_0,31657_61983
1746,person,0.99504083,155,28,303,356,62080,31657,0.2809259259259259,1,31657_62080_1,31657_62080
1747,tie,0.6077773,212,119,231,176,62080,31657,0.0062673611111111,0,31657_62080_0,31657_62080
1748,person,0.9951414,20,51,177,356,62177,31657,0.2771122685185185,2,31657_62177_2,31657_62177
1749,person,0.9942992,262,38,397,358,62177,31657,0.25,1,31657_62177_1,31657_62177
1750,person,0.926255,372,46,480,318,62177,31657,0.17,0,31657_62177_0,31657_62177
1751,person,0.99107975,173,35,322,360,62274,31657,0.2802372685185185,2,31657_62274_2,31657_62274
1752,person,0.9906725,323,36,470,349,62274,31657,0.2662673611111111,1,31657_62274_1,31657_62274
1753,person,0.97897106,38,55,188,358,62274,31657,0.2630208333333333,0,31657_62274_0,31657_62274
1754,person,0.9897335,324,36,475,356,62371,31657,0.2796296296296296,2,31657_62371_2,31657_62371
1755,person,0.98896605,200,29,336,360,62371,31657,0.2605092592592593,1,31657_62371_1,31657_62371
1756,person,0.98615205,49,43,184,360,62371,31657,0.24765625,0,31657_62371_0,31657_62371
1757,person,0.9897619,203,22,335,360,62468,31657,0.2581944444444444,0,31657_62468_0,31657_62468
1758,person,0.9880102,38,45,187,357,62468,31657,0.2690277777777777,1,31657_62468_1,31657_62468
1759,person,0.98674077,327,31,474,350,62468,31657,0.2713715277777778,2,31657_62468_2,31657_62468
1760,person,0.99606615,127,20,423,356,62565,31657,0.5755555555555556,2,31657_62565_2,31657_62565
1761,tie,0.5853736999999999,248,195,323,351,62565,31657,0.0677083333333333,1,31657_62565_1,31657_62565
1762,tie,0.5283285,244,186,276,337,62565,31657,0.0279629629629629,0,31657_62565_0,31657_62565
1763,person,0.99336797,35,13,185,353,62662,31657,0.2951388888888889,2,31657_62662_2,31657_62662
1764,person,0.98672444,259,48,443,360,62662,31657,0.3322222222222222,3,31657_62662_3,31657_62662
1765,person,0.9726151,166,61,336,356,62662,31657,0.2902199074074074,1,31657_62662_1,31657_62662
1766,tie,0.5970499,119,123,148,207,62662,31657,0.0140972222222222,0,31657_62662_0,31657_62662
1767,person,0.9929102,26,21,191,354,62759,31657,0.31796875,3,31657_62759_3,31657_62759
1768,person,0.9850306,303,37,445,360,62759,31657,0.2654282407407407,1,31657_62759_1,31657_62759
1769,person,0.98096,171,55,330,358,62759,31657,0.2788020833333333,2,31657_62759_2,31657_62759
1770,tie,0.72861344,116,122,141,202,62759,31657,0.011574074074074,0,31657_62759_0,31657_62759
1771,person,0.9892474,26,22,190,352,62856,31657,0.3131944444444444,3,31657_62856_3,31657_62856
1772,person,0.9866955,341,46,479,359,62856,31657,0.2499652777777777,1,31657_62856_1,31657_62856
1773,person,0.9791784,171,63,322,351,62856,31657,0.2516666666666666,2,31657_62856_2,31657_62856
1774,tie,0.5189556,114,119,144,205,62856,31657,0.0149305555555555,0,31657_62856_0,31657_62856
1775,person,0.9901462,22,14,163,358,62953,31657,0.2806944444444445,2,31657_62953_2,31657_62953
1776,person,0.98645663,350,31,462,360,62953,31657,0.2132407407407408,0,31657_62953_0,31657_62953
1777,person,0.9840996,154,67,302,354,62953,31657,0.2458101851851852,1,31657_62953_1,31657_62953
1778,person,0.9890149,22,13,163,355,63050,31657,0.2790625,2,31657_63050_2,31657_63050
1779,person,0.97870386,151,65,310,355,63050,31657,0.2668402777777778,1,31657_63050_1,31657_63050
1780,person,0.97778237,369,59,480,359,63050,31657,0.1927083333333333,0,31657_63050_0,31657_63050
1781,person,0.98962736,63,24,228,348,63147,31657,0.309375,3,31657_63147_3,31657_63147
1782,person,0.98863274,223,72,383,360,63147,31657,0.2666666666666666,2,31657_63147_2,31657_63147
1783,tie,0.6723134,164,123,190,207,63147,31657,0.0126388888888888,1,31657_63147_1,31657_63147
1784,tie,0.5683186,156,121,180,207,63147,31657,0.0119444444444444,0,31657_63147_0,31657_63147
1785,person,0.9918256,105,57,242,356,63244,31657,0.2370543981481481,0,31657_63244_0,31657_63244
1786,person,0.9903286,222,42,354,356,63244,31657,0.2398611111111111,1,31657_63244_1,31657_63244
1787,person,0.9971852,74,77,390,333,63341,31657,0.4681481481481482,0,31657_63341_0,31657_63341
1788,person,0.97312635,113,8,262,339,63438,31657,0.2854108796296296,0,31657_63438_0,31657_63438
1789,person,0.9619919,169,133,388,360,63438,31657,0.2876909722222222,1,31657_63438_1,31657_63438
1790,person,0.9891661,291,23,423,359,63535,31657,0.2566666666666666,2,31657_63535_2,31657_63535
1791,person,0.9834268,9,118,149,343,63535,31657,0.1822916666666666,1,31657_63535_1,31657_63535
1792,person,0.96303314,139,140,276,337,63535,31657,0.1561863425925926,0,31657_63535_0,31657_63535
1793,person,0.9917086,280,63,457,351,63632,31657,0.295,2,31657_63632_2,31657_63632
1794,person,0.9868181,144,144,294,353,63632,31657,0.1814236111111111,0,31657_63632_0,31657_63632
1795,person,0.9823569,22,123,164,353,63632,31657,0.1890046296296296,1,31657_63632_1,31657_63632
1796,person,0.9937791,222,38,460,359,63729,31657,0.4421180555555556,3,31657_63729_3,31657_63729
1797,person,0.98415506,0,25,216,352,63729,31657,0.40875,2,31657_63729_2,31657_63729
1798,tie,0.9104493,332,173,362,288,63729,31657,0.0199652777777777,0,31657_63729_0,31657_63729
1799,chair,0.59688044,139,111,235,271,63729,31657,0.0888888888888888,1,31657_63729_1,31657_63729
1800,person,0.99498343,249,45,469,354,63826,31657,0.3934027777777777,2,31657_63826_2,31657_63826
1801,person,0.988189,0,35,244,357,63826,31657,0.4546759259259259,3,31657_63826_3,31657_63826
1802,tie,0.65236,352,170,378,280,63826,31657,0.0165509259259259,0,31657_63826_0,31657_63826
1803,chair,0.56538945,149,111,255,250,63826,31657,0.0852662037037037,1,31657_63826_1,31657_63826
1804,person,0.9846095,20,123,151,346,63923,31657,0.1690567129629629,1,31657_63923_1,31657_63923
1805,person,0.9833013,239,27,429,358,63923,31657,0.3639467592592592,3,31657_63923_3,31657_63923
1806,person,0.97663546,138,111,312,353,63923,31657,0.2436805555555556,2,31657_63923_2,31657_63923
1807,tie,0.5279811,193,186,217,260,63923,31657,0.0102777777777777,0,31657_63923_0,31657_63923
1808,person,0.99453306,290,46,440,356,64020,31657,0.2690972222222222,2,31657_64020_2,31657_64020
1809,person,0.99135065,20,121,161,357,64020,31657,0.1925694444444445,0,31657_64020_0,31657_64020
1810,person,0.98457664,142,112,308,358,64020,31657,0.2363194444444444,1,31657_64020_1,31657_64020
1811,person,0.98897636,23,126,175,355,64117,31657,0.2014351851851852,0,31657_64117_0,31657_64117
1812,person,0.9815624,307,25,438,360,64117,31657,0.2539641203703704,2,31657_64117_2,31657_64117
1813,person,0.9804897,144,115,311,348,64117,31657,0.2251793981481481,1,31657_64117_1,31657_64117
1814,person,0.9940258,280,37,459,359,64214,31657,0.3335532407407407,2,31657_64214_2,31657_64214
1815,person,0.9863231,147,117,305,351,64214,31657,0.2139583333333333,1,31657_64214_1,31657_64214
1816,person,0.9824516,20,124,171,357,64214,31657,0.203605324074074,0,31657_64214_0,31657_64214
1817,person,0.9915957,303,11,431,358,64311,31657,0.257037037037037,2,31657_64311_2,31657_64311
1818,person,0.9848446,42,70,262,360,64311,31657,0.3692129629629629,3,31657_64311_3,31657_64311
1819,person,0.5647621,62,0,122,92,64311,31657,0.0319444444444444,1,31657_64311_1,31657_64311
1820,clock,0.5191207,275,92,306,132,64311,31657,0.0071759259259259,0,31657_64311_0,31657_64311
1821,person,0.995565,80,115,328,360,64408,31657,0.3516203703703704,0,31657_64408_0,31657_64408
1822,person,0.9903448,46,59,226,342,64505,31657,0.2947916666666667,1,31657_64505_1,31657_64505
1823,person,0.958223,218,77,372,309,64505,31657,0.2067592592592592,0,31657_64505_0,31657_64505
1824,person,0.5563719,15,84,315,352,64505,31657,0.4652777777777778,2,31657_64505_2,31657_64505
1825,person,0.9926923,58,62,273,360,64602,31657,0.370775462962963,1,31657_64602_1,31657_64602
1826,person,0.97353053,218,81,376,340,64602,31657,0.2368171296296296,0,31657_64602_0,31657_64602
1827,person,0.990229,46,58,267,355,64699,31657,0.37984375,1,31657_64699_1,31657_64699
1828,person,0.96439505,220,82,375,296,64699,31657,0.1919560185185185,0,31657_64699_0,31657_64699
1829,person,0.9905821,40,58,334,354,64796,31657,0.5036111111111111,2,31657_64796_2,31657_64796
1830,person,0.8905674000000001,224,80,371,304,64796,31657,0.1905555555555556,0,31657_64796_0,31657_64796
1831,person,0.5920533,220,71,431,348,64796,31657,0.3382349537037037,1,31657_64796_1,31657_64796
1832,person,0.6287384,11,0,363,360,64893,31657,0.7333333333333333,1,31657_64893_1,31657_64893
1833,chair,0.5900911999999999,294,99,399,249,64893,31657,0.0911458333333333,0,31657_64893_0,31657_64893
1834,person,0.9884086,144,37,285,360,64990,31657,0.2635590277777778,2,31657_64990_2,31657_64990
1835,person,0.9847462,253,25,369,352,64990,31657,0.2195138888888889,1,31657_64990_1,31657_64990
1836,person,0.6769783,221,31,330,351,64990,31657,0.2018518518518518,0,31657_64990_0,31657_64990
1837,person,0.99602145,66,17,239,358,65087,31657,0.3413946759259259,2,31657_65087_2,31657_65087
1838,person,0.989622,269,49,398,355,65087,31657,0.2284375,1,31657_65087_1,31657_65087
1839,chair,0.5565146,393,230,476,354,65087,31657,0.0595601851851851,0,31657_65087_0,31657_65087
1840,person,0.9726758,102,50,249,351,65184,31657,0.2560590277777778,1,31657_65184_1,31657_65184
1841,person,0.9303333,241,113,413,359,65184,31657,0.2448611111111111,0,31657_65184_0,31657_65184
1842,person,0.9946404,259,26,384,360,65281,31657,0.2416087962962963,0,31657_65281_0,31657_65281
1843,person,0.9900177,63,30,220,356,65281,31657,0.2961921296296296,1,31657_65281_1,31657_65281
1844,person,0.9970994,244,34,418,354,65378,31657,0.3222222222222222,0,31657_65378_0,31657_65378
1845,person,0.99293846,95,38,283,354,65378,31657,0.3437962962962963,1,31657_65378_1,31657_65378
1846,person,0.99904495,261,29,419,359,65475,31657,0.3017361111111111,1,31657_65475_1,31657_65475
1847,person,0.9876824,73,38,222,359,65475,31657,0.2767881944444445,0,31657_65475_0,31657_65475
1848,person,0.99608517,216,52,363,360,65572,31657,0.2620138888888889,0,31657_65572_0,31657_65572
1849,person,0.98681927,75,24,218,351,65572,31657,0.2706076388888889,1,31657_65572_1,31657_65572
1850,person,0.99161375,68,38,265,360,65669,31657,0.3670949074074074,1,31657_65669_1,31657_65669
1851,person,0.9892636,252,67,380,360,65669,31657,0.217037037037037,0,31657_65669_0,31657_65669
1852,person,0.99090564,110,30,280,355,65863,31657,0.3197337962962963,2,31657_65863_2,31657_65863
1853,person,0.98161846,246,82,389,349,65863,31657,0.2209548611111111,1,31657_65863_1,31657_65863
1854,tie,0.6460365,173,120,191,203,65863,31657,0.0086458333333333,0,31657_65863_0,31657_65863
1855,person,0.99522,84,39,258,352,65960,31657,0.3151736111111111,1,31657_65960_1,31657_65960
1856,person,0.9666891,242,88,369,344,65960,31657,0.188148148148148,0,31657_65960_0,31657_65960
1857,person,0.9852042,98,97,260,356,66057,31657,0.2428125,1,31657_66057_1,31657_66057
1858,person,0.950888,227,91,366,335,66057,31657,0.1962731481481481,0,31657_66057_0,31657_66057
1859,truck,0.5065738000000001,0,0,480,345,66154,31657,0.9583333333333334,0,31657_66154_0,31657_66154
1860,person,0.98958594,82,70,249,329,66251,31657,0.250306712962963,0,31657_66251_0,31657_66251
1861,person,0.98964405,257,47,432,352,66251,31657,0.3088831018518518,1,31657_66251_1,31657_66251
1862,person,0.99013466,91,40,271,341,66348,31657,0.3135416666666666,2,31657_66348_2,31657_66348
1863,person,0.9880788,237,50,393,356,66348,31657,0.27625,1,31657_66348_1,31657_66348
1864,tie,0.57443583,175,119,193,180,66348,31657,0.0063541666666666,0,31657_66348_0,31657_66348
1865,person,0.9907527,89,36,254,341,66445,31657,0.2912326388888889,0,31657_66445_0,31657_66445
1866,person,0.9858403,197,52,389,350,66445,31657,0.3311111111111111,1,31657_66445_1,31657_66445
1867,truck,0.5298276999999999,0,0,480,335,66542,31657,0.9305555555555556,0,31657_66542_0,31657_66542
1868,person,0.9846656,112,41,289,349,66639,31657,0.3154861111111111,2,31657_66639_2,31657_66639
1869,person,0.9776187,277,39,421,351,66639,31657,0.26,1,31657_66639_1,31657_66639
1870,tie,0.6772518,186,134,212,197,66639,31657,0.0094791666666666,0,31657_66639_0,31657_66639
1871,person,0.9894616,96,26,278,354,66736,31657,0.3454629629629629,1,31657_66736_1,31657_66736
1872,person,0.9831004,253,39,406,354,66736,31657,0.27890625,0,31657_66736_0,31657_66736
1873,person,0.99088776,100,20,284,345,66833,31657,0.3460648148148148,2,31657_66833_2,31657_66833
1874,person,0.9819557,268,39,411,354,66833,31657,0.2606770833333333,1,31657_66833_1,31657_66833
1875,tie,0.53761536,188,113,205,192,66833,31657,0.0077719907407407,0,31657_66833_0,31657_66833
1876,person,0.98832625,229,38,405,356,66930,31657,0.3238888888888889,1,31657_66930_1,31657_66930
1877,person,0.9066227,103,202,206,305,66930,31657,0.0613946759259259,0,31657_66930_0,31657_66930
1878,person,0.96390283,117,53,265,301,67027,31657,0.2124074074074074,2,31657_67027_2,31657_67027
1879,bottle,0.744792,389,117,413,180,67027,31657,0.00875,0,31657_67027_0,31657_67027
1880,bottle,0.62987596,274,215,367,292,67027,31657,0.0414409722222222,1,31657_67027_1,31657_67027
1881,person,0.9943802,156,37,323,330,67124,31657,0.2831655092592593,0,31657_67124_0,31657_67124
1882,person,0.9960794,123,88,370,360,67221,31657,0.3887962962962963,2,31657_67221_2,31657_67221
1883,chair,0.708611,241,189,455,360,67221,31657,0.2117708333333332,1,31657_67221_1,31657_67221
1884,chair,0.5509341999999999,247,250,397,350,67221,31657,0.0868055555555555,0,31657_67221_0,31657_67221
1885,person,0.9871011,196,93,372,347,67318,31657,0.2587037037037037,0,31657_67318_0,31657_67318
1886,person,0.9765653,146,34,280,319,67415,31657,0.2210069444444444,3,31657_67415_3,31657_67415
1887,tie,0.66066104,208,113,225,186,67415,31657,0.0071817129629629,0,31657_67415_0,31657_67415
1888,tie,0.6464205,213,111,234,187,67415,31657,0.0092361111111111,1,31657_67415_1,31657_67415
1889,chair,0.5948025,113,254,293,350,67415,31657,0.1,2,31657_67415_2,31657_67415
1890,person,0.9797453000000002,147,44,255,292,67512,31657,0.155,0,31657_67512_0,31657_67512
1891,person,0.995295,238,58,386,359,67609,31657,0.2578009259259259,0,31657_67609_0,31657_67609
1892,bed,0.69714296,23,163,306,360,67609,31657,0.3226331018518518,1,31657_67609_1,31657_67609
1893,person,0.9980596,152,124,365,360,67706,31657,0.2909027777777778,0,31657_67706_0,31657_67706
1894,person,0.9989398000000002,171,86,380,350,67803,31657,0.3193055555555556,0,31657_67803_0,31657_67803
1895,person,0.58810073,123,239,186,343,67997,31657,0.0379166666666666,0,31657_67997_0,31657_67997
1896,person,0.6073850000000001,260,41,337,264,68094,31657,0.0993692129629629,0,31657_68094_0,31657_68094
1897,car,0.5995505,288,259,478,342,68288,31657,0.091261574074074,0,31657_68288_0,31657_68288
1898,person,0.96433496,135,112,228,344,68385,31657,0.1248611111111111,0,31657_68385_0,31657_68385
1899,person,0.97499555,127,37,220,354,68482,31657,0.1706076388888888,0,31657_68482_0,31657_68482
1900,person,0.9041251,226,68,351,355,68482,31657,0.2076099537037037,1,31657_68482_1,31657_68482
1901,person,0.98265785,198,71,370,359,68579,31657,0.2866666666666667,1,31657_68579_1,31657_68579
1902,person,0.95719117,94,35,239,360,68579,31657,0.2727141203703703,0,31657_68579_0,31657_68579
1903,person,0.6861331,15,11,427,339,68676,31657,0.7820370370370371,0,31657_68676_0,31657_68676
1904,person,0.9903148,131,40,261,360,68773,31657,0.2407407407407408,1,31657_68773_1,31657_68773
1905,person,0.9869546,352,91,476,357,68773,31657,0.1908796296296296,0,31657_68773_0,31657_68773
1906,person,0.9912198,36,26,293,360,68870,31657,0.4967476851851852,1,31657_68870_1,31657_68870
1907,person,0.60898674,146,29,333,333,68870,31657,0.3289814814814815,0,31657_68870_0,31657_68870
1908,person,0.9916837,123,31,286,356,69064,31657,0.306568287037037,1,31657_69064_1,31657_69064
1909,tie,0.5919367,169,115,211,224,69064,31657,0.0264930555555555,0,31657_69064_0,31657_69064
1910,person,0.98756313,292,60,470,354,69161,31657,0.3028472222222222,1,31657_69161_1,31657_69161
1911,person,0.98594713,123,36,290,359,69161,31657,0.3121585648148148,2,31657_69161_2,31657_69161
1912,vase,0.8335806999999998,85,142,148,287,69161,31657,0.0528645833333333,0,31657_69161_0,31657_69161
1913,person,0.9926853,115,42,296,360,69258,31657,0.3330902777777778,2,31657_69258_2,31657_69258
1914,person,0.98466337,297,54,466,351,69258,31657,0.29046875,1,31657_69258_1,31657_69258
1915,vase,0.7055423000000001,76,140,143,299,69258,31657,0.0616493055555555,0,31657_69258_0,31657_69258
1916,person,0.99156547,116,20,286,359,69355,31657,0.3335069444444444,2,31657_69355_2,31657_69355
1917,person,0.9895885,280,58,455,357,69355,31657,0.3028067129629629,1,31657_69355_1,31657_69355
1918,tie,0.8183437,202,115,223,193,69355,31657,0.0094791666666666,0,31657_69355_0,31657_69355
1919,person,0.99164057,118,28,311,359,69452,31657,0.369693287037037,4,31657_69452_4,31657_69452
1920,person,0.9802287,269,55,454,349,69452,31657,0.3147569444444445,3,31657_69452_3,31657_69452
1921,tie,0.6709683000000001,195,111,222,211,69452,31657,0.015625,1,31657_69452_1,31657_69452
1922,tie,0.6242726,189,114,214,210,69452,31657,0.0138888888888888,0,31657_69452_0,31657_69452
1923,vase,0.5932576,59,147,126,299,69452,31657,0.0589351851851851,2,31657_69452_2,31657_69452
1924,person,0.9915891,76,23,256,360,69549,31657,0.3510416666666666,1,31657_69549_1,31657_69549
1925,person,0.9846251,275,63,454,349,69549,31657,0.296261574074074,0,31657_69549_0,31657_69549
1926,person,0.9901333,62,28,262,360,69646,31657,0.3842592592592592,1,31657_69646_1,31657_69646
1927,person,0.9859242,267,63,425,347,69646,31657,0.2596759259259259,0,31657_69646_0,31657_69646
1928,person,0.9932411,138,48,292,358,69840,31657,0.2762731481481481,0,31657_69840_0,31657_69840
1929,person,0.9918258,75,56,252,349,70034,31657,0.3001215277777778,0,31657_70034_0,31657_70034
1930,person,0.9714878,180,27,381,308,70131,31657,0.3268576388888889,0,31657_70131_0,31657_70131
1931,person,0.97435343,93,21,314,355,70325,31657,0.4271643518518519,1,31657_70325_1,31657_70325
1932,car,0.6520538,254,76,393,160,70325,31657,0.0675694444444444,0,31657_70325_0,31657_70325
1933,person,0.953531,99,46,312,348,70519,31657,0.3722569444444445,0,31657_70519_0,31657_70519
1934,person,0.9250532,307,168,429,347,70616,31657,0.1263773148148148,1,31657_70616_1,31657_70616
1935,person,0.76750636,123,59,268,324,70616,31657,0.2223668981481481,2,31657_70616_2,31657_70616
1936,person,0.6233879,180,7,249,182,70616,31657,0.0698784722222222,0,31657_70616_0,31657_70616
1937,person,0.9785438,137,24,252,360,70713,31657,0.2236111111111111,2,31657_70713_2,31657_70713
1938,person,0.9598591,320,161,426,336,70713,31657,0.107349537037037,1,31657_70713_1,31657_70713
1939,person,0.8447370999999999,0,40,49,314,70713,31657,0.0776967592592592,0,31657_70713_0,31657_70713
1940,person,0.98851645,143,45,243,358,70810,31657,0.1811342592592592,3,31657_70810_3,31657_70810
1941,person,0.9214286,321,163,421,335,70810,31657,0.099537037037037,1,31657_70810_1,31657_70810
1942,person,0.7851255,269,165,428,349,70810,31657,0.1693055555555555,2,31657_70810_2,31657_70810
1943,person,0.7739635,1,45,50,312,70810,31657,0.0757118055555555,0,31657_70810_0,31657_70810
1944,person,0.9789315,141,36,239,352,70907,31657,0.1792129629629629,4,31657_70907_4,31657_70907
1945,person,0.90931743,331,153,428,343,70907,31657,0.1066550925925926,1,31657_70907_1,31657_70907
1946,person,0.71698093,1,52,52,308,70907,31657,0.0755555555555555,0,31657_70907_0,31657_70907
1947,person,0.5697466,286,155,446,348,70907,31657,0.1787037037037037,3,31657_70907_3,31657_70907
1948,chair,0.50410527,36,194,160,353,70907,31657,0.1140972222222222,2,31657_70907_2,31657_70907
1949,person,0.976914,68,176,228,360,71004,31657,0.1703703703703703,3,31657_71004_3,31657_71004
1950,person,0.948005,305,159,425,343,71004,31657,0.1277777777777777,2,31657_71004_2,31657_71004
1951,person,0.8778101999999999,3,52,55,311,71004,31657,0.0779398148148148,1,31657_71004_1,31657_71004
1952,person,0.6341309,265,68,350,202,71004,31657,0.0659143518518518,0,31657_71004_0,31657_71004
1953,person,0.76107264,22,89,120,281,71101,31657,0.1088888888888888,0,31657_71101_0,31657_71101
1954,person,0.9851864,122,37,409,359,71198,31657,0.5348032407407407,2,31657_71198_2,31657_71198
1955,tie,0.9433451,221,175,244,251,71198,31657,0.0101157407407407,0,31657_71198_0,31657_71198
1956,tie,0.5294854999999999,224,168,252,278,71198,31657,0.017824074074074,1,31657_71198_1,31657_71198
1957,person,0.9917806999999998,89,31,424,355,71295,31657,0.628125,0,31657_71295_0,31657_71295
1958,person,0.9728863,103,22,381,350,71392,31657,0.5276851851851851,2,31657_71392_2,31657_71392
1959,tie,0.8450523999999999,204,167,279,349,71392,31657,0.0789930555555555,0,31657_71392_0,31657_71392
1960,tie,0.6465043,186,154,263,343,71392,31657,0.08421875,1,31657_71392_1,31657_71392
1961,person,0.9893176,143,40,394,358,71489,31657,0.4619097222222222,1,31657_71489_1,31657_71489
1962,tie,0.52680576,232,195,266,290,71489,31657,0.0186921296296296,0,31657_71489_0,31657_71489
1963,person,0.9587146,133,40,253,356,71586,31657,0.2194444444444444,0,31657_71586_0,31657_71586
1964,person,0.6265002,0,31,162,355,71586,31657,0.30375,1,31657_71586_1,31657_71586
1965,person,0.8455509,295,9,393,284,71683,31657,0.1559606481481481,0,31657_71683_0,31657_71683
1966,person,0.96985066,174,128,345,356,71780,31657,0.225625,0,31657_71780_0,31657_71780
1967,person,0.9941011,155,41,341,358,71877,31657,0.3412152777777777,0,31657_71877_0,31657_71877
1968,person,0.9242298,61,47,380,350,71974,31657,0.5593576388888889,0,31657_71974_0,31657_71974
1969,person,0.5297603,120,9,464,358,71974,31657,0.6947685185185185,1,31657_71974_1,31657_71974
1970,person,0.95820713,56,39,346,347,72071,31657,0.5168981481481482,1,31657_72071_1,31657_72071
1971,person,0.6811619999999999,277,0,480,349,72071,31657,0.4099942129629629,0,31657_72071_0,31657_72071
1972,person,0.57663924,132,15,477,354,72071,31657,0.6768229166666667,2,31657_72071_2,31657_72071
1973,person,0.9084174,76,22,421,353,72168,31657,0.6608506944444444,1,31657_72168_1,31657_72168
1974,person,0.57194626,261,0,480,359,72168,31657,0.4549826388888889,0,31657_72168_0,31657_72168
1975,person,0.93537974,61,13,417,349,72265,31657,0.6922222222222222,1,31657_72265_1,31657_72265
1976,person,0.6455528,250,4,480,345,72265,31657,0.4538773148148148,0,31657_72265_0,31657_72265
1977,person,0.9883222,151,58,303,358,72362,31657,0.2638888888888889,1,31657_72362_1,31657_72362
1978,person,0.6902263000000001,1,84,69,335,72362,31657,0.0987731481481481,0,31657_72362_0,31657_72362
1979,person,0.9856125,118,52,257,360,72459,31657,0.2477546296296297,1,31657_72459_1,31657_72459
1980,person,0.9847436,298,33,447,359,72459,31657,0.281099537037037,2,31657_72459_2,31657_72459
1981,person,0.7765006,208,54,377,353,72459,31657,0.2924247685185185,3,31657_72459_3,31657_72459
1982,sink,0.5682599,6,323,56,360,72459,31657,0.0107060185185185,0,31657_72459_0,31657_72459
1983,person,0.98632985,304,25,434,356,72556,31657,0.2490162037037037,3,31657_72556_3,31657_72556
1984,person,0.98455185,212,76,304,354,72556,31657,0.1480092592592592,1,31657_72556_1,31657_72556
1985,person,0.9759135,101,70,238,339,72556,31657,0.2132696759259259,2,31657_72556_2,31657_72556
1986,sink,0.50328463,0,323,109,360,72556,31657,0.0233391203703703,0,31657_72556_0,31657_72556
1987,person,0.97997576,299,24,426,357,72653,31657,0.2447395833333333,2,31657_72653_2,31657_72653
1988,person,0.97603196,99,59,223,356,72653,31657,0.213125,0,31657_72653_0,31657_72653
1989,person,0.96011484,186,72,319,354,72653,31657,0.2170486111111111,1,31657_72653_1,31657_72653
1990,person,0.97610724,301,21,419,354,72750,31657,0.2273958333333333,1,31657_72750_1,31657_72750
1991,person,0.97510433,79,64,226,355,72750,31657,0.2475520833333333,2,31657_72750_2,31657_72750
1992,person,0.95868987,198,76,307,349,72750,31657,0.1722048611111111,0,31657_72750_0,31657_72750
1993,person,0.98561066,307,23,420,359,72847,31657,0.2197222222222222,2,31657_72847_2,31657_72847
1994,person,0.9656636,83,63,218,349,72847,31657,0.2234375,3,31657_72847_3,31657_72847
1995,person,0.92592335,190,79,311,353,72847,31657,0.1918634259259259,0,31657_72847_0,31657_72847
1996,person,0.6359934,145,70,276,354,72847,31657,0.2153009259259259,1,31657_72847_1,31657_72847
1997,person,0.9831576,77,62,226,354,72944,31657,0.2517824074074074,3,31657_72944_3,31657_72944
1998,cup,0.72070897,66,304,98,341,72944,31657,0.0068518518518518,0,31657_72944_0,31657_72944
1999,microwave,0.51994205,260,231,384,357,72944,31657,0.0904166666666666,2,31657_72944_2,31657_72944
2000,person,0.5110579000000001,87,56,132,162,72944,31657,0.0276041666666666,1,31657_72944_1,31657_72944
2001,person,0.9900136,145,67,260,357,73041,31657,0.1929976851851852,1,31657_73041_1,31657_73041
2002,person,0.9393625,312,32,389,360,73041,31657,0.1461574074074074,0,31657_73041_0,31657_73041
2003,person,0.9972898,99,75,210,357,73138,31657,0.1811458333333333,1,31657_73138_1,31657_73138
2004,person,0.9898858,299,31,386,359,73138,31657,0.1651388888888889,0,31657_73138_0,31657_73138
2005,person,0.9926851,125,67,212,347,73235,31657,0.1409722222222222,1,31657_73235_1,31657_73235
2006,person,0.85132515,106,107,152,324,73235,31657,0.0577662037037037,0,31657_73235_0,31657_73235
2007,person,0.99696594,267,62,366,354,73332,31657,0.1672916666666666,1,31657_73332_1,31657_73332
2008,person,0.9428019,179,91,283,344,73332,31657,0.1522685185185185,0,31657_73332_0,31657_73332
2009,chair,0.8904757,29,206,253,358,73332,31657,0.197037037037037,2,31657_73332_2,31657_73332
2010,person,0.99450976,263,55,379,350,73429,31657,0.1980324074074074,2,31657_73429_2,31657_73429
2011,person,0.97842556,83,183,209,353,73429,31657,0.1239583333333333,1,31657_73429_1,31657_73429
2012,chair,0.55300516,23,203,115,358,73429,31657,0.0825231481481481,0,31657_73429_0,31657_73429
2013,person,0.99527454,278,43,388,346,73526,31657,0.1928819444444444,2,31657_73526_2,31657_73526
2014,person,0.79743016,94,173,242,325,73526,31657,0.1301851851851851,1,31657_73526_1,31657_73526
2015,chair,0.7064974,211,187,306,298,73526,31657,0.0610243055555555,0,31657_73526_0,31657_73526
2016,person,0.98544747,283,38,381,350,73623,31657,0.1769444444444444,2,31657_73623_2,31657_73623
2017,person,0.8856224,100,176,250,333,73623,31657,0.1362847222222222,1,31657_73623_1,31657_73623
2018,chair,0.5147329,210,191,302,295,73623,31657,0.0553703703703703,0,31657_73623_0,31657_73623
2019,person,0.99457777,283,35,382,329,73720,31657,0.1684375,3,31657_73720_3,31657_73720
2020,person,0.8665944999999999,119,164,249,290,73720,31657,0.0947916666666666,0,31657_73720_0,31657_73720
2021,person,0.7551640000000001,118,167,267,348,73720,31657,0.1560706018518518,2,31657_73720_2,31657_73720
2022,chair,0.6050741,94,190,225,360,73720,31657,0.1288773148148148,1,31657_73720_1,31657_73720
2023,person,0.99360657,290,36,381,335,73817,31657,0.1574594907407407,6,31657_73817_6,31657_73817
2024,person,0.8933677999999999,110,165,249,287,73817,31657,0.098136574074074,3,31657_73817_3,31657_73817
2025,person,0.80978894,115,159,266,338,73817,31657,0.156417824074074,5,31657_73817_5,31657_73817
2026,chair,0.7288812,229,172,310,284,73817,31657,0.0525,0,31657_73817_0,31657_73817
2027,chair,0.63492626,155,264,266,358,73817,31657,0.0603819444444444,1,31657_73817_1,31657_73817
2028,chair,0.50474566,95,194,214,360,73817,31657,0.1143171296296296,4,31657_73817_4,31657_73817
2029,refrigerator,0.5033793,389,162,478,346,73817,31657,0.0947685185185185,2,31657_73817_2,31657_73817
2030,person,0.9931718,290,32,396,333,73914,31657,0.1846412037037037,5,31657_73914_5,31657_73914
2031,person,0.9193673,119,165,250,285,73914,31657,0.0909722222222222,1,31657_73914_1,31657_73914
2032,chair,0.8545349,234,161,312,297,73914,31657,0.0613888888888888,0,31657_73914_0,31657_73914
2033,person,0.7154752,114,157,264,340,73914,31657,0.1588541666666666,4,31657_73914_4,31657_73914
2034,refrigerator,0.5456744000000001,389,160,477,348,73914,31657,0.0957407407407407,2,31657_73914_2,31657_73914
2035,chair,0.5000153,101,198,245,360,73914,31657,0.135,3,31657_73914_3,31657_73914
2036,person,0.99542147,282,34,380,338,74011,31657,0.1724074074074074,1,31657_74011_1,31657_74011
2037,person,0.8451911,116,164,270,304,74011,31657,0.1247685185185185,0,31657_74011_0,31657_74011
2038,person,0.9807022,284,37,382,333,74108,31657,0.1678703703703703,3,31657_74108_3,31657_74108
2039,person,0.889467,117,162,260,298,74108,31657,0.1125462962962963,1,31657_74108_1,31657_74108
2040,chair,0.6321517,228,167,311,252,74108,31657,0.0408275462962963,0,31657_74108_0,31657_74108
2041,chair,0.56775916,90,192,261,360,74108,31657,0.16625,2,31657_74108_2,31657_74108
2042,person,0.99872345,312,18,443,347,74205,31657,0.2494155092592593,5,31657_74205_5,31657_74205
2043,person,0.79834175,101,162,259,322,74205,31657,0.1462962962962962,4,31657_74205_4,31657_74205
2044,couch,0.71825695,0,201,69,278,74205,31657,0.0307465277777777,0,31657_74205_0,31657_74205
2045,chair,0.6322504,216,167,308,242,74205,31657,0.0399305555555555,1,31657_74205_1,31657_74205
2046,chair,0.617934,222,187,327,286,74205,31657,0.06015625,3,31657_74205_3,31657_74205
2047,chair,0.5762545,259,198,339,287,74205,31657,0.0412037037037037,2,31657_74205_2,31657_74205
2048,person,0.92808235,36,74,306,360,74302,31657,0.446875,3,31657_74302_3,31657_74302
2049,tie,0.67840743,164,199,217,345,74302,31657,0.0447800925925925,1,31657_74302_1,31657_74302
2050,person,0.6744460999999999,285,25,480,358,74302,31657,0.37578125,2,31657_74302_2,31657_74302
2051,chair,0.65204376,56,92,131,124,74302,31657,0.0138888888888888,0,31657_74302_0,31657_74302
2052,person,0.9580058,55,64,328,360,74399,31657,0.4676388888888889,2,31657_74399_2,31657_74399
2053,person,0.88787687,247,1,478,358,74399,31657,0.4772395833333333,3,31657_74399_3,31657_74399
2054,tie,0.6314026,167,202,217,344,74399,31657,0.0410879629629629,0,31657_74399_0,31657_74399
2055,couch,0.50311005,0,114,175,360,74399,31657,0.2491319444444444,1,31657_74399_1,31657_74399
2056,person,0.90644026,46,56,308,360,74496,31657,0.4609259259259259,2,31657_74496_2,31657_74496
2057,person,0.76352215,265,20,480,359,74496,31657,0.4217881944444444,1,31657_74496_1,31657_74496
2058,tie,0.6697598000000001,167,204,221,344,74496,31657,0.04375,0,31657_74496_0,31657_74496
2059,person,0.99563295,253,30,480,359,74593,31657,0.432193287037037,2,31657_74593_2,31657_74593
2060,person,0.84647644,13,121,201,353,74593,31657,0.2524074074074074,1,31657_74593_1,31657_74593
2061,wine glass,0.6513995,238,270,271,344,74593,31657,0.0141319444444444,0,31657_74593_0,31657_74593
2062,person,0.96933436,15,67,317,360,74690,31657,0.5120717592592593,1,31657_74690_1,31657_74690
2063,person,0.90887153,218,15,480,357,74690,31657,0.5185416666666667,2,31657_74690_2,31657_74690
2064,person,0.6022712,129,49,428,360,74690,31657,0.538130787037037,3,31657_74690_3,31657_74690
2065,person,0.5846656,219,151,314,340,74690,31657,0.10390625,0,31657_74690_0,31657_74690
2066,person,0.9625274,9,67,317,360,74787,31657,0.5222453703703703,3,31657_74787_3,31657_74787
2067,person,0.9447004,251,2,476,350,74787,31657,0.453125,2,31657_74787_2,31657_74787
2068,person,0.7512529,219,132,319,345,74787,31657,0.1232638888888889,0,31657_74787_0,31657_74787
2069,couch,0.74147946,0,105,188,337,74787,31657,0.2524074074074074,1,31657_74787_1,31657_74787
2070,person,0.9280553,40,61,355,360,74884,31657,0.5450520833333333,2,31657_74884_2,31657_74884
2071,person,0.9177561,246,6,478,357,74884,31657,0.47125,1,31657_74884_1,31657_74884
2072,couch,0.58730936,0,106,221,356,74884,31657,0.3197337962962963,0,31657_74884_0,31657_74884
2073,person,0.9954764000000002,235,38,477,358,74981,31657,0.4481481481481481,2,31657_74981_2,31657_74981
2074,person,0.76307774,11,104,234,355,74981,31657,0.3239178240740741,1,31657_74981_1,31657_74981
2075,person,0.5450854,6,109,150,279,74981,31657,0.1416666666666666,0,31657_74981_0,31657_74981
2076,person,0.9603036,212,3,475,359,75078,31657,0.5418287037037037,3,31657_75078_3,31657_75078
2077,person,0.78312105,94,59,327,359,75078,31657,0.4045138888888889,2,31657_75078_2,31657_75078
2078,couch,0.7510001000000001,0,118,200,360,75078,31657,0.2800925925925926,1,31657_75078_1,31657_75078
2079,couch,0.655988,0,99,406,360,75078,31657,0.6132291666666667,4,31657_75078_4,31657_75078
2080,tie,0.5770031999999999,200,208,239,353,75078,31657,0.0327256944444444,0,31657_75078_0,31657_75078
2081,person,0.97991955,94,58,366,359,75175,31657,0.4737962962962962,1,31657_75175_1,31657_75175
2082,person,0.9332257,238,2,475,356,75175,31657,0.4855208333333334,2,31657_75175_2,31657_75175
2083,couch,0.6291220999999999,0,129,219,346,75175,31657,0.2750173611111111,0,31657_75175_0,31657_75175
2084,couch,0.54913324,0,113,426,359,75175,31657,0.6064583333333333,4,31657_75175_4,31657_75175
2085,person,0.509681,160,18,431,360,75175,31657,0.5363541666666667,3,31657_75175_3,31657_75175
2086,person,0.9795793,182,76,437,352,75272,31657,0.4072916666666666,2,31657_75272_2,31657_75272
2087,person,0.9416292,126,119,259,295,75272,31657,0.1354629629629629,0,31657_75272_0,31657_75272
2088,chair,0.8065329000000001,47,137,225,360,75272,31657,0.2297106481481481,1,31657_75272_1,31657_75272
2089,person,0.99522924,145,48,262,360,75369,31657,0.21125,3,31657_75369_3,31657_75369
2090,person,0.9384467,232,181,348,349,75369,31657,0.1127777777777777,2,31657_75369_2,31657_75369
2091,chair,0.75092614,387,239,458,335,75369,31657,0.0394444444444444,0,31657_75369_0,31657_75369
2092,chair,0.55863714,335,211,421,316,75369,31657,0.0522569444444444,1,31657_75369_1,31657_75369
2093,person,0.99739516,95,34,225,357,75466,31657,0.2429976851851852,3,31657_75466_3,31657_75466
2094,person,0.94562596,244,166,360,340,75466,31657,0.1168055555555555,2,31657_75466_2,31657_75466
2095,chair,0.74224967,405,191,477,306,75466,31657,0.0479166666666666,0,31657_75466_0,31657_75466
2096,chair,0.6297564,340,184,425,295,75466,31657,0.0546006944444444,1,31657_75466_1,31657_75466
2097,person,0.9936646,111,33,214,360,75563,31657,0.1949131944444444,3,31657_75563_3,31657_75563
2098,person,0.92198586,249,173,358,340,75563,31657,0.1053414351851851,2,31657_75563_2,31657_75563
2099,chair,0.7506060999999999,349,184,433,295,75563,31657,0.0539583333333333,1,31657_75563_1,31657_75563
2100,chair,0.65009564,404,181,476,304,75563,31657,0.05125,0,31657_75563_0,31657_75563
2101,person,0.98936826,138,25,245,357,75660,31657,0.2055787037037037,3,31657_75660_3,31657_75660
2102,chair,0.93036115,414,160,477,303,75660,31657,0.0521354166666666,0,31657_75660_0,31657_75660
2103,person,0.8823745999999999,198,47,333,349,75660,31657,0.2359375,4,31657_75660_4,31657_75660
2104,chair,0.8291033999999999,349,176,432,286,75660,31657,0.0528356481481481,1,31657_75660_1,31657_75660
2105,chair,0.8132614,275,192,382,358,75660,31657,0.1027893518518518,2,31657_75660_2,31657_75660
2106,person,0.9925092,149,24,288,360,75757,31657,0.2702777777777778,4,31657_75757_4,31657_75757
2107,person,0.8787263000000001,227,57,309,355,75757,31657,0.141412037037037,3,31657_75757_3,31657_75757
2108,chair,0.8620370999999999,292,196,395,360,75757,31657,0.0977546296296296,2,31657_75757_2,31657_75757
2109,chair,0.84332436,360,180,446,289,75757,31657,0.0542476851851851,1,31657_75757_1,31657_75757
2110,chair,0.7156726,428,196,477,301,75757,31657,0.0297743055555555,0,31657_75757_0,31657_75757
2111,person,0.9957278,143,33,272,359,75854,31657,0.2433680555555555,5,31657_75854_5,31657_75854
2112,person,0.88989806,228,50,314,358,75854,31657,0.153287037037037,3,31657_75854_3,31657_75854
2113,chair,0.8590351,291,195,398,360,75854,31657,0.1021701388888888,2,31657_75854_2,31657_75854
2114,chair,0.8237793999999999,359,181,464,294,75854,31657,0.0686631944444444,1,31657_75854_1,31657_75854
2115,chair,0.7412873999999999,418,168,480,303,75854,31657,0.0484375,0,31657_75854_0,31657_75854
2116,chair,0.5499215000000001,234,185,393,360,75854,31657,0.1610243055555555,4,31657_75854_4,31657_75854
2117,person,0.99178773,150,29,269,358,75951,31657,0.226568287037037,6,31657_75951_6,31657_75951
2118,chair,0.85036963,356,181,461,290,75951,31657,0.0662326388888888,2,31657_75951_2,31657_75951
2119,chair,0.8198825999999999,279,192,397,360,75951,31657,0.1147222222222222,3,31657_75951_3,31657_75951
2120,person,0.73816854,226,51,315,356,75951,31657,0.1570891203703703,4,31657_75951_4,31657_75951
2121,chair,0.6728409000000001,414,204,478,301,75951,31657,0.0359259259259259,0,31657_75951_0,31657_75951
2122,chair,0.57421273,360,178,453,256,75951,31657,0.0419791666666666,1,31657_75951_1,31657_75951
2123,chair,0.5184414,224,168,403,354,75951,31657,0.1926736111111111,5,31657_75951_5,31657_75951
2124,person,0.9941403,150,24,281,354,76048,31657,0.2501736111111111,3,31657_76048_3,31657_76048
2125,chair,0.8577318000000002,369,188,471,296,76048,31657,0.06375,1,31657_76048_1,31657_76048
2126,chair,0.851986,261,196,405,360,76048,31657,0.1366666666666666,2,31657_76048_2,31657_76048
2127,chair,0.6671808000000001,371,178,455,255,76048,31657,0.0374305555555555,0,31657_76048_0,31657_76048
2128,person,0.99333066,151,22,291,352,76145,31657,0.2673611111111111,3,31657_76145_3,31657_76145
2129,chair,0.82898855,371,184,474,293,76145,31657,0.0649710648148148,1,31657_76145_1,31657_76145
2130,chair,0.81249756,263,193,405,360,76145,31657,0.1372337962962962,2,31657_76145_2,31657_76145
2131,chair,0.5768401,374,178,457,254,76145,31657,0.0365046296296296,0,31657_76145_0,31657_76145
2132,person,0.98884785,151,16,293,353,76242,31657,0.2769328703703703,2,31657_76242_2,31657_76242
2133,chair,0.78084654,263,199,407,359,76242,31657,0.1333333333333333,1,31657_76242_1,31657_76242
2134,chair,0.71980345,371,178,463,276,76242,31657,0.0521759259259259,0,31657_76242_0,31657_76242
2135,person,0.997771,202,33,394,355,76339,31657,0.3577777777777777,4,31657_76339_4,31657_76339
2136,chair,0.76808655,97,182,193,291,76339,31657,0.0605555555555555,1,31657_76339_1,31657_76339
2137,chair,0.7498715,3,204,137,358,76339,31657,0.1194212962962963,2,31657_76339_2,31657_76339
2138,chair,0.63215286,162,209,223,305,76339,31657,0.0338888888888888,0,31657_76339_0,31657_76339
2139,couch,0.5638859,0,203,146,360,76339,31657,0.1326504629629629,3,31657_76339_3,31657_76339
2140,person,0.98877025,250,20,385,356,76436,31657,0.2625,3,31657_76436_3,31657_76436
2141,person,0.97636807,124,53,213,355,76436,31657,0.1555439814814815,2,31657_76436_2,31657_76436
2142,couch,0.62708473,367,257,476,360,76436,31657,0.0649710648148148,1,31657_76436_1,31657_76436
2143,person,0.5199697,205,68,262,263,76436,31657,0.0643229166666666,0,31657_76436_0,31657_76436
2144,person,0.9891577,256,18,383,359,76533,31657,0.2506192129629629,2,31657_76533_2,31657_76533
2145,person,0.97442776,113,65,214,356,76533,31657,0.1700868055555555,1,31657_76533_1,31657_76533
2146,couch,0.658337,364,244,480,360,76533,31657,0.0778703703703703,0,31657_76533_0,31657_76533
2147,person,0.99865735,266,24,428,360,76630,31657,0.315,2,31657_76630_2,31657_76630
2148,person,0.9974274,122,102,222,355,76630,31657,0.146412037037037,1,31657_76630_1,31657_76630
2149,couch,0.5176738000000001,398,231,477,350,76630,31657,0.0544039351851851,0,31657_76630_0,31657_76630
2150,person,0.9951244,58,56,223,354,76727,31657,0.2845486111111111,0,31657_76727_0,31657_76727
2151,oven,0.6762585999999999,15,13,364,349,76727,31657,0.6786111111111112,1,31657_76727_1,31657_76727
2152,person,0.9906784,282,49,423,352,76824,31657,0.2472395833333333,0,31657_76824_0,31657_76824
2153,person,0.97790045,54,45,192,356,76824,31657,0.2483680555555555,1,31657_76824_1,31657_76824
2154,person,0.9939837,20,35,201,341,76921,31657,0.3205208333333333,1,31657_76921_1,31657_76921
2155,person,0.99293727,311,24,476,358,76921,31657,0.3189236111111111,0,31657_76921_0,31657_76921
2156,person,0.9959311,0,28,165,358,77018,31657,0.3151041666666667,0,31657_77018_0,31657_77018
2157,person,0.99228454,306,22,473,353,77018,31657,0.3198900462962963,1,31657_77018_1,31657_77018
2158,person,0.9950959,7,31,166,355,77115,31657,0.298125,0,31657_77115_0,31657_77115
2159,person,0.98313946,290,30,450,360,77115,31657,0.3055555555555556,1,31657_77115_1,31657_77115
2160,person,0.9955101,128,24,286,358,77212,31657,0.3053935185185185,4,31657_77212_4,31657_77212
2161,person,0.99428165,302,43,464,357,77212,31657,0.294375,3,31657_77212_3,31657_77212
2162,person,0.98807704,30,54,167,355,77212,31657,0.2386400462962963,2,31657_77212_2,31657_77212
2163,tie,0.8928519,193,125,220,206,77212,31657,0.01265625,1,31657_77212_1,31657_77212
2164,tie,0.7234749,187,126,212,196,77212,31657,0.0101273148148148,0,31657_77212_0,31657_77212
2165,person,0.98795253,292,63,449,353,77309,31657,0.2634837962962963,1,31657_77309_1,31657_77309
2166,person,0.97122955,108,63,304,357,77309,31657,0.3334722222222222,2,31657_77309_2,31657_77309
2167,person,0.628425,190,28,315,299,77309,31657,0.1960358796296296,0,31657_77309_0,31657_77309
2168,person,0.99658465,74,24,231,354,77406,31657,0.2998263888888889,2,31657_77406_2,31657_77406
2169,person,0.9868302,275,67,422,353,77406,31657,0.2432986111111111,1,31657_77406_1,31657_77406
2170,bottle,0.6454270000000001,163,99,206,165,77406,31657,0.0164236111111111,0,31657_77406_0,31657_77406
2171,person,0.98097813,127,28,412,358,77503,31657,0.5442708333333334,0,31657_77503_0,31657_77503
2172,person,0.794535,151,43,330,354,77600,31657,0.3221585648148148,0,31657_77600_0,31657_77600
2173,person,0.99659246,36,30,201,352,77697,31657,0.3074652777777777,0,31657_77697_0,31657_77697
2174,person,0.99686533,214,73,424,357,77697,31657,0.3451388888888889,1,31657_77697_1,31657_77697
2175,person,0.9953246,183,39,397,352,77794,31657,0.3876273148148148,2,31657_77794_2,31657_77794
2176,tie,0.6181738,268,159,298,258,77794,31657,0.0171875,0,31657_77794_0,31657_77794
2177,tie,0.5873982,255,160,289,268,77794,31657,0.02125,1,31657_77794_1,31657_77794
2178,person,0.994858,95,23,290,357,77891,31657,0.3769097222222222,1,31657_77891_1,31657_77891
2179,person,0.9592154,320,69,427,357,77891,31657,0.1783333333333333,0,31657_77891_0,31657_77891
2180,person,0.9899747,305,31,455,359,77988,31657,0.2847222222222222,3,31657_77988_3,31657_77988
2181,person,0.9854499,146,61,337,355,77988,31657,0.3249652777777778,4,31657_77988_4,31657_77988
2182,tie,0.78197384,272,181,308,344,77988,31657,0.0339583333333333,2,31657_77988_2,31657_77988
2183,tie,0.5947529,343,117,370,206,77988,31657,0.01390625,1,31657_77988_1,31657_77988
2184,tie,0.55331516,351,117,376,206,77988,31657,0.0128761574074074,0,31657_77988_0,31657_77988
2185,person,0.9951769,73,42,206,360,78182,31657,0.2447569444444445,1,31657_78182_1,31657_78182
2186,person,0.9890041,308,207,467,357,78182,31657,0.1380208333333333,0,31657_78182_0,31657_78182
2187,person,0.9980513,2,59,188,360,78279,31657,0.3239930555555556,2,31657_78279_2,31657_78279
2188,person,0.9893021,294,168,459,358,78279,31657,0.1814236111111111,1,31657_78279_1,31657_78279
2189,chair,0.64297867,409,210,480,349,78279,31657,0.0571122685185185,0,31657_78279_0,31657_78279
2190,person,0.99828535,1,45,196,358,78376,31657,0.3532118055555555,1,31657_78376_1,31657_78376
2191,person,0.9888769,307,175,463,359,78376,31657,0.1661111111111111,0,31657_78376_0,31657_78376
2192,person,0.9935727,84,44,324,344,78473,31657,0.4166666666666667,1,31657_78473_1,31657_78473
2193,person,0.90090865,375,0,477,346,78473,31657,0.2042361111111111,0,31657_78473_0,31657_78473
2194,person,0.9950477,115,47,373,359,78570,31657,0.4658333333333333,2,31657_78570_2,31657_78570
2195,tie,0.59147984,197,179,225,313,78570,31657,0.0217129629629629,1,31657_78570_1,31657_78570
2196,cow,0.53789765,427,151,479,206,78570,31657,0.0165509259259259,0,31657_78570_0,31657_78570
2197,person,0.9231098,118,72,379,354,78667,31657,0.4259375,1,31657_78667_1,31657_78667
2198,chair,0.5563760999999999,93,130,403,358,78667,31657,0.4090277777777777,0,31657_78667_0,31657_78667
2199,couch,0.50567,78,138,433,360,78667,31657,0.4560763888888889,2,31657_78667_2,31657_78667
2200,person,0.9975465,89,47,371,356,78764,31657,0.5042708333333333,1,31657_78764_1,31657_78764
2201,cow,0.5175448,428,153,480,210,78764,31657,0.0171527777777777,0,31657_78764_0,31657_78764
2202,person,0.9907556,113,55,389,354,78861,31657,0.4775694444444445,0,31657_78861_0,31657_78861
2203,person,0.99273056,120,56,386,354,78958,31657,0.4587268518518519,0,31657_78958_0,31657_78958
2204,person,0.99683857,0,66,190,355,79055,31657,0.3177662037037037,1,31657_79055_1,31657_79055
2205,person,0.9810311,300,171,464,357,79055,31657,0.1765277777777777,0,31657_79055_0,31657_79055
2206,person,0.9949523,190,79,375,358,79152,31657,0.2986979166666667,3,31657_79152_3,31657_79152
2207,person,0.99330527,84,28,210,355,79152,31657,0.2384375,2,31657_79152_2,31657_79152
2208,dog,0.7253313,420,300,476,340,79152,31657,0.0129629629629629,1,31657_79152_1,31657_79152
2209,tie,0.5979456,258,169,272,243,79152,31657,0.0059953703703703,0,31657_79152_0,31657_79152
2210,person,0.9951167,183,74,367,358,79249,31657,0.3024074074074074,1,31657_79249_1,31657_79249
2211,person,0.99511117,79,23,210,353,79249,31657,0.2501736111111111,0,31657_79249_0,31657_79249
2212,person,0.9938512,244,62,423,352,79346,31657,0.3004050925925925,1,31657_79346_1,31657_79346
2213,person,0.9912174,5,44,137,353,79346,31657,0.2360416666666667,0,31657_79346_0,31657_79346
2214,person,0.991459,3,22,146,350,79443,31657,0.2714351851851852,2,31657_79443_2,31657_79443
2215,person,0.98559165,263,57,431,356,79443,31657,0.2906944444444444,3,31657_79443_3,31657_79443
2216,tie,0.5161522,348,162,428,336,79443,31657,0.0805555555555555,1,31657_79443_1,31657_79443
2217,bicycle,0.50695163,428,220,475,339,79443,31657,0.0323668981481481,0,31657_79443_0,31657_79443
2218,refrigerator,0.51405895,30,0,461,355,79540,31657,0.8854456018518518,0,31657_79540_0,31657_79540
2219,person,0.9936005,112,49,276,359,79637,31657,0.2942129629629629,1,31657_79637_1,31657_79637
2220,person,0.8121579000000001,261,153,384,305,79637,31657,0.1081944444444444,0,31657_79637_0,31657_79637
2221,person,0.9964735,49,95,296,360,79734,31657,0.3787905092592593,2,31657_79734_2,31657_79734
2222,person,0.73907405,278,148,359,293,79734,31657,0.06796875,1,31657_79734_1,31657_79734
2223,person,0.6354976,300,295,327,353,79734,31657,0.0090625,0,31657_79734_0,31657_79734
2224,person,0.99694973,56,95,292,360,79831,31657,0.3619212962962962,2,31657_79831_2,31657_79831
2225,person,0.78859794,269,149,361,300,79831,31657,0.0803935185185185,1,31657_79831_1,31657_79831
2226,person,0.6663336999999999,299,297,332,353,79831,31657,0.0106944444444444,0,31657_79831_0,31657_79831
2227,person,0.99462765,58,87,302,360,79928,31657,0.3854861111111111,1,31657_79928_1,31657_79928
2228,person,0.8357658000000001,264,144,365,298,79928,31657,0.090011574074074,0,31657_79928_0,31657_79928
2229,person,0.99402326,99,27,230,359,80025,31657,0.2516898148148148,2,31657_80025_2,31657_80025
2230,person,0.8672501,250,173,378,342,80025,31657,0.1251851851851851,1,31657_80025_1,31657_80025
2231,sink,0.60030407,1,260,119,352,80025,31657,0.062824074074074,0,31657_80025_0,31657_80025
2232,person,0.99644727,128,82,253,356,80122,31657,0.1982060185185184,2,31657_80122_2,31657_80122
2233,person,0.88376874,234,92,334,347,80122,31657,0.1475694444444444,1,31657_80122_1,31657_80122
2234,sink,0.86854875,0,271,130,354,80122,31657,0.0624421296296296,0,31657_80122_0,31657_80122
2235,chair,0.950097,147,238,224,352,80219,31657,0.0507986111111111,5,31657_80219_5,31657_80219
2236,person,0.93080246,283,131,368,338,80219,31657,0.1018229166666666,7,31657_80219_7,31657_80219
2237,person,0.9172882,69,183,159,326,80219,31657,0.0744791666666666,6,31657_80219_6,31657_80219
2238,person,0.8970154,161,148,215,235,80219,31657,0.0271875,1,31657_80219_1,31657_80219
2239,person,0.86811644,238,141,287,305,80219,31657,0.0465046296296296,4,31657_80219_4,31657_80219
2240,chair,0.77560323,0,214,76,314,80219,31657,0.0439814814814814,3,31657_80219_3,31657_80219
2241,chair,0.7478227,384,223,430,324,80219,31657,0.026886574074074,0,31657_80219_0,31657_80219
2242,chair,0.73503095,352,224,412,313,80219,31657,0.0309027777777777,2,31657_80219_2,31657_80219
2243,person,0.9380371,362,136,412,335,80316,31657,0.0575810185185185,3,31657_80316_3,31657_80316
2244,person,0.91918385,213,146,279,303,80316,31657,0.0599652777777777,4,31657_80316_4,31657_80316
2245,person,0.84959185,69,184,159,328,80316,31657,0.075,6,31657_80316_6,31657_80316
2246,chair,0.8248564,394,229,466,348,80316,31657,0.0495833333333333,2,31657_80316_2,31657_80316
2247,chair,0.79804313,280,230,377,360,80316,31657,0.072974537037037,5,31657_80316_5,31657_80316
2248,person,0.63448286,129,132,168,286,80316,31657,0.0347569444444444,1,31657_80316_1,31657_80316
2249,person,0.5943408,164,159,224,249,80316,31657,0.03125,0,31657_80316_0,31657_80316
2250,person,0.5802914,277,182,376,336,80316,31657,0.0882291666666666,7,31657_80316_7,31657_80316
2251,person,0.9959091,87,32,435,359,80413,31657,0.6585416666666667,1,31657_80413_1,31657_80413
2252,tie,0.93298745,235,207,278,306,80413,31657,0.0246354166666666,0,31657_80413_0,31657_80413
2253,person,0.99387413,46,37,419,357,80510,31657,0.6907407407407408,0,31657_80510_0,31657_80510
2254,person,0.9870272,20,30,367,358,80607,31657,0.6586574074074074,2,31657_80607_2,31657_80607
2255,tie,0.9384737,187,207,230,302,80607,31657,0.0236400462962962,0,31657_80607_0,31657_80607
2256,person,0.65432745,1,9,158,250,80607,31657,0.2189641203703704,1,31657_80607_1,31657_80607
2257,person,0.9983431,268,64,435,360,80704,31657,0.2860648148148148,2,31657_80704_2,31657_80704
2258,person,0.9890237,38,31,171,353,80704,31657,0.2478356481481481,1,31657_80704_1,31657_80704
2259,person,0.5206126,156,199,289,321,80704,31657,0.0939004629629629,0,31657_80704_0,31657_80704
2260,person,0.99675804,250,67,419,360,80801,31657,0.286556712962963,2,31657_80801_2,31657_80801
2261,person,0.98843443,42,30,164,353,80801,31657,0.2280439814814815,1,31657_80801_1,31657_80801
2262,person,0.7181928000000001,136,205,298,335,80801,31657,0.121875,0,31657_80801_0,31657_80801
2263,person,0.9939276,23,62,147,357,80898,31657,0.2116898148148148,1,31657_80898_1,31657_80898
2264,person,0.98717993,165,179,387,352,80898,31657,0.2222569444444444,2,31657_80898_2,31657_80898
2265,person,0.94540876,347,173,463,356,80898,31657,0.1228472222222222,0,31657_80898_0,31657_80898
2266,person,0.9882834,164,171,377,351,80995,31657,0.221875,2,31657_80995_2,31657_80995
2267,person,0.98508936,13,60,133,355,80995,31657,0.2048611111111111,1,31657_80995_1,31657_80995
2268,person,0.9413859,344,168,458,349,80995,31657,0.1194097222222222,0,31657_80995_0,31657_80995
2269,person,0.99069816,22,48,134,353,81092,31657,0.1976851851851852,0,31657_81092_0,31657_81092
2270,person,0.96574956,160,136,398,349,81092,31657,0.2933680555555556,2,31657_81092_2,31657_81092
2271,person,0.5301191,207,109,411,309,81092,31657,0.2361111111111111,1,31657_81092_1,31657_81092
2272,person,0.99024606,198,31,327,356,81189,31657,0.2426215277777778,1,31657_81189_1,31657_81189
2273,person,0.9773056999999998,102,19,209,355,81189,31657,0.2080555555555555,0,31657_81189_0,31657_81189
2274,person,0.9933963,265,116,382,358,81286,31657,0.1638541666666666,2,31657_81286_2,31657_81286
2275,person,0.9912794,157,18,271,351,81286,31657,0.2196875,3,31657_81286_3,31657_81286
2276,person,0.8704530999999999,1,237,110,351,81286,31657,0.0719097222222222,0,31657_81286_0,31657_81286
2277,person,0.6484108000000001,10,239,188,353,81286,31657,0.1174305555555555,1,31657_81286_1,31657_81286
2278,person,0.9911186,53,32,371,356,81383,31657,0.59625,0,31657_81383_0,31657_81383
2279,person,0.9944108,58,27,390,352,81480,31657,0.6244212962962963,0,31657_81480_0,31657_81480
2280,person,0.9894546,268,118,378,358,81577,31657,0.1527777777777778,0,31657_81577_0,31657_81577
2281,person,0.9865789,169,23,288,354,81577,31657,0.2279456018518518,1,31657_81577_1,31657_81577
2282,person,0.991683,264,114,376,355,81674,31657,0.1562037037037037,0,31657_81674_0,31657_81674
2283,person,0.98006046,67,76,204,352,81674,31657,0.2188194444444444,1,31657_81674_1,31657_81674
2284,person,0.98094857,8,10,440,360,81771,31657,0.875,0,31657_81771_0,31657_81771
2285,person,0.99621826,85,27,438,359,81868,31657,0.6782175925925926,1,31657_81868_1,31657_81868
2286,tie,0.9722474,238,211,282,314,81868,31657,0.0262268518518518,0,31657_81868_0,31657_81868
2287,person,0.97156054,86,26,421,360,81965,31657,0.6475115740740741,0,31657_81965_0,31657_81965
2288,person,0.9941659,54,40,419,355,82062,31657,0.6653645833333334,1,31657_82062_1,31657_82062
2289,tie,0.63049847,218,220,263,293,82062,31657,0.0190104166666666,0,31657_82062_0,31657_82062
2290,person,0.99095833,119,139,264,355,82159,31657,0.18125,0,31657_82159_0,31657_82159
2291,person,0.9734075,75,24,371,360,82256,31657,0.5755555555555556,2,31657_82256_2,31657_82256
2292,person,0.5213256,286,24,444,333,82256,31657,0.2825347222222222,1,31657_82256_1,31657_82256
2293,tie,0.50248826,181,207,250,349,82256,31657,0.0567013888888888,0,31657_82256_0,31657_82256
2294,tie,0.97110915,171,247,215,360,82353,31657,0.0287731481481481,0,31657_82353_0,31657_82353
2295,person,0.94678766,68,20,423,360,82353,31657,0.6984953703703703,2,31657_82353_2,31657_82353
2296,person,0.7256764,112,32,332,357,82353,31657,0.4137731481481481,1,31657_82353_1,31657_82353
2297,person,0.98857516,118,130,269,360,82450,31657,0.2009837962962962,0,31657_82450_0,31657_82450
2298,person,0.9924204,116,130,275,353,82547,31657,0.2051909722222222,0,31657_82547_0,31657_82547
2299,person,0.9942431,121,133,278,357,82644,31657,0.2035185185185185,0,31657_82644_0,31657_82644
2300,tie,0.96472454,175,255,218,360,82741,31657,0.0261284722222222,0,31657_82741_0,31657_82741
2301,person,0.9391381,94,20,411,360,82741,31657,0.6237268518518518,1,31657_82741_1,31657_82741
2302,person,0.9927713,120,146,265,360,82838,31657,0.1795717592592592,0,31657_82838_0,31657_82838
2303,person,0.9916664,44,36,408,357,82935,31657,0.6761805555555556,1,31657_82935_1,31657_82935
2304,tie,0.66650426,204,217,254,286,82935,31657,0.0199652777777777,0,31657_82935_0,31657_82935
2305,person,0.9906427,20,30,403,358,83032,31657,0.7269907407407408,1,31657_83032_1,31657_83032
2306,tie,0.6290019,188,210,248,283,83032,31657,0.0253472222222222,0,31657_83032_0,31657_83032
2307,person,0.9913594,132,138,260,359,83129,31657,0.1637037037037037,0,31657_83129_0,31657_83129
2308,person,0.98933685,57,28,394,352,83226,31657,0.631875,1,31657_83226_1,31657_83226
2309,tie,0.56787145,232,205,273,299,83226,31657,0.0223032407407407,0,31657_83226_0,31657_83226
2310,person,0.99254817,76,19,374,355,83323,31657,0.5794444444444444,0,31657_83323_0,31657_83323
2311,person,0.99088144,128,143,261,356,83420,31657,0.1639409722222222,0,31657_83420_0,31657_83420
2312,person,0.98284906,64,23,388,359,83517,31657,0.63,1,31657_83517_1,31657_83517
2313,tie,0.6019558,177,217,237,291,83517,31657,0.0256944444444444,0,31657_83517_0,31657_83517
2314,person,0.99349326,132,140,263,357,83614,31657,0.1645081018518518,0,31657_83614_0,31657_83614
2315,person,0.9941884,130,141,261,359,83711,31657,0.1652662037037037,0,31657_83711_0,31657_83711
2316,person,0.95303595,112,24,374,360,83808,31657,0.5094444444444445,1,31657_83808_1,31657_83808
2317,person,0.6232451999999999,294,45,441,343,83808,31657,0.2535069444444444,0,31657_83808_0,31657_83808
2318,person,0.9886418,46,19,426,360,83905,31657,0.7498842592592593,0,31657_83905_0,31657_83905
2319,person,0.9936666,130,133,261,358,84002,31657,0.1705729166666666,0,31657_84002_0,31657_84002
2320,person,0.8370388000000001,261,61,390,346,84002,31657,0.2127604166666666,1,31657_84002_1,31657_84002
2321,person,0.95928085,71,160,271,360,84099,31657,0.2314814814814815,2,31657_84099_2,31657_84099
2322,person,0.9427277,215,117,332,346,84099,31657,0.1550520833333333,1,31657_84099_1,31657_84099
2323,person,0.84725666,286,54,369,288,84099,31657,0.1123958333333333,0,31657_84099_0,31657_84099
2324,person,0.9793113,251,6,449,360,84196,31657,0.405625,5,31657_84196_5,31657_84196
2325,person,0.93897015,79,179,216,360,84196,31657,0.1435011574074074,4,31657_84196_4,31657_84196
2326,person,0.88279074,188,153,278,342,84196,31657,0.0984375,3,31657_84196_3,31657_84196
2327,tie,0.75258845,324,115,342,163,84196,31657,0.005,1,31657_84196_1,31657_84196
2328,tie,0.7497096999999999,320,116,336,167,84196,31657,0.0047222222222222,0,31657_84196_0,31657_84196
2329,tie,0.59189045,316,115,337,187,84196,31657,0.00875,2,31657_84196_2,31657_84196
2330,person,0.987611,75,26,407,356,84293,31657,0.6340277777777777,1,31657_84293_1,31657_84293
2331,tie,0.9441109,200,205,248,291,84293,31657,0.0238888888888888,0,31657_84293_0,31657_84293
2332,person,0.9906227,67,26,382,350,84390,31657,0.590625,1,31657_84390_1,31657_84390
2333,tie,0.9120983,208,186,236,282,84390,31657,0.0155555555555555,0,31657_84390_0,31657_84390
2334,person,0.99101406,61,25,386,354,84487,31657,0.6187789351851852,1,31657_84487_1,31657_84487
2335,tie,0.8660814,209,189,235,273,84487,31657,0.0126388888888888,0,31657_84487_0,31657_84487
2336,person,0.98302543,67,49,405,350,84584,31657,0.5887615740740739,0,31657_84584_0,31657_84584
2337,person,0.9894936,62,25,380,357,84681,31657,0.6109722222222222,1,31657_84681_1,31657_84681
2338,tie,0.90616065,209,190,237,280,84681,31657,0.0145833333333333,0,31657_84681_0,31657_84681
2339,person,0.99274373,61,25,391,357,84778,31657,0.6340277777777777,2,31657_84778_2,31657_84778
2340,tie,0.7886076999999999,211,183,237,273,84778,31657,0.0135416666666666,1,31657_84778_1,31657_84778
2341,tie,0.5156121,208,185,229,271,84778,31657,0.0104513888888888,0,31657_84778_0,31657_84778
2342,person,0.9930067,63,177,222,357,84875,31657,0.165625,0,31657_84875_0,31657_84875
2343,person,0.9905337,70,23,384,356,84972,31657,0.6051041666666667,1,31657_84972_1,31657_84972
2344,tie,0.8498996999999999,219,188,249,280,84972,31657,0.0159722222222222,0,31657_84972_0,31657_84972
2345,person,0.98492646,42,25,403,360,85069,31657,0.699855324074074,2,31657_85069_2,31657_85069
2346,tie,0.9499412,186,208,229,311,85069,31657,0.025630787037037,0,31657_85069_0,31657_85069
2347,person,0.65181404,4,0,239,322,85069,31657,0.4379050925925926,1,31657_85069_1,31657_85069
2348,person,0.9919789,63,26,354,355,85166,31657,0.5540451388888888,0,31657_85166_0,31657_85166
2349,person,0.9934516,71,28,398,359,85263,31657,0.6263715277777778,1,31657_85263_1,31657_85263
2350,tie,0.9363335,220,187,256,273,85263,31657,0.0179166666666666,0,31657_85263_0,31657_85263
2351,person,0.9894694,53,41,395,355,85360,31657,0.6214583333333333,0,31657_85360_0,31657_85360
2352,person,0.9936597,77,20,405,352,85457,31657,0.6301851851851852,1,31657_85457_1,31657_85457
2353,tie,0.89466214,221,183,257,269,85457,31657,0.0179166666666666,0,31657_85457_0,31657_85457
2354,person,0.9942188,103,39,442,358,85554,31657,0.6258159722222222,1,31657_85554_1,31657_85554
2355,tie,0.928881,235,216,279,331,85554,31657,0.0292824074074074,0,31657_85554_0,31657_85554
2356,person,0.9914232,124,134,265,358,85651,31657,0.1827777777777778,0,31657_85651_0,31657_85651
2357,person,0.98966295,122,138,261,360,85748,31657,0.1785763888888888,0,31657_85748_0,31657_85748
2358,person,0.5790524,298,29,410,349,85748,31657,0.2074074074074074,1,31657_85748_1,31657_85748
2359,person,0.5403453,116,147,264,356,85845,31657,0.1790046296296296,0,31657_85845_0,31657_85845
2360,person,0.99541974,211,79,369,357,85942,31657,0.2541898148148148,1,31657_85942_1,31657_85942
2361,person,0.9821001,49,49,207,349,85942,31657,0.2743055555555556,2,31657_85942_2,31657_85942
2362,person,0.9697675,103,131,250,357,85942,31657,0.1922569444444444,0,31657_85942_0,31657_85942
2363,person,0.9366101,251,0,370,337,86039,31657,0.2320775462962963,1,31657_86039_1,31657_86039
2364,person,0.9047525,95,141,255,307,86039,31657,0.1537037037037037,0,31657_86039_0,31657_86039
2365,person,0.99649185,263,69,457,360,86136,31657,0.3267013888888889,1,31657_86136_1,31657_86136
2366,person,0.9898296999999998,18,35,130,342,86136,31657,0.1989814814814814,0,31657_86136_0,31657_86136
2367,person,0.9969471,212,53,374,360,86233,31657,0.2878125,3,31657_86233_3,31657_86233
2368,person,0.9913139,49,33,184,352,86233,31657,0.24921875,2,31657_86233_2,31657_86233
2369,tie,0.5329976,124,114,140,154,86233,31657,0.0037037037037037,0,31657_86233_0,31657_86233
2370,tie,0.5308169,122,105,141,166,86233,31657,0.0067071759259259,1,31657_86233_1,31657_86233
2371,person,0.99655604,273,56,391,360,86330,31657,0.2075925925925926,2,31657_86330_2,31657_86330
2372,person,0.9922356,74,33,216,359,86330,31657,0.2678935185185185,3,31657_86330_3,31657_86330
2373,chair,0.6267977,376,239,480,356,86330,31657,0.0704166666666666,1,31657_86330_1,31657_86330
2374,couch,0.5235082,0,284,134,358,86330,31657,0.0573842592592592,0,31657_86330_0,31657_86330
2375,person,0.99646324,70,32,214,360,86427,31657,0.2733333333333333,2,31657_86427_2,31657_86427
2376,person,0.99455833,275,54,393,356,86427,31657,0.2062268518518518,1,31657_86427_1,31657_86427
2377,chair,0.5709986,369,235,480,358,86427,31657,0.0790104166666666,0,31657_86427_0,31657_86427
2378,person,0.99391794,72,34,218,356,86524,31657,0.2720601851851852,1,31657_86524_1,31657_86524
2379,person,0.99217427,274,51,391,360,86524,31657,0.20921875,0,31657_86524_0,31657_86524
2380,person,0.9948986,181,29,475,354,86621,31657,0.5529513888888888,2,31657_86621_2,31657_86621
2381,person,0.98732775,3,6,179,355,86621,31657,0.355462962962963,1,31657_86621_1,31657_86621
2382,tie,0.57173204,301,202,335,334,86621,31657,0.0259722222222222,0,31657_86621_0,31657_86621
2383,person,0.99387544,174,34,479,359,86718,31657,0.5736400462962963,1,31657_86718_1,31657_86718
2384,person,0.9838668,4,0,210,356,86718,31657,0.4243981481481481,0,31657_86718_0,31657_86718
2385,person,0.99186057,33,38,305,356,86815,31657,0.5005555555555555,3,31657_86815_3,31657_86815
2386,person,0.9723931999999998,250,71,480,357,86815,31657,0.3806712962962963,2,31657_86815_2,31657_86815
2387,person,0.74290097,245,22,334,276,86815,31657,0.1308217592592592,1,31657_86815_1,31657_86815
2388,tie,0.54204166,179,200,204,283,86815,31657,0.0120081018518518,0,31657_86815_0,31657_86815
2389,person,0.9954926,113,32,258,351,86912,31657,0.2676793981481482,3,31657_86912_3,31657_86912
2390,person,0.9837838,252,54,367,353,86912,31657,0.1989872685185185,2,31657_86912_2,31657_86912
2391,couch,0.73576576,0,274,130,358,86912,31657,0.0631944444444444,0,31657_86912_0,31657_86912
2392,chair,0.709414,356,235,475,360,86912,31657,0.0860821759259259,1,31657_86912_1,31657_86912
2393,person,0.9920513,247,51,362,359,87009,31657,0.2049768518518518,2,31657_87009_2,31657_87009
2394,person,0.98929495,115,18,254,359,87009,31657,0.2742997685185185,3,31657_87009_3,31657_87009
2395,chair,0.85464805,340,238,476,358,87009,31657,0.0944444444444444,1,31657_87009_1,31657_87009
2396,couch,0.67220676,0,277,138,359,87009,31657,0.0654861111111111,0,31657_87009_0,31657_87009
2397,person,0.9953107,240,50,357,359,87106,31657,0.20921875,3,31657_87106_3,31657_87106
2398,person,0.98871267,103,25,248,360,87106,31657,0.2811053240740741,4,31657_87106_4,31657_87106
2399,chair,0.81993556,379,234,477,360,87106,31657,0.0714583333333333,1,31657_87106_1,31657_87106
2400,couch,0.8080202,0,276,123,357,87106,31657,0.05765625,0,31657_87106_0,31657_87106
2401,couch,0.51118326,1,184,196,338,87106,31657,0.1737847222222222,2,31657_87106_2,31657_87106
2402,person,0.987104,239,51,357,360,87203,31657,0.2110069444444444,1,31657_87203_1,31657_87203
2403,person,0.9849702,105,24,216,358,87203,31657,0.2145486111111111,2,31657_87203_2,31657_87203
2404,chair,0.54592425,376,238,475,360,87203,31657,0.0698958333333333,0,31657_87203_0,31657_87203
2405,bicycle,0.6664938,0,156,98,283,87300,31657,0.0720254629629629,1,31657_87300_1,31657_87300
2406,person,0.65934503,354,128,376,176,87300,31657,0.0061111111111111,0,31657_87300_0,31657_87300
2407,person,0.990166,199,193,366,357,87397,31657,0.1584953703703703,5,31657_87397_5,31657_87397
2408,person,0.9274375,0,223,110,358,87397,31657,0.0859375,4,31657_87397_4,31657_87397
2409,person,0.87526745,379,206,476,346,87397,31657,0.0785879629629629,3,31657_87397_3,31657_87397
2410,person,0.87123215,64,224,172,343,87397,31657,0.074375,2,31657_87397_2,31657_87397
2411,person,0.6605819,356,131,372,182,87397,31657,0.0047222222222222,0,31657_87397_0,31657_87397
2412,person,0.52627265,350,128,368,181,87397,31657,0.0055208333333333,1,31657_87397_1,31657_87397
2413,person,0.98475087,241,89,332,260,87494,31657,0.0900520833333333,4,31657_87494_4,31657_87494
2414,couch,0.92946476,52,229,462,353,87494,31657,0.2942129629629629,5,31657_87494_5,31657_87494
2415,chair,0.92298144,170,181,250,260,87494,31657,0.036574074074074,0,31657_87494_0,31657_87494
2416,person,0.9151378,49,86,133,236,87494,31657,0.0729166666666666,3,31657_87494_3,31657_87494
2417,person,0.8701924000000001,305,183,411,261,87494,31657,0.0478472222222222,1,31657_87494_1,31657_87494
2418,person,0.7273470000000001,412,140,479,316,87494,31657,0.0682407407407407,2,31657_87494_2,31657_87494
2419,person,0.9858963,259,89,338,266,87591,31657,0.0809201388888889,6,31657_87591_6,31657_87591
2420,couch,0.9006218,64,237,466,355,87591,31657,0.2745138888888889,7,31657_87591_7,31657_87591
2421,person,0.8871948000000001,52,86,135,246,87591,31657,0.0768518518518518,5,31657_87591_5,31657_87591
2422,person,0.8686142,307,185,411,267,87591,31657,0.0493518518518518,1,31657_87591_1,31657_87591
2423,person,0.85544425,104,86,163,250,87591,31657,0.0559953703703703,3,31657_87591_3,31657_87591
2424,person,0.8411815,416,145,480,312,87591,31657,0.0618518518518518,4,31657_87591_4,31657_87591
2425,person,0.76988554,163,94,220,260,87591,31657,0.0547569444444444,2,31657_87591_2,31657_87591
2426,dining table,0.55205464,2,215,52,354,87591,31657,0.0402199074074074,0,31657_87591_0,31657_87591
2427,person,0.9758731,139,85,219,255,87688,31657,0.0787037037037037,6,31657_87688_6,31657_87688
2428,person,0.9524546,275,90,352,264,87688,31657,0.0775347222222222,5,31657_87688_5,31657_87688
2429,person,0.9192884,50,87,123,240,87688,31657,0.0646354166666666,4,31657_87688_4,31657_87688
2430,couch,0.86982536,61,228,472,353,87688,31657,0.2973090277777778,7,31657_87688_7,31657_87688
2431,person,0.8389254,306,182,413,269,87688,31657,0.0538715277777777,2,31657_87688_2,31657_87688
2432,person,0.7664048000000001,414,150,480,313,87688,31657,0.0622569444444444,3,31657_87688_3,31657_87688
2433,person,0.71979046,392,95,455,232,87688,31657,0.0499479166666666,1,31657_87688_1,31657_87688
2434,person,0.5121884,224,155,278,265,87688,31657,0.034375,0,31657_87688_0,31657_87688
2435,person,0.9827832,171,87,248,314,87785,31657,0.1011516203703703,6,31657_87785_6,31657_87785
2436,person,0.8172406999999999,301,212,428,308,87785,31657,0.0705555555555555,4,31657_87785_4,31657_87785
2437,person,0.78190285,221,80,284,270,87785,31657,0.0692708333333333,3,31657_87785_3,31657_87785
2438,person,0.7036108,351,146,411,248,87785,31657,0.0354166666666666,0,31657_87785_0,31657_87785
2439,person,0.6940428000000001,271,93,349,272,87785,31657,0.0807986111111111,5,31657_87785_5,31657_87785
2440,person,0.6080241999999999,72,158,135,297,87785,31657,0.0506770833333333,1,31657_87785_1,31657_87785
2441,chair,0.5131058,5,192,107,299,87785,31657,0.0631597222222222,2,31657_87785_2,31657_87785
2442,person,0.99626285,66,62,189,360,87882,31657,0.2121180555555555,5,31657_87882_5,31657_87882
2443,chair,0.9652141,165,208,226,356,87882,31657,0.0522453703703703,1,31657_87882_1,31657_87882
2444,person,0.95972604,347,204,464,353,87882,31657,0.1008854166666666,4,31657_87882_4,31657_87882
2445,potted plant,0.69395256,322,107,444,221,87882,31657,0.0804861111111111,3,31657_87882_3,31657_87882
2446,chair,0.59038645,181,190,283,309,87882,31657,0.0702430555555555,2,31657_87882_2,31657_87882
2447,tie,0.5012705,140,132,160,196,87882,31657,0.0074074074074074,0,31657_87882_0,31657_87882
2448,person,0.9810884,54,47,464,352,87979,31657,0.7236689814814815,1,31657_87979_1,31657_87979
2449,person,0.8922859000000001,138,41,383,327,87979,31657,0.4054976851851852,0,31657_87979_0,31657_87979
2450,person,0.9914165,43,41,454,353,88076,31657,0.7420833333333333,1,31657_88076_1,31657_88076
2451,person,0.8458389000000001,142,37,402,337,88076,31657,0.4513888888888889,0,31657_88076_0,31657_88076
2452,person,0.99710673,71,43,213,360,88173,31657,0.2604976851851852,3,31657_88173_3,31657_88173
2453,person,0.7885879,311,187,402,352,88173,31657,0.0868923611111111,1,31657_88173_1,31657_88173
2454,potted plant,0.71216357,301,110,420,268,88173,31657,0.1088078703703703,2,31657_88173_2,31657_88173
2455,potted plant,0.57316077,304,104,422,210,88173,31657,0.0723842592592592,0,31657_88173_0,31657_88173
2456,person,0.99403447,106,35,425,360,88270,31657,0.5999710648148148,0,31657_88270_0,31657_88270
2457,person,0.99430144,31,71,269,360,88367,31657,0.3980439814814815,3,31657_88367_3,31657_88367
2458,person,0.99313736,317,16,478,360,88367,31657,0.3205092592592593,2,31657_88367_2,31657_88367
2459,person,0.75107133,0,88,86,336,88367,31657,0.1234259259259259,1,31657_88367_1,31657_88367
2460,person,0.5094207000000001,2,91,104,247,88367,31657,0.0920833333333333,0,31657_88367_0,31657_88367
2461,person,0.9960524,130,44,281,357,88464,31657,0.2735127314814815,2,31657_88464_2,31657_88464
2462,person,0.9947901,325,45,474,356,88464,31657,0.2681655092592592,1,31657_88464_1,31657_88464
2463,person,0.92105836,0,198,157,359,88464,31657,0.1462789351851851,0,31657_88464_0,31657_88464
2464,person,0.98843586,231,24,388,359,88561,31657,0.304369212962963,3,31657_88561_3,31657_88561
2465,person,0.9864498,341,58,480,359,88561,31657,0.2421238425925926,1,31657_88561_1,31657_88561
2466,person,0.98514336,113,53,264,359,88561,31657,0.2673958333333333,2,31657_88561_2,31657_88561
2467,person,0.96416396,4,221,148,360,88561,31657,0.1158333333333333,0,31657_88561_0,31657_88561
2468,person,0.9929959,0,37,163,359,88658,31657,0.3037384259259259,2,31657_88658_2,31657_88658
2469,person,0.9829616,189,36,382,357,88658,31657,0.3585243055555555,3,31657_88658_3,31657_88658
2470,person,0.9147085,386,162,476,345,88658,31657,0.0953125,1,31657_88658_1,31657_88658
2471,tie,0.55357665,67,108,91,199,88658,31657,0.0126388888888888,0,31657_88658_0,31657_88658
2472,person,0.99684477,187,25,480,357,88755,31657,0.5629398148148148,1,31657_88755_1,31657_88755
2473,person,0.988345,6,42,225,351,88755,31657,0.3916145833333333,0,31657_88755_0,31657_88755
2474,person,0.99000144,4,28,306,360,88852,31657,0.5802314814814815,3,31657_88852_3,31657_88852
2475,person,0.98707706,271,3,476,353,88852,31657,0.4152199074074074,2,31657_88852_2,31657_88852
2476,tie,0.6744562,171,209,245,345,88852,31657,0.0582407407407407,1,31657_88852_1,31657_88852
2477,tie,0.66852725,169,206,207,316,88852,31657,0.0241898148148148,0,31657_88852_0,31657_88852
2478,person,0.9947212,19,54,284,353,88949,31657,0.4585358796296296,1,31657_88949_1,31657_88949
2479,person,0.98778,288,31,430,357,88949,31657,0.2678935185185185,0,31657_88949_0,31657_88949
2480,person,0.99733645,169,21,348,353,89046,31657,0.343912037037037,2,31657_89046_2,31657_89046
2481,person,0.9787837,326,47,465,349,89046,31657,0.2429282407407407,1,31657_89046_1,31657_89046
2482,person,0.85835207,36,177,142,355,89046,31657,0.1091898148148148,0,31657_89046_0,31657_89046
2483,person,0.99712616,171,23,345,358,89143,31657,0.3373263888888889,2,31657_89143_2,31657_89143
2484,person,0.9871575,310,58,455,350,89143,31657,0.2450231481481481,1,31657_89143_1,31657_89143
2485,person,0.8844811,32,176,138,353,89143,31657,0.1085763888888888,0,31657_89143_0,31657_89143
2486,person,0.9863136,53,13,374,351,89240,31657,0.6278819444444445,0,31657_89240_0,31657_89240
2487,person,0.9940884,81,52,423,356,89337,31657,0.6016666666666667,2,31657_89337_2,31657_89337
2488,tie,0.86765194,218,224,256,344,89337,31657,0.0263888888888888,1,31657_89337_1,31657_89337
2489,tie,0.5156425,213,230,248,330,89337,31657,0.0202546296296296,0,31657_89337_0,31657_89337
2490,person,0.99386495,83,35,423,356,89434,31657,0.6315972222222223,1,31657_89434_1,31657_89434
2491,tie,0.6230405,209,218,246,335,89434,31657,0.0250520833333333,0,31657_89434_0,31657_89434
2492,person,0.9976368,153,18,331,356,89531,31657,0.3481712962962963,2,31657_89531_2,31657_89531
2493,person,0.98808026,323,56,464,352,89531,31657,0.2415277777777777,1,31657_89531_1,31657_89531
2494,person,0.7071795999999999,23,184,120,360,89531,31657,0.0987962962962963,0,31657_89531_0,31657_89531
2495,person,0.9932259,188,36,338,356,89628,31657,0.2777777777777778,1,31657_89628_1,31657_89628
2496,person,0.98791903,317,72,461,356,89628,31657,0.2366666666666666,0,31657_89628_0,31657_89628
2497,person,0.9761928,47,32,223,352,89628,31657,0.3259259259259259,2,31657_89628_2,31657_89628
2498,person,0.9945426,179,39,335,355,89725,31657,0.2852777777777778,1,31657_89725_1,31657_89725
2499,person,0.9925189,50,31,211,351,89725,31657,0.2981481481481481,2,31657_89725_2,31657_89725
2500,person,0.98416567,325,71,478,350,89725,31657,0.24703125,0,31657_89725_0,31657_89725
2501,person,0.99326384,169,38,318,353,89822,31657,0.2716145833333333,0,31657_89822_0,31657_89822
2502,person,0.98809975,19,30,192,353,89822,31657,0.3233738425925926,2,31657_89822_2,31657_89822
2503,person,0.96602863,293,67,480,357,89822,31657,0.3138310185185185,1,31657_89822_1,31657_89822
2504,person,0.9960526,0,33,167,356,89919,31657,0.3121585648148148,2,31657_89919_2,31657_89919
2505,person,0.995852,169,39,326,352,89919,31657,0.284380787037037,1,31657_89919_1,31657_89919
2506,person,0.98050183,307,69,447,353,89919,31657,0.2300925925925926,0,31657_89919_0,31657_89919
2507,person,0.9972084,148,19,324,360,90016,31657,0.3473148148148148,3,31657_90016_3,31657_90016
2508,person,0.9809693000000002,317,56,450,355,90016,31657,0.2301331018518518,2,31657_90016_2,31657_90016
2509,person,0.8950259,6,191,135,359,90016,31657,0.1254166666666666,1,31657_90016_1,31657_90016
2510,tie,0.561713,214,110,240,200,90016,31657,0.0135416666666666,0,31657_90016_0,31657_90016
2511,person,0.9957337,82,34,401,360,90113,31657,0.6018171296296296,3,31657_90113_3,31657_90113
2512,tie,0.84430563,223,207,264,351,90113,31657,0.0341666666666666,0,31657_90113_0,31657_90113
2513,tie,0.635289,208,197,277,358,90113,31657,0.0642881944444444,2,31657_90113_2,31657_90113
2514,person,0.57846594,361,159,424,260,90113,31657,0.0368229166666666,1,31657_90113_1,31657_90113
2515,person,0.9967366,161,34,324,360,90210,31657,0.3075115740740741,3,31657_90210_3,31657_90210
2516,person,0.98663306,306,64,452,352,90210,31657,0.2433333333333333,2,31657_90210_2,31657_90210
2517,person,0.87559015,18,205,123,350,90210,31657,0.0881076388888889,1,31657_90210_1,31657_90210
2518,tie,0.5231702,230,118,250,207,90210,31657,0.0103009259259259,0,31657_90210_0,31657_90210
2519,person,0.99589527,171,39,322,360,90307,31657,0.2805034722222222,3,31657_90307_3,31657_90307
2520,person,0.9844716,300,61,447,359,90307,31657,0.2535069444444444,2,31657_90307_2,31657_90307
2521,person,0.7567403,93,70,190,357,90307,31657,0.161105324074074,1,31657_90307_1,31657_90307
2522,tie,0.5207377999999999,215,129,237,197,90307,31657,0.0086574074074074,0,31657_90307_0,31657_90307
2523,person,0.92150605,324,286,391,358,90404,31657,0.0279166666666666,1,31657_90404_1,31657_90404
2524,person,0.84678084,175,127,215,266,90404,31657,0.0321759259259259,2,31657_90404_2,31657_90404
2525,person,0.77390385,235,127,281,262,90404,31657,0.0359375,3,31657_90404_3,31657_90404
2526,person,0.6088557,434,293,478,360,90404,31657,0.0170601851851851,0,31657_90404_0,31657_90404
2527,person,0.96118647,315,102,369,276,90501,31657,0.054375,4,31657_90501_4,31657_90501
2528,person,0.7112936,193,312,243,360,90501,31657,0.0138888888888888,1,31657_90501_1,31657_90501
2529,skateboard,0.70322853,309,310,399,360,90501,31657,0.0260416666666666,3,31657_90501_3,31657_90501
2530,person,0.62278414,35,308,87,360,90501,31657,0.0156481481481481,2,31657_90501_2,31657_90501
2531,person,0.5544992,150,312,179,360,90501,31657,0.0080555555555555,0,31657_90501_0,31657_90501
2532,person,0.9961367,219,50,322,351,90598,31657,0.1794155092592592,0,31657_90598_0,31657_90598
2533,person,0.9963404,206,38,313,346,90695,31657,0.1907175925925926,0,31657_90695_0,31657_90695
2534,person,0.9570471,194,169,257,326,90792,31657,0.0572395833333333,0,31657_90792_0,31657_90792
2535,person,0.9914579,200,53,311,356,90889,31657,0.1946354166666666,0,31657_90889_0,31657_90889
2536,person,0.9981523,133,27,327,357,90986,31657,0.3704861111111111,0,31657_90986_0,31657_90986
2537,person,0.97931004,51,92,303,359,91083,31657,0.389375,6,31657_91083_6,31657_91083
2538,person,0.9442306,137,0,321,197,91083,31657,0.2097685185185184,4,31657_91083_4,31657_91083
2539,person,0.94323164,0,0,142,252,91083,31657,0.2070833333333333,3,31657_91083_3,31657_91083
2540,person,0.9391187,267,94,449,351,91083,31657,0.2706828703703704,5,31657_91083_5,31657_91083
2541,person,0.9089858,325,1,480,210,91083,31657,0.1874710648148148,2,31657_91083_2,31657_91083
2542,tie,0.69821,165,214,194,318,91083,31657,0.0174537037037037,0,31657_91083_0,31657_91083
2543,person,0.6547119,237,253,345,360,91083,31657,0.066875,1,31657_91083_1,31657_91083
2544,person,0.98211795,14,52,250,358,91180,31657,0.4179166666666666,5,31657_91180_5,31657_91180
2545,person,0.8928099,171,0,366,206,91180,31657,0.2324652777777777,4,31657_91180_4,31657_91180
2546,person,0.89086705,172,226,314,358,91180,31657,0.1084722222222222,2,31657_91180_2,31657_91180
2547,person,0.80182856,2,0,182,198,91180,31657,0.20625,3,31657_91180_3,31657_91180
2548,person,0.54244417,351,215,480,356,91180,31657,0.1052604166666666,1,31657_91180_1,31657_91180
2549,tie,0.5426152,109,169,141,271,91180,31657,0.0188888888888888,0,31657_91180_0,31657_91180
2550,person,0.9835285,146,116,194,316,91277,31657,0.0555555555555555,2,31657_91277_2,31657_91277
2551,person,0.98227376,269,138,345,340,91277,31657,0.0888425925925926,3,31657_91277_3,31657_91277
2552,person,0.97827095,184,194,312,354,91277,31657,0.1185185185185185,4,31657_91277_4,31657_91277
2553,person,0.7957854999999999,228,116,297,239,91277,31657,0.0491145833333333,1,31657_91277_1,31657_91277
2554,person,0.75918776,146,288,215,355,91277,31657,0.0267534722222222,0,31657_91277_0,31657_91277
2555,person,0.99800366,30,109,122,359,91374,31657,0.1331018518518518,0,31657_91374_0,31657_91374
2556,person,0.99777335,285,42,478,359,91374,31657,0.354056712962963,3,31657_91374_3,31657_91374
2557,person,0.98685294,149,53,243,360,91374,31657,0.1670023148148148,2,31657_91374_2,31657_91374
2558,person,0.9644538,227,81,318,354,91374,31657,0.1437673611111111,1,31657_91374_1,31657_91374
2559,person,0.9949556,256,67,480,355,91471,31657,0.3733333333333333,5,31657_91471_5,31657_91471
2560,person,0.9836337,4,128,65,342,91471,31657,0.0755439814814814,1,31657_91471_1,31657_91471
2561,person,0.9687678,85,172,299,360,91471,31657,0.2328240740740741,4,31657_91471_4,31657_91471
2562,person,0.9377909,175,51,309,282,91471,31657,0.1791319444444444,2,31657_91471_2,31657_91471
2563,person,0.8822448,102,143,156,255,91471,31657,0.035,0,31657_91471_0,31657_91471
2564,person,0.59171885,145,99,309,335,91471,31657,0.2239814814814814,3,31657_91471_3,31657_91471
2565,person,0.996879,158,44,302,360,91568,31657,0.2633333333333333,7,31657_91568_7,31657_91568
2566,person,0.99549794,299,92,412,360,91568,31657,0.1752546296296296,6,31657_91568_6,31657_91568
2567,person,0.9888031,21,132,74,344,91568,31657,0.0650231481481481,5,31657_91568_5,31657_91568
2568,person,0.8577222,69,137,126,250,91568,31657,0.0372743055555555,4,31657_91568_4,31657_91568
2569,tie,0.6923889,210,121,226,181,91568,31657,0.0055555555555555,0,31657_91568_0,31657_91568
2570,person,0.6705272,129,139,168,258,91568,31657,0.0268576388888888,3,31657_91568_3,31657_91568
2571,tie,0.5867247,215,116,235,184,91568,31657,0.0078703703703703,1,31657_91568_1,31657_91568
2572,tie,0.5533719,207,118,225,206,91568,31657,0.0091666666666666,2,31657_91568_2,31657_91568
2573,person,0.99805826,162,46,309,359,91665,31657,0.2662673611111111,4,31657_91665_4,31657_91665
2574,person,0.98180056,21,133,74,339,91665,31657,0.0631828703703703,2,31657_91665_2,31657_91665
2575,person,0.95618105,289,125,356,351,91665,31657,0.0876273148148148,3,31657_91665_3,31657_91665
2576,person,0.8504384,125,136,176,253,91665,31657,0.03453125,0,31657_91665_0,31657_91665
2577,person,0.7619773,67,136,124,249,91665,31657,0.0372743055555555,1,31657_91665_1,31657_91665
2578,person,0.99784064,137,46,265,357,91762,31657,0.2303703703703704,5,31657_91762_5,31657_91762
2579,person,0.9929826,281,112,355,353,91762,31657,0.1032060185185185,4,31657_91762_4,31657_91762
2580,person,0.9871688,24,131,79,347,91762,31657,0.06875,3,31657_91762_3,31657_91762
2581,person,0.824757,68,140,125,256,91762,31657,0.0382638888888888,1,31657_91762_1,31657_91762
2582,tie,0.7171849,200,121,222,210,91762,31657,0.0113310185185185,0,31657_91762_0,31657_91762
2583,person,0.65111536,266,121,306,345,91762,31657,0.0518518518518518,2,31657_91762_2,31657_91762
2584,person,0.9936429,237,63,398,356,91859,31657,0.2729918981481481,6,31657_91859_6,31657_91859
2585,person,0.9890564,29,38,221,349,91859,31657,0.3455555555555556,7,31657_91859_7,31657_91859
2586,person,0.943299,396,83,477,358,91859,31657,0.12890625,5,31657_91859_5,31657_91859
2587,person,0.7211175999999999,186,122,260,329,91859,31657,0.0886458333333333,4,31657_91859_4,31657_91859
2588,tie,0.653788,292,145,316,241,91859,31657,0.0133333333333333,3,31657_91859_3,31657_91859
2589,tie,0.55969054,137,128,153,174,91859,31657,0.0042592592592592,1,31657_91859_1,31657_91859
2590,tie,0.5478975,142,128,156,176,91859,31657,0.0038888888888888,0,31657_91859_0,31657_91859
2591,tie,0.5094002999999999,285,148,305,239,91859,31657,0.0105324074074074,2,31657_91859_2,31657_91859
2592,person,0.99490064,245,59,411,358,91956,31657,0.2872337962962963,4,31657_91956_4,31657_91956
2593,person,0.97758293,4,45,250,352,91956,31657,0.4370486111111111,5,31657_91956_5,31657_91956
2594,person,0.9638248,389,89,479,355,91956,31657,0.1385416666666666,2,31657_91956_2,31657_91956
2595,tie,0.7876236,306,147,333,223,91956,31657,0.011875,1,31657_91956_1,31657_91956
2596,tie,0.71545815,302,149,324,224,91956,31657,0.0095486111111111,0,31657_91956_0,31657_91956
2597,person,0.62777984,16,93,143,348,91956,31657,0.1874131944444445,3,31657_91956_3,31657_91956
2598,person,0.991922,265,62,397,358,92053,31657,0.2261111111111111,3,31657_92053_3,31657_92053
2599,person,0.9743105,393,86,477,360,92053,31657,0.1331944444444444,1,31657_92053_1,31657_92053
2600,person,0.9630077,10,52,248,351,92053,31657,0.4118171296296296,4,31657_92053_4,31657_92053
2601,person,0.8270006999999999,15,93,138,349,92053,31657,0.1822222222222222,2,31657_92053_2,31657_92053
2602,person,0.79320395,171,129,278,343,92053,31657,0.132511574074074,0,31657_92053_0,31657_92053
2603,person,0.9908208,78,73,245,355,92150,31657,0.2725347222222222,3,31657_92150_3,31657_92150
2604,person,0.9872197,316,96,455,359,92150,31657,0.2115567129629629,2,31657_92150_2,31657_92150
2605,person,0.9863659,0,104,106,350,92150,31657,0.1509027777777777,1,31657_92150_1,31657_92150
2606,person,0.97358286,243,124,335,345,92150,31657,0.117662037037037,0,31657_92150_0,31657_92150
2607,person,0.9990491,107,39,217,357,92247,31657,0.2024305555555556,0,31657_92247_0,31657_92247
2608,person,0.98857844,191,63,334,349,92247,31657,0.2366782407407408,1,31657_92247_1,31657_92247
2609,person,0.97147375,162,59,390,360,92344,31657,0.3971527777777778,5,31657_92344_5,31657_92344
2610,person,0.95063126,314,89,476,358,92344,31657,0.2521875,3,31657_92344_3,31657_92344
2611,person,0.91708535,131,39,216,281,92344,31657,0.1190393518518518,2,31657_92344_2,31657_92344
2612,person,0.914433,1,27,150,360,92344,31657,0.2871354166666666,4,31657_92344_4,31657_92344
2613,person,0.8574258,372,55,461,172,92344,31657,0.0602604166666666,1,31657_92344_1,31657_92344
2614,person,0.8543376,282,48,353,153,92344,31657,0.0431423611111111,0,31657_92344_0,31657_92344
2615,person,0.9966658000000002,129,37,281,353,92441,31657,0.2779629629629629,3,31657_92441_3,31657_92441
2616,person,0.9954366,259,30,479,360,92441,31657,0.4201388888888889,4,31657_92441_4,31657_92441
2617,person,0.9672258,2,8,135,360,92441,31657,0.2709259259259259,2,31657_92441_2,31657_92441
2618,tie,0.9432481,205,129,226,204,92441,31657,0.0091145833333333,0,31657_92441_0,31657_92441
2619,tie,0.8852519,209,126,239,226,92441,31657,0.0173611111111111,1,31657_92441_1,31657_92441
2620,person,0.9947061,252,35,478,360,92538,31657,0.4250578703703704,4,31657_92538_4,31657_92538
2621,person,0.9943119,138,31,295,349,92538,31657,0.2889236111111111,3,31657_92538_3,31657_92538
2622,person,0.9725415,2,3,120,354,92538,31657,0.2396875,2,31657_92538_2,31657_92538
2623,tie,0.73080415,214,122,237,202,92538,31657,0.0106481481481481,0,31657_92538_0,31657_92538
2624,person,0.598797,36,48,124,341,92538,31657,0.1492129629629629,1,31657_92538_1,31657_92538
2625,person,0.9847074,128,70,339,359,92635,31657,0.3528877314814815,4,31657_92635_4,31657_92635
2626,person,0.9601908,4,73,219,356,92635,31657,0.3521122685185185,3,31657_92635_3,31657_92635
2627,person,0.922211,258,49,354,244,92635,31657,0.1083333333333333,0,31657_92635_0,31657_92635
2628,person,0.7789729000000001,248,53,362,323,92635,31657,0.178125,1,31657_92635_1,31657_92635
2629,person,0.5016457000000001,199,51,353,345,92635,31657,0.2620138888888889,2,31657_92635_2,31657_92635
2630,person,0.99375254,200,43,376,360,92732,31657,0.3228703703703704,6,31657_92732_6,31657_92732
2631,person,0.98292714,41,65,174,350,92732,31657,0.2193576388888889,5,31657_92732_5,31657_92732
2632,person,0.95600384,365,92,448,353,92732,31657,0.1253645833333333,3,31657_92732_3,31657_92732
2633,person,0.9077362,1,71,51,338,92732,31657,0.0772569444444444,0,31657_92732_0,31657_92732
2634,person,0.75810087,164,90,267,357,92732,31657,0.1591493055555555,4,31657_92732_4,31657_92732
2635,person,0.6871329,344,90,414,353,92732,31657,0.1065393518518518,2,31657_92732_2,31657_92732
2636,person,0.670144,337,83,392,345,92732,31657,0.0833912037037037,1,31657_92732_1,31657_92732
2637,person,0.9934016,225,43,395,360,92829,31657,0.3118634259259259,4,31657_92829_4,31657_92829
2638,person,0.97205997,3,69,70,357,92829,31657,0.1116666666666666,0,31657_92829_0,31657_92829
2639,person,0.9718285,167,79,256,358,92829,31657,0.1436979166666666,2,31657_92829_2,31657_92829
2640,person,0.9519356,58,68,178,354,92829,31657,0.1986111111111111,3,31657_92829_3,31657_92829
2641,person,0.8328141,344,71,413,351,92829,31657,0.1118055555555555,1,31657_92829_1,31657_92829
2642,person,0.99813795,27,58,164,360,92926,31657,0.2394328703703704,4,31657_92926_4,31657_92926
2643,person,0.99327224,353,83,466,360,92926,31657,0.1811400462962963,1,31657_92926_1,31657_92926
2644,person,0.9781325,254,78,368,353,92926,31657,0.1814236111111111,2,31657_92926_2,31657_92926
2645,person,0.94483405,140,55,271,353,92926,31657,0.2259143518518518,3,31657_92926_3,31657_92926
2646,person,0.6013409000000001,109,67,163,139,92926,31657,0.0225,0,31657_92926_0,31657_92926
2647,person,0.9878115,130,29,272,356,93023,31657,0.2687152777777777,4,31657_93023_4,31657_93023
2648,person,0.983244,251,60,386,360,93023,31657,0.234375,3,31657_93023_3,31657_93023
2649,person,0.98043925,38,41,120,357,93023,31657,0.1499537037037037,1,31657_93023_1,31657_93023
2650,person,0.93621343,341,67,472,351,93023,31657,0.2153009259259259,2,31657_93023_2,31657_93023
2651,person,0.7346103,87,56,154,282,93023,31657,0.0876273148148148,0,31657_93023_0,31657_93023
2652,person,0.93385786,113,0,337,200,93120,31657,0.2592592592592592,1,31657_93120_1,31657_93120
2653,person,0.88545656,377,0,479,360,93120,31657,0.2125,0,31657_93120_0,31657_93120
2654,person,0.97456235,199,0,465,355,93217,31657,0.5464699074074074,2,31657_93217_2,31657_93217
2655,person,0.95706385,3,0,112,287,93217,31657,0.1810358796296296,1,31657_93217_1,31657_93217
2656,person,0.74475956,115,2,290,169,93217,31657,0.1691261574074074,0,31657_93217_0,31657_93217
2657,person,0.971376,29,43,217,354,93314,31657,0.3383564814814815,2,31657_93314_2,31657_93314
2658,person,0.9649342,220,58,391,333,93314,31657,0.2721354166666667,0,31657_93314_0,31657_93314
2659,person,0.9623242,329,0,480,357,93314,31657,0.3119618055555556,1,31657_93314_1,31657_93314
2660,person,0.8572199,120,0,336,173,93411,31657,0.21625,2,31657_93411_2,31657_93411
2661,person,0.83288306,0,0,117,295,93411,31657,0.1997395833333333,0,31657_93411_0,31657_93411
2662,person,0.74004704,266,0,480,285,93411,31657,0.3529513888888889,3,31657_93411_3,31657_93411
2663,person,0.52409613,348,12,475,300,93411,31657,0.2116666666666666,1,31657_93411_1,31657_93411
2664,person,0.943501,11,3,220,240,93508,31657,0.2866493055555556,2,31657_93508_2,31657_93508
2665,person,0.81160796,25,0,308,275,93508,31657,0.4503761574074074,4,31657_93508_4,31657_93508
2666,person,0.7631551999999999,226,0,480,289,93508,31657,0.4248032407407407,3,31657_93508_3,31657_93508
2667,person,0.71498156,324,0,475,299,93508,31657,0.2612789351851852,1,31657_93508_1,31657_93508
2668,person,0.5038018,198,0,429,188,93508,31657,0.2513194444444444,0,31657_93508_0,31657_93508
2669,person,0.98910517,19,42,189,358,93605,31657,0.3108796296296296,4,31657_93605_4,31657_93605
2670,person,0.984484,273,34,477,351,93605,31657,0.3742361111111111,5,31657_93605_5,31657_93605
2671,person,0.9411457,131,35,262,355,93605,31657,0.2425925925925925,3,31657_93605_3,31657_93605
2672,person,0.9309031,236,59,355,329,93605,31657,0.1859375,2,31657_93605_2,31657_93605
2673,person,0.84380126,1,52,59,234,93605,31657,0.0610879629629629,0,31657_93605_0,31657_93605
2674,person,0.573461,0,37,56,340,93605,31657,0.0981944444444444,1,31657_93605_1,31657_93605
2675,person,0.9859677,126,32,245,354,93702,31657,0.2217476851851852,2,31657_93702_2,31657_93702
2676,person,0.9834176,251,59,386,348,93702,31657,0.22578125,3,31657_93702_3,31657_93702
2677,person,0.9680998,4,57,172,356,93702,31657,0.2906944444444444,4,31657_93702_4,31657_93702
2678,person,0.92969733,351,83,476,357,93702,31657,0.1982060185185184,1,31657_93702_1,31657_93702
2679,person,0.83742297,0,50,62,201,93702,31657,0.0541782407407407,0,31657_93702_0,31657_93702
2680,person,0.99096197,66,26,185,360,93799,31657,0.2300115740740741,0,31657_93799_0,31657_93799
2681,person,0.98799044,179,66,340,358,93799,31657,0.2720601851851852,1,31657_93799_1,31657_93799
2682,person,0.9925638,121,77,336,349,93896,31657,0.3384259259259259,2,31657_93896_2,31657_93896
2683,person,0.7762901999999999,290,78,351,158,93896,31657,0.0282407407407407,1,31657_93896_1,31657_93896
2684,person,0.59307736,367,76,408,142,93896,31657,0.0156597222222222,0,31657_93896_0,31657_93896
2685,person,0.993804,40,26,161,356,93993,31657,0.2310763888888889,1,31657_93993_1,31657_93993
2686,person,0.9844221,137,67,319,353,93993,31657,0.3012268518518518,2,31657_93993_2,31657_93993
2687,tie,0.6836882,111,111,132,167,93993,31657,0.0068055555555555,0,31657_93993_0,31657_93993
2688,person,0.97962713,357,44,478,352,94090,31657,0.2156712962962963,5,31657_94090_5,31657_94090
2689,person,0.9761939,102,46,212,337,94090,31657,0.1852430555555556,4,31657_94090_4,31657_94090
2690,person,0.96738094,280,39,382,318,94090,31657,0.1646875,2,31657_94090_2,31657_94090
2691,person,0.94685477,220,55,311,311,94090,31657,0.1348148148148148,1,31657_94090_1,31657_94090
2692,person,0.93826354,0,18,90,359,94090,31657,0.1776041666666666,3,31657_94090_3,31657_94090
2693,person,0.6450178000000001,40,38,112,343,94090,31657,0.1270833333333333,0,31657_94090_0,31657_94090
2694,person,0.9796147,349,54,480,356,94187,31657,0.2289467592592592,4,31657_94187_4,31657_94187
2695,person,0.9623186,0,17,104,354,94187,31657,0.202824074074074,2,31657_94187_2,31657_94187
2696,person,0.96228004,250,45,379,330,94187,31657,0.2127604166666666,3,31657_94187_3,31657_94187
2697,person,0.9363317,164,54,280,324,94187,31657,0.18125,0,31657_94187_0,31657_94187
2698,person,0.9359076,80,41,186,353,94187,31657,0.1913888888888889,1,31657_94187_1,31657_94187
2699,person,0.9784532,255,33,385,332,94284,31657,0.2249421296296296,6,31657_94284_6,31657_94284
2700,person,0.9649375,356,57,478,355,94284,31657,0.2103935185185185,5,31657_94284_5,31657_94284
2701,person,0.9631411,0,24,106,354,94284,31657,0.2024305555555556,4,31657_94284_4,31657_94284
2702,person,0.952932,83,33,188,354,94284,31657,0.1950520833333332,3,31657_94284_3,31657_94284
2703,person,0.9509595,153,47,269,323,94284,31657,0.1852777777777778,2,31657_94284_2,31657_94284
2704,handbag,0.66609484,164,130,260,309,94284,31657,0.0994444444444444,1,31657_94284_1,31657_94284
2705,person,0.6589334,241,32,309,185,94284,31657,0.0602083333333333,0,31657_94284_0,31657_94284
2706,person,0.97700113,253,49,385,332,94381,31657,0.2161805555555555,4,31657_94381_4,31657_94381
2707,person,0.96685076,82,38,194,357,94381,31657,0.2067592592592592,3,31657_94381_3,31657_94381
2708,person,0.96320915,366,55,476,353,94381,31657,0.189699074074074,2,31657_94381_2,31657_94381
2709,person,0.93980783,0,22,99,348,94381,31657,0.1867708333333333,1,31657_94381_1,31657_94381
2710,person,0.9376263,158,55,270,334,94381,31657,0.1808333333333332,0,31657_94381_0,31657_94381
2711,person,0.9812149,156,57,274,348,94478,31657,0.1987152777777777,3,31657_94478_3,31657_94478
2712,person,0.97118676,249,51,379,341,94478,31657,0.2181712962962963,5,31657_94478_5,31657_94478
2713,person,0.97036886,83,33,192,359,94478,31657,0.205636574074074,4,31657_94478_4,31657_94478
2714,person,0.9650976,0,23,98,354,94478,31657,0.1877199074074074,1,31657_94478_1,31657_94478
2715,person,0.957394,366,52,472,353,94478,31657,0.1846412037037037,0,31657_94478_0,31657_94478
2716,person,0.73457164,26,45,133,354,94478,31657,0.1913368055555555,2,31657_94478_2,31657_94478
2717,person,0.94188493,17,18,457,331,94575,31657,0.7969907407407407,1,31657_94575_1,31657_94575
2718,person,0.74151236,9,57,278,315,94575,31657,0.4016319444444445,0,31657_94575_0,31657_94575
2719,person,0.98965025,1,62,247,360,94672,31657,0.4242361111111111,2,31657_94672_2,31657_94672
2720,person,0.9880093,247,17,479,355,94672,31657,0.4537962962962963,3,31657_94672_3,31657_94672
2721,tie,0.5832316,105,221,187,342,94672,31657,0.0574189814814814,1,31657_94672_1,31657_94672
2722,tie,0.5390574,344,207,368,280,94672,31657,0.0101388888888888,0,31657_94672_0,31657_94672
2723,person,0.9853199,37,39,210,357,94769,31657,0.3183680555555555,8,31657_94769_8,31657_94769
2724,person,0.9586801,257,54,419,354,94769,31657,0.28125,6,31657_94769_6,31657_94769
2725,person,0.9539986,166,55,304,350,94769,31657,0.2355902777777777,5,31657_94769_5,31657_94769
2726,person,0.7404089,0,68,52,345,94769,31657,0.0833564814814814,3,31657_94769_3,31657_94769
2727,person,0.70949036,394,76,478,346,94769,31657,0.13125,4,31657_94769_4,31657_94769
2728,person,0.6382774999999999,88,50,261,353,94769,31657,0.3033506944444445,7,31657_94769_7,31657_94769
2729,person,0.6315182,283,30,346,220,94769,31657,0.0692708333333333,2,31657_94769_2,31657_94769
2730,tie,0.5827734999999999,216,155,245,218,94769,31657,0.0105729166666666,0,31657_94769_0,31657_94769
2731,tie,0.57699186,115,148,143,223,94769,31657,0.0121527777777777,1,31657_94769_1,31657_94769
2732,person,0.988538,31,33,195,352,94866,31657,0.3027546296296296,6,31657_94866_6,31657_94866
2733,person,0.97945213,285,28,451,359,94866,31657,0.317974537037037,7,31657_94866_7,31657_94866
2734,person,0.97338676,152,52,308,353,94866,31657,0.2717361111111111,5,31657_94866_5,31657_94866
2735,person,0.75876313,0,64,55,360,94866,31657,0.0942129629629629,2,31657_94866_2,31657_94866
2736,tie,0.6849257,112,140,141,205,94866,31657,0.0109085648148148,0,31657_94866_0,31657_94866
2737,tie,0.6832889,103,139,131,209,94866,31657,0.0113425925925925,1,31657_94866_1,31657_94866
2738,person,0.5896916,292,16,372,224,94866,31657,0.0962962962962963,3,31657_94866_3,31657_94866
2739,person,0.52732307,418,50,480,357,94866,31657,0.1101504629629629,4,31657_94866_4,31657_94866
2740,person,0.9717985,92,39,361,357,94963,31657,0.4950347222222222,8,31657_94963_8,31657_94963
2741,person,0.96626896,282,71,480,352,94963,31657,0.3219791666666666,6,31657_94963_6,31657_94963
2742,person,0.9558314,0,82,131,353,94963,31657,0.2054456018518518,5,31657_94963_5,31657_94963
2743,person,0.8894575000000001,28,49,265,355,94963,31657,0.4196875,7,31657_94963_7,31657_94963
2744,tie,0.69098705,208,176,239,277,94963,31657,0.0181192129629629,3,31657_94963_3,31657_94963
2745,tie,0.6380549,352,192,387,283,94963,31657,0.0184317129629629,4,31657_94963_4,31657_94963
2746,tie,0.6028579000000001,359,195,388,258,94963,31657,0.0105729166666666,0,31657_94963_0,31657_94963
2747,tie,0.569397,201,179,226,255,94963,31657,0.0109953703703703,1,31657_94963_1,31657_94963
2748,tie,0.5589472,221,178,251,281,94963,31657,0.0178819444444444,2,31657_94963_2,31657_94963
2749,person,0.8513925999999999,5,5,440,355,95060,31657,0.8810763888888888,0,31657_95060_0,31657_95060
2750,person,0.9719782,273,42,456,358,95157,31657,0.3346527777777778,3,31657_95157_3,31657_95157
2751,person,0.96023905,3,0,241,352,95157,31657,0.4848148148148148,4,31657_95157_4,31657_95157
2752,person,0.95818335,131,12,270,347,95157,31657,0.2694733796296296,1,31657_95157_1,31657_95157
2753,person,0.9066466,241,50,406,353,95157,31657,0.2893229166666666,2,31657_95157_2,31657_95157
2754,person,0.7855946,232,40,344,359,95157,31657,0.2067592592592592,0,31657_95157_0,31657_95157
2755,person,0.9745419,124,15,276,346,95254,31657,0.2911574074074074,2,31657_95254_2,31657_95254
2756,person,0.970489,24,13,156,355,95254,31657,0.26125,1,31657_95254_1,31657_95254
2757,person,0.9435513,322,0,480,355,95254,31657,0.3245949074074074,3,31657_95254_3,31657_95254
2758,person,0.87569,243,51,383,321,95254,31657,0.21875,0,31657_95254_0,31657_95254
2759,person,0.80733716,272,22,446,355,95254,31657,0.3353125,5,31657_95254_5,31657_95254
2760,person,0.7735179,45,10,210,353,95254,31657,0.3275173611111111,4,31657_95254_4,31657_95254
2761,person,0.98135936,104,47,229,343,95545,31657,0.2141203703703704,9,31657_95545_9,31657_95545
2762,person,0.95514363,27,64,118,348,95545,31657,0.1495601851851851,5,31657_95545_5,31657_95545
2763,person,0.9306699,209,64,327,319,95545,31657,0.1741319444444444,6,31657_95545_6,31657_95545
2764,person,0.8834396999999999,356,81,480,359,95545,31657,0.1994907407407407,8,31657_95545_8,31657_95545
2765,person,0.84038204,300,61,420,332,95545,31657,0.1881944444444444,7,31657_95545_7,31657_95545
2766,person,0.6889805,330,101,437,307,95545,31657,0.1275578703703703,4,31657_95545_4,31657_95545
2767,person,0.67052436,425,56,480,152,95545,31657,0.0305555555555555,2,31657_95545_2,31657_95545
2768,tie,0.62763965,154,117,176,207,95545,31657,0.0114583333333333,0,31657_95545_0,31657_95545
2769,person,0.5734889,0,79,62,352,95545,31657,0.0979513888888889,3,31657_95545_3,31657_95545
2770,tie,0.54321146,162,118,186,213,95545,31657,0.0131944444444444,1,31657_95545_1,31657_95545
2771,person,0.99245036,140,23,301,360,95642,31657,0.3139872685185185,1,31657_95642_1,31657_95642
2772,person,0.97723126,264,61,396,352,95642,31657,0.2222916666666666,0,31657_95642_0,31657_95642
2773,person,0.9846245,183,84,340,357,95739,31657,0.2480381944444444,1,31657_95739_1,31657_95739
2774,handbag,0.66861445,195,198,283,341,95739,31657,0.072824074074074,0,31657_95739_0,31657_95739
2775,person,0.9511687,104,40,409,356,95836,31657,0.5577546296296296,0,31657_95836_0,31657_95836
2776,person,0.9913208,69,93,133,339,95933,31657,0.0911111111111111,1,31657_95933_1,31657_95933
2777,person,0.94391567,331,185,477,354,95933,31657,0.1427893518518518,2,31657_95933_2,31657_95933
2778,vase,0.58107954,167,128,216,258,95933,31657,0.0368634259259259,0,31657_95933_0,31657_95933
2779,person,0.9975708,75,111,173,336,96030,31657,0.1276041666666666,1,31657_96030_1,31657_96030
2780,person,0.9806671,303,177,478,348,96030,31657,0.1731770833333333,2,31657_96030_2,31657_96030
2781,vase,0.6430239000000001,178,170,225,268,96030,31657,0.0266550925925925,0,31657_96030_0,31657_96030
2782,person,0.6621473000000001,0,124,92,359,96224,31657,0.1251157407407407,0,31657_96224_0,31657_96224
2783,person,0.9968562,128,64,366,360,96321,31657,0.4076851851851852,1,31657_96321_1,31657_96321
2784,person,0.54934156,251,46,417,360,96321,31657,0.3016435185185185,0,31657_96321_0,31657_96321
2785,person,0.99554235,23,68,167,341,96418,31657,0.2275,1,31657_96418_1,31657_96418
2786,person,0.9379241,178,188,351,357,96418,31657,0.1691956018518518,0,31657_96418_0,31657_96418
2787,person,0.71580386,268,54,419,329,96418,31657,0.2403067129629629,2,31657_96418_2,31657_96418
2788,person,0.99695826,197,29,469,352,96515,31657,0.5084259259259261,1,31657_96515_1,31657_96515
2789,person,0.93993807,0,0,99,357,96515,31657,0.20453125,0,31657_96515_0,31657_96515
2790,person,0.9726467,220,67,479,360,96612,31657,0.4391608796296296,2,31657_96612_2,31657_96612
2791,person,0.93156236,0,5,97,360,96612,31657,0.1992766203703704,1,31657_96612_1,31657_96612
2792,person,0.69332933,280,0,405,121,96612,31657,0.0875289351851851,0,31657_96612_0,31657_96612
2793,person,0.5950273,123,38,423,354,96612,31657,0.5486111111111112,3,31657_96612_3,31657_96612
2794,person,0.9626217,134,11,480,351,96709,31657,0.680787037037037,0,31657_96709_0,31657_96709
2795,person,0.95855695,54,38,480,279,96806,31657,0.5941319444444444,0,31657_96806_0,31657_96806
2796,person,0.99665064,127,58,478,360,96903,31657,0.6134375,1,31657_96903_1,31657_96903
2797,person,0.92045224,2,0,106,360,96903,31657,0.2166666666666666,0,31657_96903_0,31657_96903
2798,person,0.8758353999999999,390,60,477,294,97000,31657,0.1178125,0,31657_97000_0,31657_97000
2799,bed,0.9341003,0,0,480,343,97097,31657,0.9527777777777776,0,31657_97097_0,31657_97097
2800,person,0.8884006999999999,41,0,480,360,97291,31657,0.9145833333333332,2,31657_97291_2,31657_97291
2801,person,0.76059484,173,0,474,152,97291,31657,0.2647685185185185,1,31657_97291_1,31657_97291
2802,cell phone,0.7124202,181,71,246,181,97291,31657,0.0413773148148148,0,31657_97291_0,31657_97291
2803,person,0.8987988000000001,53,0,480,360,97388,31657,0.8895833333333333,1,31657_97388_1,31657_97388
2804,person,0.5580794,206,3,467,216,97388,31657,0.32171875,0,31657_97388_0,31657_97388
2805,person,0.75909376,20,18,478,334,97485,31657,0.8375462962962963,0,31657_97485_0,31657_97485
2806,person,0.9784169,289,18,456,359,97582,31657,0.3295543981481481,2,31657_97582_2,31657_97582
2807,person,0.9776462,27,53,209,351,97582,31657,0.3138657407407407,0,31657_97582_0,31657_97582
2808,person,0.9764298,174,44,349,360,97582,31657,0.3200231481481481,1,31657_97582_1,31657_97582
2809,person,0.9799993,281,20,447,359,97679,31657,0.3256597222222222,2,31657_97679_2,31657_97679
2810,person,0.9754437,32,55,203,350,97679,31657,0.2919270833333333,0,31657_97679_0,31657_97679
2811,person,0.9744674,150,41,331,360,97679,31657,0.3341377314814814,3,31657_97679_3,31657_97679
2812,person,0.5783581999999999,96,51,270,359,97679,31657,0.3101388888888889,1,31657_97679_1,31657_97679
2813,person,0.9945667,24,58,197,353,97776,31657,0.2953414351851852,0,31657_97776_0,31657_97776
2814,person,0.98673624,151,42,336,356,97776,31657,0.3361689814814815,2,31657_97776_2,31657_97776
2815,person,0.9783361,289,10,446,356,97776,31657,0.3143634259259259,1,31657_97776_1,31657_97776
2816,person,0.9930074,34,56,196,350,97873,31657,0.275625,1,31657_97873_1,31657_97873
2817,person,0.9856269,160,42,357,360,97873,31657,0.3625347222222222,2,31657_97873_2,31657_97873
2818,person,0.969386,322,22,463,359,97873,31657,0.2749826388888889,0,31657_97873_0,31657_97873
2819,person,0.99481297,204,28,403,359,97970,31657,0.3811863425925926,2,31657_97970_2,31657_97970
2820,person,0.9873833,79,44,257,352,97970,31657,0.3172685185185185,1,31657_97970_1,31657_97970
2821,person,0.5009047000000001,149,40,320,360,97970,31657,0.3166666666666666,0,31657_97970_0,31657_97970
2822,person,0.9916821,343,16,480,356,98067,31657,0.2695601851851852,1,31657_98067_1,31657_98067
2823,person,0.9827565,0,54,146,356,98067,31657,0.255162037037037,0,31657_98067_0,31657_98067
2824,person,0.9493099,109,95,296,348,98067,31657,0.2737905092592592,2,31657_98067_2,31657_98067
2825,person,0.9877731,339,12,480,353,98164,31657,0.2782465277777777,2,31657_98164_2,31657_98164
2826,person,0.9809536,5,40,148,353,98164,31657,0.2590219907407407,0,31657_98164_0,31657_98164
2827,person,0.97744924,130,101,306,356,98164,31657,0.2597222222222222,1,31657_98164_1,31657_98164
2828,person,0.98523545,332,15,480,357,98261,31657,0.2929166666666666,3,31657_98261_3,31657_98261
2829,person,0.98029906,1,46,155,355,98261,31657,0.2753819444444445,2,31657_98261_2,31657_98261
2830,person,0.97215885,136,100,302,353,98261,31657,0.2430439814814815,1,31657_98261_1,31657_98261
2831,person,0.5310309,300,182,359,300,98261,31657,0.0402893518518518,0,31657_98261_0,31657_98261
2832,person,0.98420435,322,16,477,358,98358,31657,0.3067708333333333,2,31657_98358_2,31657_98358
2833,person,0.98087674,5,47,161,350,98358,31657,0.2735416666666667,1,31657_98358_1,31657_98358
2834,person,0.9754014,129,95,306,360,98358,31657,0.2714409722222222,0,31657_98358_0,31657_98358
2835,person,0.9885669,320,18,480,357,98455,31657,0.3138888888888889,2,31657_98455_2,31657_98455
2836,person,0.97863936,0,30,158,353,98455,31657,0.2953356481481481,1,31657_98455_1,31657_98455
2837,person,0.95523334,140,90,324,352,98455,31657,0.2789814814814815,0,31657_98455_0,31657_98455
2838,person,0.972423,188,141,236,311,98552,31657,0.0472222222222222,0,31657_98552_0,31657_98552
2839,person,0.98450863,12,185,185,356,98649,31657,0.1711979166666666,1,31657_98649_1,31657_98649
2840,person,0.94400734,153,173,302,334,98649,31657,0.1388252314814815,0,31657_98649_0,31657_98649
2841,person,0.9969253,337,19,447,360,98746,31657,0.2170717592592592,2,31657_98746_2,31657_98746
2842,person,0.98375595,22,183,165,356,98746,31657,0.1431655092592592,1,31657_98746_1,31657_98746
2843,person,0.9465004,159,171,290,335,98746,31657,0.1243287037037037,0,31657_98746_0,31657_98746
2844,person,0.9933507,332,25,438,358,98843,31657,0.2042708333333332,2,31657_98843_2,31657_98843
2845,person,0.97742385,21,186,176,355,98843,31657,0.1515914351851852,1,31657_98843_1,31657_98843
2846,person,0.9302924,158,173,290,331,98843,31657,0.1206944444444444,0,31657_98843_0,31657_98843
2847,person,0.9949646,160,30,396,352,98940,31657,0.4397685185185185,2,31657_98940_2,31657_98940
2848,tie,0.6518229,236,158,261,216,98940,31657,0.0083912037037037,0,31657_98940_0,31657_98940
2849,tie,0.54538906,239,156,271,211,98940,31657,0.0101851851851851,1,31657_98940_1,31657_98940
2850,person,0.99133235,164,26,397,355,99037,31657,0.4436168981481481,0,31657_99037_0,31657_99037
2851,person,0.9947548,149,29,401,349,99134,31657,0.4666666666666667,2,31657_99134_2,31657_99134
2852,tie,0.8299486999999999,239,155,263,222,99134,31657,0.0093055555555555,1,31657_99134_1,31657_99134
2853,tie,0.50766,236,164,258,216,99134,31657,0.0066203703703703,0,31657_99134_0,31657_99134
2854,person,0.995626,1,63,239,357,99231,31657,0.4049305555555556,0,31657_99231_0,31657_99231
2855,person,0.98942286,245,46,470,359,99231,31657,0.4075520833333333,1,31657_99231_1,31657_99231
2856,person,0.994709,0,64,261,358,99328,31657,0.4440625,1,31657_99328_1,31657_99328
2857,person,0.99258137,248,60,470,356,99328,31657,0.3802777777777777,0,31657_99328_0,31657_99328
2858,person,0.9962005,2,56,252,358,99425,31657,0.4369212962962963,1,31657_99425_1,31657_99425
2859,person,0.9900357,242,65,470,356,99425,31657,0.3839583333333333,0,31657_99425_0,31657_99425
2860,person,0.9952454,161,39,392,354,99522,31657,0.42109375,0,31657_99522_0,31657_99522
2861,person,0.99277264,139,34,392,357,99619,31657,0.4729108796296296,0,31657_99619_0,31657_99619
2862,person,0.9958972,2,63,264,359,99716,31657,0.4487962962962963,1,31657_99716_1,31657_99716
2863,person,0.9918093,245,62,473,356,99716,31657,0.3879166666666667,0,31657_99716_0,31657_99716
2864,person,0.9970235,0,64,261,352,99813,31657,0.435,1,31657_99813_1,31657_99813
2865,person,0.9951734,242,60,476,357,99813,31657,0.4021875,0,31657_99813_0,31657_99813
2866,person,0.9971558,0,60,256,349,99910,31657,0.4281481481481481,1,31657_99910_1,31657_99910
2867,person,0.9915768,245,59,465,356,99910,31657,0.378125,0,31657_99910_0,31657_99910
2868,person,0.9942476999999998,135,34,379,347,100007,31657,0.4419675925925926,1,31657_100007_1,31657_100007
2869,tie,0.5344857,234,157,258,211,100007,31657,0.0075,0,31657_100007_0,31657_100007
2870,person,0.9937735,338,24,449,359,100104,31657,0.2151909722222222,2,31657_100104_2,31657_100104
2871,person,0.9742339,156,178,295,333,100104,31657,0.1246817129629629,0,31657_100104_0,31657_100104
2872,person,0.96993524,16,183,164,356,100104,31657,0.1481712962962963,1,31657_100104_1,31657_100104
2873,person,0.99600214,337,25,468,355,100201,31657,0.2501736111111111,2,31657_100201_2,31657_100201
2874,person,0.9834583,14,179,172,351,100201,31657,0.1572685185185185,1,31657_100201_1,31657_100201
2875,person,0.9561234,168,182,282,335,100201,31657,0.1009375,0,31657_100201_0,31657_100201
2876,person,0.99630547,4,51,269,352,100298,31657,0.4616030092592592,2,31657_100298_2,31657_100298
2877,person,0.96619207,262,60,465,346,100298,31657,0.3359837962962963,1,31657_100298_1,31657_100298
2878,tie,0.78617364,114,195,141,291,100298,31657,0.015,0,31657_100298_0,31657_100298
2879,person,0.99437475,0,56,255,355,100395,31657,0.4412326388888889,1,31657_100395_1,31657_100395
2880,person,0.9644222,249,61,453,346,100395,31657,0.3364583333333333,0,31657_100395_0,31657_100395
2881,person,0.9921949,6,51,249,358,100492,31657,0.43171875,1,31657_100492_1,31657_100492
2882,person,0.97699195,232,55,455,359,100492,31657,0.3923148148148149,0,31657_100492_0,31657_100492
2883,person,0.9851435,6,34,252,353,100589,31657,0.4541319444444445,1,31657_100589_1,31657_100589
2884,person,0.98408383,177,59,450,358,100589,31657,0.4723784722222222,2,31657_100589_2,31657_100589
2885,tie,0.77852887,117,171,142,271,100589,31657,0.0144675925925925,0,31657_100589_0,31657_100589
2886,person,0.9935541,0,49,255,355,100686,31657,0.4515625,2,31657_100686_2,31657_100686
2887,person,0.9748003,228,70,457,360,100686,31657,0.3843171296296296,1,31657_100686_1,31657_100686
2888,person,0.58317065,70,77,354,360,100686,31657,0.4651157407407408,3,31657_100686_3,31657_100686
2889,tie,0.5015729,114,187,142,268,100686,31657,0.013125,0,31657_100686_0,31657_100686
2890,person,0.9965108,2,38,271,354,100783,31657,0.4919212962962963,3,31657_100783_3,31657_100783
2891,person,0.9889998,252,52,473,355,100783,31657,0.3875173611111111,2,31657_100783_2,31657_100783
2892,tie,0.7879959,101,172,131,271,100783,31657,0.0171875,0,31657_100783_0,31657_100783
2893,tie,0.70072794,105,167,146,276,100783,31657,0.0258622685185185,1,31657_100783_1,31657_100783
2894,person,0.9953105,11,47,269,359,100880,31657,0.4658333333333333,1,31657_100880_1,31657_100880
2895,person,0.9833845,235,60,458,354,100880,31657,0.3794097222222223,0,31657_100880_0,31657_100880
2896,person,0.99485576,4,43,264,347,100977,31657,0.4574074074074074,1,31657_100977_1,31657_100977
2897,person,0.9892189,235,59,458,357,100977,31657,0.3845717592592592,0,31657_100977_0,31657_100977
2898,person,0.9960135,4,49,268,350,101074,31657,0.4598611111111111,1,31657_101074_1,31657_101074
2899,person,0.9856558,235,62,459,355,101074,31657,0.3798148148148148,0,31657_101074_0,31657_101074
2900,person,0.99016297,94,78,265,360,101268,31657,0.2790625,0,31657_101268_0,31657_101268
2901,person,0.98838437,221,108,417,357,101268,31657,0.2824305555555556,1,31657_101268_1,31657_101268
2902,person,0.9459779,121,36,337,358,101365,31657,0.4025,0,31657_101365_0,31657_101365
2903,person,0.9855903,57,51,249,360,101462,31657,0.3433333333333333,1,31657_101462_1,31657_101462
2904,person,0.9670167,202,96,364,360,101462,31657,0.2475,0,31657_101462_0,31657_101462
2905,scissors,0.5379669,102,70,290,205,101559,31657,0.146875,0,31657_101559_0,31657_101559
2906,scissors,0.5431241,234,137,374,242,101656,31657,0.0850694444444444,0,31657_101656_0,31657_101656
2907,scissors,0.53670585,95,86,289,206,101656,31657,0.1347222222222222,1,31657_101656_1,31657_101656
