,class,score,x1,y1,x2,y2,frame_num,imdb_id,pct_of_frame,instance_num,instance_id,frame_id
0,person,0.99175173,674,34,1102,477,1246,362225,0.2722943474264706,8,362225_1246_8,362225_1246
1,person,0.9815895,186,242,482,539,1246,362225,0.1262522977941176,6,362225_1246_6,362225_1246
2,bottle,0.9740165,980,383,1030,542,1246,362225,0.0114171645220588,4,362225_1246_4,362225_1246
3,person,0.968026,624,272,980,537,1246,362225,0.1354836856617647,7,362225_1246_7,362225_1246
4,person,0.96346384,392,196,596,462,1246,362225,0.0779296875,5,362225_1246_5,362225_1246
5,bottle,0.91145617,1066,416,1111,544,1246,362225,0.0082720588235294,3,362225_1246_3,362225_1246
6,cup,0.715551,1211,489,1253,537,1246,362225,0.0028952205882352,1,362225_1246_1,362225_1246
7,cup,0.5972903,531,405,570,449,1246,362225,0.0024643841911764,0,362225_1246_0,362225_1246
8,bottle,0.595866,876,348,904,426,1246,362225,0.0031364889705882,2,362225_1246_2,362225_1246
9,bottle,0.976143,556,309,613,516,1424,362225,0.0169447954963235,5,362225_1424_5,362225_1424
10,person,0.9602074,76,146,453,538,1424,362225,0.2122357536764706,10,362225_1424_10,362225_1424
11,bottle,0.9529491,691,300,733,497,1424,362225,0.0118824678308823,2,362225_1424_2,362225_1424
12,person,0.9333221,914,106,1125,518,1424,362225,0.1248448988970588,8,362225_1424_8,362225_1424
13,bottle,0.9326935,653,309,705,520,1424,362225,0.0157571231617647,4,362225_1424_4,362225_1424
14,person,0.90709364,1164,121,1280,533,1424,362225,0.0686351102941176,7,362225_1424_7,362225_1424
15,bottle,0.8293835999999999,746,337,821,536,1424,362225,0.0214341107536764,6,362225_1424_6,362225_1424
16,cup,0.8015496,1026,479,1087,536,1424,362225,0.0049933938419117,0,362225_1424_0,362225_1424
17,person,0.77049774,673,54,991,442,1424,362225,0.1771943933823529,9,362225_1424_9,362225_1424
18,bottle,0.6878588000000001,906,364,960,530,1424,362225,0.0128733915441176,3,362225_1424_3,362225_1424
19,bowl,0.6575300999999999,422,494,514,538,1424,362225,0.005813419117647,1,362225_1424_1,362225_1424
20,bottle,0.92936116,712,198,782,411,1602,362225,0.0214125689338235,1,362225_1602_1,362225_1602
21,car,0.80536556,1232,317,1275,395,1602,362225,0.0048167509191176,0,362225_1602_0,362225_1602
22,person,0.79509604,672,10,1246,424,1602,362225,0.3412741268382353,5,362225_1602_5,362225_1602
23,bottle,0.78183866,758,240,850,408,1602,362225,0.0221966911764705,2,362225_1602_2,362225_1602
24,person,0.7069743,616,15,951,445,1602,362225,0.2068732766544117,3,362225_1602_3,362225_1602
25,person,0.51835626,12,151,701,470,1602,362225,0.3156465418198529,4,362225_1602_4,362225_1602
26,person,0.9942971,58,17,572,537,1780,362225,0.3838465073529412,3,362225_1780_3,362225_1780
27,person,0.95810217,520,24,981,544,1780,362225,0.3442670036764705,2,362225_1780_2,362225_1780
28,person,0.776364,965,60,1273,543,1780,362225,0.2136431525735294,1,362225_1780_1,362225_1780
29,bottle,0.6869852,510,337,615,536,1780,362225,0.030007755055147,0,362225_1780_0,362225_1780
30,person,0.6868491,133,3,837,530,1780,362225,0.5328125,4,362225_1780_4,362225_1780
31,person,0.9934006,426,13,943,538,1958,362225,0.3897992302389705,3,362225_1958_3,362225_1958
32,bottle,0.9177105,961,197,1070,522,1958,362225,0.0508745978860294,1,362225_1958_1,362225_1958
33,dog,0.8900138000000001,604,437,752,537,1958,362225,0.0212545955882352,0,362225_1958_0,362225_1958
34,person,0.6836409000000001,17,18,384,539,1958,362225,0.2745964499080882,2,362225_1958_2,362225_1958
35,person,0.9851158,97,12,701,533,2136,362225,0.4519244025735294,0,362225_2136_0,362225_2136
36,person,0.5405800999999999,610,0,1280,518,2136,362225,0.4984202665441176,1,362225_2136_1,362225_2136
37,person,0.95351994,516,78,1108,533,2314,362225,0.3868336397058824,4,362225_2314_4,362225_2314
38,person,0.94346225,14,55,579,541,2314,362225,0.3943445542279412,5,362225_2314_5,362225_2314
39,person,0.7878824000000001,1068,24,1280,453,2314,362225,0.1306123621323529,1,362225_2314_1,362225_2314
40,person,0.61618257,408,89,862,544,2314,362225,0.2966595818014705,2,362225_2314_2,362225_2314
41,person,0.519112,787,19,1235,544,2314,362225,0.3377757352941176,3,362225_2314_3,362225_2314
42,person,0.50496435,1115,15,1280,352,2314,362225,0.0798555261948529,0,362225_2314_0,362225_2314
43,person,0.95945245,577,18,996,529,2492,362225,0.3074865004595588,1,362225_2492_1,362225_2492
44,person,0.9529978,0,20,333,522,2492,362225,0.2400706571691177,0,362225_2492_0,362225_2492
45,person,0.97744614,80,18,791,523,2670,362225,0.5156465418198529,3,362225_2670_3,362225_2670
46,person,0.9731535,377,15,789,493,2670,362225,0.2828239889705882,1,362225_2670_1,362225_2670
47,bed,0.8892789000000001,491,352,1280,533,2670,362225,0.2050910500919117,0,362225_2670_0,362225_2670
48,bed,0.5548819,215,291,1280,544,2670,362225,0.3869557100183824,2,362225_2670_2,362225_2670
49,chair,0.9483397,564,413,647,507,2848,362225,0.0112046185661764,1,362225_2848_1,362225_2848
50,person,0.9333612,343,335,374,433,2848,362225,0.0043629365808823,0,362225_2848_0,362225_2848
51,chair,0.9315166,718,412,799,523,2848,362225,0.0129121668198529,3,362225_2848_3,362225_2848
52,umbrella,0.88503915,205,181,296,498,2848,362225,0.0414277918198529,5,362225_2848_5,362225_2848
53,chair,0.8508048,825,404,917,511,2848,362225,0.0141371783088235,4,362225_2848_4,362225_2848
54,chair,0.82961625,624,394,709,492,2848,362225,0.011962890625,2,362225_2848_2,362225_2848
55,chair,0.9378297,560,410,645,506,3026,362225,0.01171875,1,362225_3026_1,362225_3026
56,chair,0.9353525,715,415,797,523,3026,362225,0.0127182904411764,3,362225_3026_3,362225_3026
57,person,0.901129,372,352,438,455,3026,362225,0.0097627527573529,0,362225_3026_0,362225_3026
58,chair,0.8731540000000001,824,403,916,513,3026,362225,0.0145335477941176,4,362225_3026_4,362225_3026
59,chair,0.8634940000000001,619,393,709,491,3026,362225,0.0126665900735294,2,362225_3026_2,362225_3026
60,umbrella,0.78537166,202,176,294,490,3026,362225,0.0414866727941176,5,362225_3026_5,362225_3026
61,car,0.94293666,620,296,755,385,3382,362225,0.0172549977022058,0,362225_3382_0,362225_3382
62,person,0.9862942,459,85,1089,488,3560,362225,0.3646168428308824,3,362225_3560_3,362225_3560
63,person,0.87918735,111,40,519,466,3560,362225,0.249609375,1,362225_3560_1,362225_3560
64,chair,0.7510069,13,41,489,419,3560,362225,0.2583984375,2,362225_3560_2,362225_3560
65,chair,0.5500339,0,19,264,307,3560,362225,0.1091911764705882,0,362225_3560_0,362225_3560
66,person,0.94697773,381,233,417,277,3738,362225,0.0022748161764705,0,362225_3738_0,362225_3738
67,car,0.9177128,264,190,697,462,3738,362225,0.169140625,3,362225_3738_3,362225_3738
68,person,0.8830158000000001,460,223,514,279,3738,362225,0.0043428308823529,1,362225_3738_1,362225_3738
69,person,0.7871149000000001,369,233,425,289,3738,362225,0.0045036764705882,2,362225_3738_2,362225_3738
70,car,0.9704756,621,160,1129,473,3916,362225,0.2283490349264706,3,362225_3916_3,362225_3916
71,person,0.9305074,945,202,1004,275,3916,362225,0.0061853745404411,2,362225_3916_2,362225_3916
72,person,0.80694175,829,210,891,264,3916,362225,0.0048081341911764,1,362225_3916_1,362225_3916
73,person,0.6431723000000001,835,215,877,266,3916,362225,0.003076171875,0,362225_3916_0,362225_3916
74,person,0.99339193,145,15,623,531,4094,362225,0.3542164522058823,2,362225_4094_2,362225_4094
75,oven,0.6730364999999999,615,214,1227,544,4094,362225,0.2900390625,1,362225_4094_1,362225_4094
76,handbag,0.5096765000000001,483,173,695,526,4094,362225,0.107473575367647,0,362225_4094_0,362225_4094
77,person,0.9993393,111,45,326,439,4272,362225,0.1216538373161764,0,362225_4272_0,362225_4272
78,person,0.9876716,231,51,941,544,4450,362225,0.502685546875,1,362225_4450_1,362225_4450
79,person,0.76727104,187,68,656,544,4450,362225,0.32060546875,0,362225_4450_0,362225_4450
80,person,0.9968022,324,12,882,529,4628,362225,0.4143008961397059,0,362225_4628_0,362225_4628
81,person,0.9454484,0,384,124,535,4806,362225,0.0268899356617647,0,362225_4806_0,362225_4806
82,person,0.8946419,904,82,1277,286,4806,362225,0.10927734375,3,362225_4806_3,362225_4806
83,person,0.8903791999999999,781,0,1280,332,4806,362225,0.2379193474264705,4,362225_4806_4,362225_4806
84,person,0.7945591999999999,1019,11,1280,284,4806,362225,0.1023279526654411,2,362225_4806_2,362225_4806
85,person,0.678832,1050,117,1280,282,4806,362225,0.0545008042279411,1,362225_4806_1,362225_4806
86,person,0.9842817,499,21,1253,532,4984,362225,0.5533289292279412,1,362225_4984_1,362225_4984
87,person,0.7830971999999999,512,240,696,488,4984,362225,0.0655330882352941,0,362225_4984_0,362225_4984
88,person,0.93237513,494,332,524,399,5162,362225,0.0028866038602941,0,362225_5162_0,362225_5162
89,person,0.9963096,444,140,767,544,5340,362225,0.18740234375,1,362225_5340_1,362225_5340
90,person,0.9867942,653,90,826,533,5340,362225,0.1100629021139706,0,362225_5340_0,362225_5340
91,person,0.9807554,202,0,898,542,5518,362225,0.5417509191176471,0,362225_5518_0,362225_5518
92,horse,0.81873834,158,0,959,539,5696,362225,0.6200295840992647,0,362225_5696_0,362225_5696
93,person,0.5244486999999999,158,0,974,533,5696,362225,0.624609375,1,362225_5696_1,362225_5696
94,person,0.9974485,207,25,918,538,5874,362225,0.5238151999080882,1,362225_5874_1,362225_5874
95,person,0.9957694,1041,5,1280,532,5874,362225,0.1808837890625,0,362225_5874_0,362225_5874
96,person,0.9979621,322,40,667,531,6052,362225,0.2432717715992647,1,362225_6052_1,362225_6052
97,person,0.9846442,601,1,868,539,6052,362225,0.2062930836397059,0,362225_6052_0,362225_6052
98,person,0.9903993,3,51,836,544,6230,362225,0.5897705078125,6,362225_6230_6,362225_6230
99,person,0.9007708,691,369,1115,539,6230,362225,0.103515625,2,362225_6230_2,362225_6230
100,person,0.88503176,0,56,426,534,6230,362225,0.292434512867647,4,362225_6230_4,362225_6230
101,person,0.7234844,528,344,1133,534,6230,362225,0.1650821461397058,3,362225_6230_3,362225_6230
102,person,0.6766048000000001,900,369,1116,532,6230,362225,0.0505629595588235,0,362225_6230_0,362225_6230
103,person,0.5811430000000001,652,374,949,522,6230,362225,0.0631261488970588,1,362225_6230_1,362225_6230
104,person,0.55112004,217,297,1132,534,6230,362225,0.3114300896139705,5,362225_6230_5,362225_6230
105,person,0.9739367,33,0,985,541,6408,362225,0.7396484375,1,362225_6408_1,362225_6408
106,person,0.899216,0,10,584,513,6408,362225,0.4218635110294118,0,362225_6408_0,362225_6408
107,person,0.9994154,569,15,729,501,6586,362225,0.111672794117647,0,362225_6586_0,362225_6586
108,person,0.94323915,0,230,758,513,6764,362225,0.3080681295955882,2,362225_6764_2,362225_6764
109,person,0.79693276,442,279,725,500,6764,362225,0.0898193359375,0,362225_6764_0,362225_6764
110,person,0.5062844,298,277,751,514,6764,362225,0.1541834214154411,1,362225_6764_1,362225_6764
111,person,0.78975964,614,201,780,294,6942,362225,0.022170840992647,1,362225_6942_1,362225_6942
112,person,0.5408552,589,194,813,321,6942,362225,0.0408547794117647,2,362225_6942_2,362225_6942
113,person,0.5111194,715,201,781,256,6942,362225,0.0052131204044117,0,362225_6942_0,362225_6942
114,person,0.9767492,445,102,537,322,7120,362225,0.0290670955882352,0,362225_7120_0,362225_7120
115,bench,0.9609252,265,309,698,431,7120,362225,0.0758645450367647,3,362225_7120_3,362225_7120
116,horse,0.8826335,729,377,865,538,7120,362225,0.0314453125,1,362225_7120_1,362225_7120
117,bench,0.5593991,252,302,526,424,7120,362225,0.0480066636029411,2,362225_7120_2,362225_7120
118,person,0.9490856,596,218,722,334,7298,362225,0.0209903492647058,1,362225_7298_1,362225_7298
119,person,0.9151634,351,230,483,319,7298,362225,0.0168715533088235,0,362225_7298_0,362225_7298
120,person,0.9621647,435,165,881,292,7654,362225,0.0813447840073529,0,362225_7654_0,362225_7654
121,person,0.7407031999999999,389,37,1280,511,7832,362225,0.6065228630514706,0,362225_7832_0,362225_7832
122,dog,0.67904115,69,64,1077,493,7832,362225,0.6210248161764705,1,362225_7832_1,362225_7832
123,person,0.71716243,0,19,953,519,8010,362225,0.6843118106617647,3,362225_8010_3,362225_8010
124,cow,0.62347233,420,121,1280,533,8010,362225,0.5088465073529411,1,362225_8010_1,362225_8010
125,cat,0.6224835999999999,206,97,1203,524,8010,362225,0.6113841337316176,2,362225_8010_2,362225_8010
126,person,0.51043284,13,0,505,522,8010,362225,0.3688304227941177,0,362225_8010_0,362225_8010
127,person,0.64210325,376,33,1271,490,8188,362225,0.5873951631433824,0,362225_8188_0,362225_8188
128,dog,0.6199326999999999,104,17,1008,494,8188,362225,0.6192670036764706,1,362225_8188_1,362225_8188
129,person,0.8625231,359,18,1263,513,8366,362225,0.6426355698529411,0,362225_8366_0,362225_8366
130,person,0.68858284,107,33,1064,510,8366,362225,0.6555735868566176,2,362225_8366_2,362225_8366
131,dog,0.55412596,109,10,983,523,8366,362225,0.6439022288602941,1,362225_8366_1,362225_8366
132,dog,0.7537603,258,115,1280,539,8544,362225,0.6223115808823529,1,362225_8544_1,362225_8544
133,elephant,0.52494705,212,160,1249,523,8544,362225,0.5406005859375,0,362225_8544_0,362225_8544
134,person,0.7983361,312,17,1248,508,8722,362225,0.6600068933823531,0,362225_8722_0,362225_8722
135,person,0.6284596,75,12,1024,497,8722,362225,0.6609963809742647,1,362225_8722_1,362225_8722
136,person,0.63904446,120,22,824,510,8900,362225,0.4933823529411765,0,362225_8900_0,362225_8900
137,cow,0.77010334,482,67,1280,534,9256,362225,0.5351935891544117,0,362225_9256_0,362225_9256
138,dog,0.6442576999999999,68,79,1280,523,9256,362225,0.7728170955882353,1,362225_9256_1,362225_9256
139,bench,0.60399085,541,323,740,415,9434,362225,0.0262925091911764,0,362225_9434_0,362225_9434
140,person,0.9246895,265,18,920,537,9968,362225,0.4882022633272059,0,362225_9968_0,362225_9968
141,person,0.52756214,499,342,1247,541,10680,362225,0.21376953125,0,362225_10680_0,362225_10680
142,airplane,0.5326623,759,113,1255,544,11214,362225,0.3070082720588235,0,362225_11214_0,362225_11214
143,person,0.99258715,308,3,402,191,11392,362225,0.0253791360294117,7,362225_11392_7,362225_11392
144,potted plant,0.97180253,926,9,1057,141,11392,362225,0.0248334099264705,6,362225_11392_6,362225_11392
145,car,0.9698527,827,21,957,123,11392,362225,0.01904296875,5,362225_11392_5,362225_11392
146,person,0.87967074,675,0,700,55,11392,362225,0.0019746668198529,0,362225_11392_0,362225_11392
147,car,0.8536785,1098,143,1274,447,11392,362225,0.0768382352941176,8,362225_11392_8,362225_11392
148,person,0.8418148000000001,470,1,504,78,11392,362225,0.003759765625,2,362225_11392_2,362225_11392
149,person,0.8233149,728,2,766,106,11392,362225,0.0056755514705882,4,362225_11392_4,362225_11392
150,car,0.8159118000000001,695,11,742,45,11392,362225,0.002294921875,1,362225_11392_1,362225_11392
151,person,0.7749099,765,11,799,107,11392,362225,0.0046875,3,362225_11392_3,362225_11392
152,traffic light,0.7935534000000001,513,15,683,167,11570,362225,0.037109375,0,362225_11570_0,362225_11570
153,tv,0.5642486,0,0,700,468,11570,362225,0.4704733455882353,2,362225_11570_2,362225_11570
154,chair,0.5109536,610,302,816,528,11570,362225,0.0668600643382353,1,362225_11570_1,362225_11570
155,person,0.9746882,33,0,844,539,11748,362225,0.6277702780330883,0,362225_11748_0,362225_11748
156,person,0.98749894,419,138,647,353,11926,362225,0.0703986672794117,7,362225_11926_7,362225_11926
157,person,0.93070036,413,159,470,276,11926,362225,0.0095774931066176,3,362225_11926_3,362225_11926
158,person,0.9199489,634,233,716,325,11926,362225,0.0108340992647058,4,362225_11926_4,362225_11926
159,person,0.8957379999999999,123,228,195,319,11926,362225,0.0094094669117647,2,362225_11926_2,362225_11926
160,potted plant,0.8349373,0,150,147,327,11926,362225,0.0373664407169117,6,362225_11926_6,362225_11926
161,potted plant,0.7163335,259,217,312,302,11926,362225,0.0064697265625,1,362225_11926_1,362225_11926
162,potted plant,0.66641355,212,205,309,304,11926,362225,0.0137910730698529,5,362225_11926_5,362225_11926
163,person,0.5099646,443,162,480,258,11926,362225,0.0051011029411764,0,362225_11926_0,362225_11926
164,person,0.99570364,708,103,1061,544,12104,362225,0.223565314797794,3,362225_12104_3,362225_12104
165,person,0.9913931,447,84,777,544,12104,362225,0.2180032169117647,2,362225_12104_2,362225_12104
166,person,0.77862287,636,74,795,398,12104,362225,0.0739832261029411,0,362225_12104_0,362225_12104
167,person,0.6394879,992,35,1277,538,12104,362225,0.2058751723345588,1,362225_12104_1,362225_12104
168,person,0.99779105,287,30,1139,541,12282,362225,0.6252470128676471,0,362225_12282_0,362225_12282
169,person,0.99555475,382,20,936,544,12460,362225,0.4169002757352941,0,362225_12460_0,362225_12460
170,person,0.99763334,68,58,448,544,12638,362225,0.2652228860294117,5,362225_12638_5,362225_12638
171,person,0.9952017,749,60,1110,524,12638,362225,0.2405560661764706,4,362225_12638_4,362225_12638
172,person,0.9947661,466,238,714,533,12638,362225,0.1050666360294117,3,362225_12638_3,362225_12638
173,clock,0.9882267,571,5,636,69,12638,362225,0.0059742647058823,0,362225_12638_0,362225_12638
174,chair,0.68778414,2,278,105,448,12638,362225,0.025146484375,2,362225_12638_2,362225_12638
175,chair,0.61941653,662,389,738,536,12638,362225,0.0160443474264705,1,362225_12638_1,362225_12638
176,person,0.9949215,246,19,1044,544,12816,362225,0.6016630284926471,0,362225_12816_0,362225_12816
177,person,0.99136,356,38,974,530,12994,362225,0.4366613051470588,4,362225_12994_4,362225_12994
178,person,0.98191273,0,21,262,537,12994,362225,0.1941521139705882,2,362225_12994_2,362225_12994
179,person,0.9712242,1007,0,1280,544,12994,362225,0.21328125,3,362225_12994_3,362225_12994
180,chair,0.7702177,760,118,1001,361,12994,362225,0.0841035730698529,0,362225_12994_0,362225_12994
181,chair,0.6176576,753,150,1046,531,12994,362225,0.1603185317095588,1,362225_12994_1,362225_12994
182,person,0.9978703,63,56,445,541,13172,362225,0.2660701976102941,5,362225_13172_5,362225_13172
183,person,0.99543756,749,61,1111,532,13172,362225,0.2448615579044117,4,362225_13172_4,362225_13172
184,person,0.99497896,467,238,715,537,13172,362225,0.1064912683823529,3,362225_13172_3,362225_13172
185,clock,0.9794112,573,5,637,70,13172,362225,0.0059742647058823,0,362225_13172_0,362225_13172
186,chair,0.7298258000000001,0,278,108,449,13172,362225,0.0265222886029411,2,362225_13172_2,362225_13172
187,chair,0.5289273,667,386,739,541,13172,362225,0.0160271139705882,1,362225_13172_1,362225_13172
188,person,0.99778074,67,63,447,539,13350,362225,0.259765625,4,362225_13350_4,362225_13350
189,person,0.99500185,471,235,719,539,13350,362225,0.1082720588235294,3,362225_13350_3,362225_13350
190,person,0.9914164,747,31,1123,523,13350,362225,0.2656709558823529,5,362225_13350_5,362225_13350
191,clock,0.98103666,574,5,637,70,13350,362225,0.0058809168198529,0,362225_13350_0,362225_13350
192,person,0.97130954,349,91,467,486,13350,362225,0.0669376148897058,2,362225_13350_2,362225_13350
193,chair,0.7739023,3,281,108,439,13350,362225,0.0238252527573529,1,362225_13350_1,362225_13350
194,person,0.97372365,394,12,930,536,13528,362225,0.4033547794117647,3,362225_13528_3,362225_13528
195,person,0.9278886,627,0,1148,542,13528,362225,0.4055348115808824,4,362225_13528_4,362225_13528
196,person,0.8907923000000001,335,14,599,516,13528,362225,0.1903262867647059,2,362225_13528_2,362225_13528
197,person,0.8669015999999999,930,91,1148,539,13528,362225,0.1402573529411764,1,362225_13528_1,362225_13528
198,person,0.5362739000000001,587,0,699,150,13528,362225,0.0241268382352941,0,362225_13528_0,362225_13528
199,person,0.99150944,530,27,1090,529,13706,362225,0.4037224264705882,3,362225_13706_3,362225_13706
200,person,0.9910642,45,52,585,544,13706,362225,0.3815487132352941,2,362225_13706_2,362225_13706
201,person,0.9319667,2,166,85,534,13706,362225,0.0438648897058823,0,362225_13706_0,362225_13706
202,person,0.54189813,0,166,140,525,13706,362225,0.0721794577205882,1,362225_13706_1,362225_13706
203,person,0.9908214,235,10,721,544,13884,362225,0.372707950367647,0,362225_13884_0,362225_13884
204,person,0.9903807,742,0,1280,544,13884,362225,0.4203125,1,362225_13884_1,362225_13884
205,person,0.97397536,359,69,834,535,14062,362225,0.3178854549632353,2,362225_14062_2,362225_14062
206,person,0.96052074,727,0,1181,529,14062,362225,0.3449075137867647,3,362225_14062_3,362225_14062
207,person,0.8987295,21,19,497,544,14062,362225,0.35888671875,4,362225_14062_4,362225_14062
208,person,0.5803873,511,88,948,544,14062,362225,0.2861787683823529,1,362225_14062_1,362225_14062
209,person,0.50880265,709,121,920,478,14062,362225,0.1081787109375,0,362225_14062_0,362225_14062
210,person,0.9834991,160,2,729,544,14240,362225,0.4428969439338235,1,362225_14240_1,362225_14240
211,person,0.62788767,956,476,1132,542,14240,362225,0.0166819852941176,0,362225_14240_0,362225_14240
212,person,0.98663074,193,24,608,534,14418,362225,0.303955078125,2,362225_14418_2,362225_14418
213,person,0.95106786,571,0,1047,521,14418,362225,0.35615234375,3,362225_14418_3,362225_14418
214,person,0.8118531,1,101,236,543,14418,362225,0.149169921875,1,362225_14418_1,362225_14418
215,person,0.79799664,515,65,762,393,14418,362225,0.1163488051470588,0,362225_14418_0,362225_14418
216,person,0.9963786,257,6,666,536,14596,362225,0.3113080193014705,2,362225_14596_2,362225_14596
217,person,0.94746125,666,0,1115,533,14596,362225,0.3436882467830882,3,362225_14596_3,362225_14596
218,person,0.85117006,2,36,294,539,14596,362225,0.2109317555147059,1,362225_14596_1,362225_14596
219,person,0.6634509,519,35,830,389,14596,362225,0.158108340992647,0,362225_14596_0,362225_14596
220,person,0.53241444,9,18,595,544,14596,362225,0.4426642922794118,4,362225_14596_4,362225_14596
221,person,0.99851793,445,115,691,532,14774,362225,0.1473201976102941,6,362225_14774_6,362225_14774
222,person,0.99813205,879,82,1277,543,14774,362225,0.2634966681985294,7,362225_14774_7,362225_14774
223,person,0.95908475,368,265,486,460,14774,362225,0.0330451516544117,5,362225_14774_5,362225_14774
224,person,0.8986384,1176,363,1280,533,14774,362225,0.025390625,4,362225_14774_4,362225_14774
225,person,0.8450376,618,160,661,230,14774,362225,0.0043227251838235,0,362225_14774_0,362225_14774
226,person,0.82831895,832,178,917,262,14774,362225,0.01025390625,1,362225_14774_1,362225_14774
227,chair,0.5640494,358,334,451,481,14774,362225,0.0196332146139705,2,362225_14774_2,362225_14774
228,person,0.5242819000000001,628,167,685,408,14774,362225,0.0197279986213235,3,362225_14774_3,362225_14774
229,person,0.97574776,593,42,859,544,14952,362225,0.1917681525735294,2,362225_14952_2,362225_14952
230,person,0.9579283000000002,355,189,443,342,14952,362225,0.0193359375,0,362225_14952_0,362225_14952
231,person,0.89901215,1,127,81,358,14952,362225,0.0265395220588235,1,362225_14952_1,362225_14952
232,person,0.99585104,358,80,702,544,15130,362225,0.2292279411764705,1,362225_15130_1,362225_15130
233,person,0.84997785,907,104,952,243,15130,362225,0.0089829388786764,0,362225_15130_0,362225_15130
234,person,0.97032857,517,376,739,535,15308,362225,0.0506922104779411,7,362225_15308_7,362225_15308
235,person,0.91972435,681,371,758,530,15308,362225,0.0175824333639705,5,362225_15308_5,362225_15308
236,person,0.9005986999999999,289,453,358,544,15308,362225,0.0090174057904411,4,362225_15308_4,362225_15308
237,person,0.8722415000000001,174,410,285,539,15308,362225,0.0205638212316176,6,362225_15308_6,362225_15308
238,fork,0.8182921999999999,1239,276,1280,338,15308,362225,0.0036506204044117,0,362225_15308_0,362225_15308
239,person,0.7107397,144,451,197,540,15308,362225,0.0067741842830882,2,362225_15308_2,362225_15308
240,person,0.62829965,121,449,166,537,15308,362225,0.0056870404411764,1,362225_15308_1,362225_15308
241,person,0.5987349000000001,463,454,524,539,15308,362225,0.0074462890625,3,362225_15308_3,362225_15308
242,person,0.98125917,115,281,278,524,15486,362225,0.0568833295036764,7,362225_15486_7,362225_15486
243,person,0.975549,576,160,701,346,15486,362225,0.0333898207720588,3,362225_15486_3,362225_15486
244,person,0.96559274,259,301,404,459,15486,362225,0.0329015395220588,2,362225_15486_2,362225_15486
245,person,0.9639986,894,341,1064,544,15486,362225,0.049560546875,6,362225_15486_6,362225_15486
246,person,0.94462234,786,272,921,475,15486,362225,0.0393569048713235,5,362225_15486_5,362225_15486
247,person,0.94065225,1047,330,1280,541,15486,362225,0.0706040326286764,10,362225_15486_10,362225_15486
248,person,0.9316442,461,329,688,538,15486,362225,0.0681339039522058,8,362225_15486_8,362225_15486
249,person,0.9287127,1021,283,1145,482,15486,362225,0.0354377297794117,4,362225_15486_4,362225_15486
250,bottle,0.76082563,733,412,774,514,15486,362225,0.006005859375,1,362225_15486_1,362225_15486
251,person,0.69696474,521,325,752,537,15486,362225,0.0703297334558823,9,362225_15486_9,362225_15486
252,bottle,0.6430201999999999,298,394,323,463,15486,362225,0.0024773092830882,0,362225_15486_0,362225_15486
253,person,0.9928899,639,48,1115,516,15664,362225,0.319921875,4,362225_15664_4,362225_15664
254,person,0.99266726,1078,115,1280,532,15664,362225,0.1209702435661764,3,362225_15664_3,362225_15664
255,bottle,0.98455197,408,304,487,542,15664,362225,0.027001953125,2,362225_15664_2,362225_15664
256,wine glass,0.9566522,630,402,718,544,15664,362225,0.0179457720588235,1,362225_15664_1,362225_15664
257,cup,0.61207306,524,408,608,482,15664,362225,0.0089269301470588,0,362225_15664_0,362225_15664
258,person,0.9733011,347,0,1175,544,15842,362225,0.646875,1,362225_15842_1,362225_15842
259,person,0.8259073,772,71,1280,517,15842,362225,0.3253791360294117,0,362225_15842_0,362225_15842
260,person,0.9968168,160,38,476,530,16020,362225,0.2232766544117647,2,362225_16020_2,362225_16020
261,person,0.9846751,635,61,1210,540,16020,362225,0.3955437155330882,3,362225_16020_3,362225_16020
262,cup,0.916977,590,355,648,426,16020,362225,0.0059139476102941,0,362225_16020_0,362225_16020
263,person,0.7921878000000001,1188,386,1280,490,16020,362225,0.0137408088235294,1,362225_16020_1,362225_16020
264,person,0.99207336,311,0,1206,544,16198,362225,0.69921875,0,362225_16198_0,362225_16198
265,person,0.98518515,285,2,1083,544,16376,362225,0.621145450367647,1,362225_16376_1,362225_16376
266,person,0.9728275,5,8,465,535,16376,362225,0.34814453125,0,362225_16376_0,362225_16376
267,person,0.959313,263,0,1247,544,16554,362225,0.76875,0,362225_16554_0,362225_16554
268,person,0.9945469,109,0,998,536,16732,362225,0.6843175551470588,0,362225_16732_0,362225_16732
269,person,0.93470204,250,0,1266,544,16910,362225,0.79375,1,362225_16910_1,362225_16910
270,person,0.5612017,308,0,876,544,16910,362225,0.44375,0,362225_16910_0,362225_16910
271,person,0.99232304,158,0,1008,544,17088,362225,0.6640625,0,362225_17088_0,362225_17088
272,person,0.994331,117,1,965,530,17266,362225,0.6442325367647059,0,362225_17266_0,362225_17266
273,person,0.9718544,372,0,1280,544,17444,362225,0.709375,0,362225_17444_0,362225_17444
274,person,0.9941439,135,0,953,529,17622,362225,0.6214412913602941,0,362225_17622_0,362225_17622
275,person,0.9962767,200,70,722,524,17800,362225,0.3403435202205882,5,362225_17800_5,362225_17800
276,person,0.99478626,693,54,1126,513,17800,362225,0.2854248046875,4,362225_17800_4,362225_17800
277,chair,0.7722843,970,295,1225,530,17800,362225,0.0860595703125,3,362225_17800_3,362225_17800
278,chair,0.74647254,1096,299,1235,515,17800,362225,0.043118106617647,1,362225_17800_1,362225_17800
279,chair,0.70152366,55,286,250,543,17800,362225,0.0719712201286764,2,362225_17800_2,362225_17800
280,chair,0.58448344,148,271,227,426,17800,362225,0.0175853056066176,0,362225_17800_0,362225_17800
281,person,0.9954627,743,76,1020,544,17978,362225,0.1861730238970588,4,362225_17978_4,362225_17978
282,person,0.99304235,970,191,1182,539,17978,362225,0.1059512867647058,1,362225_17978_1,362225_17978
283,person,0.8991318000000001,7,203,344,537,17978,362225,0.1616469439338235,2,362225_17978_2,362225_17978
284,car,0.8779378000000001,669,247,780,384,17978,362225,0.0218390969669117,0,362225_17978_0,362225_17978
285,car,0.8582466999999999,307,249,722,522,17978,362225,0.1627053653492647,3,362225_17978_3,362225_17978
286,car,0.50666535,145,222,743,542,17978,362225,0.2748161764705882,5,362225_17978_5,362225_17978
287,person,0.93825096,1064,3,1280,544,18156,362225,0.1678193933823529,1,362225_18156_1,362225_18156
288,person,0.7876486999999999,7,405,221,540,18156,362225,0.0414895450367647,0,362225_18156_0,362225_18156
289,person,0.996163,566,6,1044,544,18334,362225,0.3693187040441177,0,362225_18334_0,362225_18334
290,person,0.98936313,0,99,568,538,18512,362225,0.3580997242647059,1,362225_18512_1,362225_18512
291,person,0.98234105,1126,28,1279,534,18512,362225,0.111181640625,0,362225_18512_0,362225_18512
292,person,0.9978241,766,292,831,480,18690,362225,0.0175494025735294,4,362225_18690_4,362225_18690
293,person,0.9807952,102,0,767,544,18690,362225,0.51953125,5,362225_18690_5,362225_18690
294,car,0.97677785,1205,342,1279,440,18690,362225,0.0104147518382352,2,362225_18690_2,362225_18690
295,person,0.9387728,170,298,229,416,18690,362225,0.0099982766544117,1,362225_18690_1,362225_18690
296,car,0.6011156999999999,1025,248,1089,276,18690,362225,0.0025735294117647,0,362225_18690_0,362225_18690
297,car,0.55794334,1161,333,1276,433,18690,362225,0.0165153952205882,3,362225_18690_3,362225_18690
298,person,0.99261755,740,298,885,538,18868,362225,0.0499770220588235,0,362225_18868_0,362225_18868
299,person,0.9785938,749,0,1265,544,18868,362225,0.403125,2,362225_18868_2,362225_18868
300,person,0.8648679,19,0,491,542,18868,362225,0.3673943014705882,1,362225_18868_1,362225_18868
301,car,0.9991628,831,314,1204,467,19046,362225,0.0819580078125,3,362225_19046_3,362225_19046
302,person,0.9795633,0,0,511,541,19046,362225,0.3970171760110294,5,362225_19046_5,362225_19046
303,person,0.97486377,397,321,482,540,19046,362225,0.0267333984375,2,362225_19046_2,362225_19046
304,car,0.7826641,658,283,726,310,19046,362225,0.00263671875,1,362225_19046_1,362225_19046
305,car,0.7453976,778,388,851,413,19046,362225,0.0026209214154411,0,362225_19046_0,362225_19046
306,person,0.7017204,1126,23,1280,541,19046,362225,0.1145622702205882,4,362225_19046_4,362225_19046
307,person,0.99784243,523,28,870,527,19224,362225,0.2486687155330882,0,362225_19224_0,362225_19224
308,bench,0.74952585,76,60,1280,457,19224,362225,0.6864487591911764,1,362225_19224_1,362225_19224
309,person,0.9968432,472,75,809,544,19402,362225,0.2269832835477941,0,362225_19402_0,362225_19402
310,person,0.63064605,201,12,1199,544,19758,362225,0.7624885110294117,0,362225_19758_0,362225_19758
311,sports ball,0.8890379,697,254,734,287,19936,362225,0.0017535041360294,0,362225_19936_0,362225_19936
312,bird,0.6599279,835,301,859,328,20114,362225,0.000930606617647,0,362225_20114_0,362225_20114
313,person,0.8504278000000001,219,479,319,544,20292,362225,0.0093347886029411,1,362225_20292_1,362225_20292
314,person,0.84185505,151,493,223,543,20292,362225,0.0051700367647058,0,362225_20292_0,362225_20292
315,person,0.59153235,164,479,312,544,20292,362225,0.0138154871323529,2,362225_20292_2,362225_20292
316,dog,0.6337215,151,9,984,523,20470,362225,0.614892578125,0,362225_20470_0,362225_20470
317,person,0.99623066,752,119,916,449,20648,362225,0.0777228860294117,3,362225_20648_3,362225_20648
318,person,0.9778527,4,0,286,537,20648,362225,0.2174775965073529,5,362225_20648_5,362225_20648
319,chair,0.96787953,642,432,931,537,20648,362225,0.0435791015625,2,362225_20648_2,362225_20648
320,clock,0.96134245,1002,42,1068,109,20648,362225,0.006350528492647,0,362225_20648_0,362225_20648
321,chair,0.68960977,553,429,700,539,20648,362225,0.0232220818014705,1,362225_20648_1,362225_20648
322,chair,0.64596057,302,277,670,536,20648,362225,0.1368795955882353,4,362225_20648_4,362225_20648
323,person,0.9936878,155,28,817,536,20826,362225,0.4829618566176471,1,362225_20826_1,362225_20826
324,person,0.97743,770,0,1280,544,20826,362225,0.3984375,0,362225_20826_0,362225_20826
325,person,0.98182803,612,306,661,421,21004,362225,0.0080925436580882,0,362225_21004_0,362225_21004
326,car,0.93510467,366,323,626,425,21004,362225,0.0380859375,1,362225_21004_1,362225_21004
327,person,0.8351115,877,83,1008,315,21182,362225,0.0436465992647058,0,362225_21182_0,362225_21182
328,person,0.9970554,373,132,558,505,21360,362225,0.099099551930147,3,362225_21360_3,362225_21360
329,person,0.9840852,758,0,1280,532,21360,362225,0.3988166360294117,5,362225_21360_5,362225_21360
330,chair,0.9137776,142,413,231,526,21360,362225,0.0144430721507352,0,362225_21360_0,362225_21360
331,bench,0.80371153,626,331,864,422,21360,362225,0.031103515625,1,362225_21360_1,362225_21360
332,person,0.72628266,925,6,1280,398,21360,362225,0.1998506433823528,4,362225_21360_4,362225_21360
333,horse,0.6566053000000001,366,296,567,540,21360,362225,0.0704331341911764,2,362225_21360_2,362225_21360
334,person,0.9985453,319,5,758,533,21538,362225,0.3328814338235294,0,362225_21538_0,362225_21538
335,person,0.9920439,742,2,1280,528,21538,362225,0.4064051011029412,1,362225_21538_1,362225_21538
336,person,0.99808264,213,88,738,544,21716,362225,0.3438074448529412,0,362225_21716_0,362225_21716
337,person,0.9885352,807,0,1268,544,21716,362225,0.36015625,1,362225_21716_1,362225_21716
338,person,0.99681324,373,18,1033,537,21894,362225,0.4919289981617647,2,362225_21894_2,362225_21894
339,bottle,0.7121046999999999,806,131,843,201,21894,362225,0.0037195542279411,0,362225_21894_0,362225_21894
340,chair,0.5243532,339,206,528,343,21894,362225,0.037185489430147,1,362225_21894_1,362225_21894
341,person,0.99812216,384,60,951,505,22072,362225,0.3623549517463235,5,362225_22072_5,362225_22072
342,chair,0.94579643,162,401,328,534,22072,362225,0.0317066865808823,4,362225_22072_4,362225_22072
343,couch,0.7324109999999999,2,418,198,529,22072,362225,0.0312442555147058,3,362225_22072_3,362225_22072
344,bottle,0.53242964,666,0,705,81,22072,362225,0.0045367072610294,2,362225_22072_2,362225_22072
345,book,0.5226350000000001,74,140,99,256,22072,362225,0.0041647518382352,0,362225_22072_0,362225_22072
346,book,0.5004629,81,138,107,256,22072,362225,0.0044060202205882,1,362225_22072_1,362225_22072
347,person,0.9981199,484,54,852,537,22250,362225,0.2552619485294117,10,362225_22250_10,362225_22250
348,clock,0.9426076,910,336,951,382,22250,362225,0.0027085248161764,0,362225_22250_0,362225_22250
349,person,0.9016779,243,174,313,296,22250,362225,0.0122644761029411,6,362225_22250_6,362225_22250
350,wine glass,0.8928974000000001,1079,416,1162,535,22250,362225,0.0141845703125,7,362225_22250_7,362225_22250
351,cup,0.7930626999999999,1208,484,1248,544,22250,362225,0.0034466911764705,1,362225_22250_1,362225_22250
352,person,0.7909449000000001,155,0,186,93,22250,362225,0.0041403377757352,2,362225_22250_2,362225_22250
353,person,0.76857114,113,0,153,95,22250,362225,0.0054572610294117,3,362225_22250_3,362225_22250
354,person,0.7640631,681,9,830,164,22250,362225,0.0331672219669117,8,362225_22250_8,362225_22250
355,wine glass,0.7089299,850,422,910,541,22250,362225,0.01025390625,5,362225_22250_5,362225_22250
356,horse,0.5949819000000001,659,31,906,258,22250,362225,0.0805218864889705,9,362225_22250_9,362225_22250
357,wine glass,0.57893187,440,415,500,531,22250,362225,0.0099954044117647,4,362225_22250_4,362225_22250
358,person,0.9979849,365,47,951,499,22428,362225,0.3803883272058824,7,362225_22428_7,362225_22428
359,couch,0.86385524,4,417,193,529,22428,362225,0.0303998161764705,5,362225_22428_5,362225_22428
360,chair,0.7934059,166,391,328,539,22428,362225,0.0344324448529411,6,362225_22428_6,362225_22428
361,book,0.6187183,82,139,198,258,22428,362225,0.01982421875,4,362225_22428_4,362225_22428
362,book,0.53504455,118,147,141,254,22428,362225,0.0035342945772058,2,362225_22428_2,362225_22428
363,book,0.52428544,75,138,97,255,22428,362225,0.0036965762867647,3,362225_22428_3,362225_22428
364,book,0.52139235,63,145,81,252,22428,362225,0.0027659696691176,1,362225_22428_1,362225_22428
365,book,0.5084558,136,152,154,256,22428,362225,0.002688419117647,0,362225_22428_0,362225_22428
366,person,0.99648654,415,33,1024,544,22606,362225,0.4469195197610294,1,362225_22606_1,362225_22606
367,bottle,0.87430775,823,133,858,203,22606,362225,0.003518497242647,0,362225_22606_0,362225_22606
368,person,0.9964281,434,26,1033,544,22784,362225,0.4456025965073529,2,362225_22784_2,362225_22784
369,bottle,0.70550895,823,129,859,198,22784,362225,0.003567325367647,0,362225_22784_0,362225_22784
370,bottle,0.65119267,239,176,352,345,22784,362225,0.0274256089154411,1,362225_22784_1,362225_22784
371,person,0.99855465,517,44,880,532,22962,362225,0.2544002757352941,11,362225_22962_11,362225_22962
372,person,0.9356988000000002,283,170,357,301,22962,362225,0.0139217601102941,7,362225_22962_7,362225_22962
373,horse,0.9338201,709,44,945,237,22962,362225,0.0654124540441176,9,362225_22962_9,362225_22962
374,clock,0.92377496,948,335,994,377,22962,362225,0.0027745863970588,0,362225_22962_0,362225_22962
375,horse,0.9094341,20,66,50,180,22962,362225,0.0049115349264705,2,362225_22962_2,362225_22962
376,wine glass,0.7600716,1178,392,1280,492,22962,362225,0.0146484375,8,362225_22962_8,362225_22962
377,person,0.7572042,197,0,232,90,22962,362225,0.0045237821691176,1,362225_22962_1,362225_22962
378,wine glass,0.6688408,1115,424,1200,535,22962,362225,0.0135498046875,6,362225_22962_6,362225_22962
379,person,0.6426206,151,0,193,93,22962,362225,0.0056094898897058,3,362225_22962_3,362225_22962
380,bottle,0.5961886,1204,449,1259,544,22962,362225,0.0075037339154411,4,362225_22962_4,362225_22962
381,wine glass,0.55740654,438,402,493,523,22962,362225,0.0095573874080882,5,362225_22962_5,362225_22962
382,potted plant,0.5288651999999999,1003,158,1178,524,22962,362225,0.0919835707720588,10,362225_22962_10,362225_22962
383,person,0.9969874,534,20,985,538,23140,362225,0.3355037913602941,8,362225_23140_8,362225_23140
384,person,0.9037731,258,93,293,205,23140,362225,0.0056295955882352,1,362225_23140_1,362225_23140
385,person,0.8791218000000001,389,283,460,413,23140,362225,0.0132553998161764,3,362225_23140_3,362225_23140
386,potted plant,0.87829906,1089,278,1265,535,23140,362225,0.0649586397058823,6,362225_23140_6,362225_23140
387,person,0.8421793,119,172,163,299,23140,362225,0.0080250459558823,2,362225_23140_2,362225_23140
388,person,0.8379561,829,97,964,267,23140,362225,0.032958984375,5,362225_23140_5,362225_23140
389,vase,0.77014875,1129,376,1264,538,23140,362225,0.0314079733455882,4,362225_23140_4,362225_23140
390,person,0.6819595,299,108,329,207,23140,362225,0.0042652803308823,0,362225_23140_0,362225_23140
391,horse,0.55243295,823,147,1049,351,23140,362225,0.0662109375,7,362225_23140_7,362225_23140
392,person,0.9986174,379,41,851,516,23318,362225,0.3219784007352941,3,362225_23318_3,362225_23318
393,person,0.9399978,0,16,339,544,23318,362225,0.2570542279411765,2,362225_23318_2,362225_23318
394,couch,0.7107671,2,410,191,526,23318,362225,0.0314855238970588,1,362225_23318_1,362225_23318
395,bottle,0.6246778000000001,666,0,708,85,23318,362225,0.005126953125,0,362225_23318_0,362225_23318
396,person,0.99481094,439,8,1057,537,23496,362225,0.4694996553308824,3,362225_23496_3,362225_23496
397,person,0.8356239,337,182,383,304,23496,362225,0.008059512867647,0,362225_23496_0,362225_23496
398,horse,0.71335787,973,147,1280,344,23496,362225,0.0868551815257352,2,362225_23496_2,362225_23496
399,person,0.60126346,1047,94,1193,259,23496,362225,0.0345961626838235,1,362225_23496_1,362225_23496
400,person,0.9973258,357,0,949,539,23674,362225,0.458249080882353,4,362225_23674_4,362225_23674
401,wine glass,0.9486594,1157,455,1232,544,23674,362225,0.0095861098345588,1,362225_23674_1,362225_23674
402,person,0.7654871999999999,332,140,374,273,23674,362225,0.0080221737132352,0,362225_23674_0,362225_23674
403,horse,0.62632763,965,101,1280,309,23674,362225,0.094094669117647,3,362225_23674_3,362225_23674
404,wine glass,0.62466407,1119,447,1227,544,23674,362225,0.0150448069852941,2,362225_23674_2,362225_23674
405,person,0.99704,359,17,1061,536,23852,362225,0.5232335707720588,2,362225_23852_2,362225_23852
406,bottle,0.8776972,212,202,322,376,23852,362225,0.0274873621323529,1,362225_23852_1,362225_23852
407,bottle,0.74333805,807,148,835,228,23852,362225,0.0032169117647058,0,362225_23852_0,362225_23852
408,person,0.9932828,483,0,1060,532,24030,362225,0.4408375459558824,1,362225_24030_1,362225_24030
409,potted plant,0.9436198,2,269,340,535,24030,362225,0.1291187959558823,0,362225_24030_0,362225_24030
410,person,0.9872018,525,24,1052,537,24208,362225,0.3882568359375,3,362225_24208_3,362225_24208
411,wine glass,0.79679066,1122,311,1242,544,24208,362225,0.0401539522058823,2,362225_24208_2,362225_24208
412,bowl,0.7237986,275,494,429,539,24208,362225,0.0099523207720588,0,362225_24208_0,362225_24208
413,clock,0.65286595,1051,26,1162,91,24208,362225,0.0103616153492647,1,362225_24208_1,362225_24208
414,person,0.9934442,135,238,427,515,24386,362225,0.1161592371323529,2,362225_24386_2,362225_24386
415,person,0.9882908,784,53,1016,537,24386,362225,0.1612591911764705,3,362225_24386_3,362225_24386
416,tv,0.62036294,1204,437,1266,511,24386,362225,0.0065889246323529,1,362225_24386_1,362225_24386
417,book,0.5547033,71,188,89,246,24386,362225,0.0014993106617647,0,362225_24386_0,362225_24386
418,person,0.9928376,507,5,1086,544,24564,362225,0.4481861787683824,6,362225_24564_6,362225_24564
419,wine glass,0.91522914,1135,296,1259,544,24564,362225,0.0441636029411764,4,362225_24564_4,362225_24564
420,bowl,0.7716788,295,475,447,543,24564,362225,0.01484375,0,362225_24564_0,362225_24564
421,wine glass,0.6674618,1160,336,1239,539,24564,362225,0.0230310776654411,1,362225_24564_1,362225_24564
422,potted plant,0.6670899,4,160,147,530,24564,362225,0.0759851792279411,5,362225_24564_5,362225_24564
423,wine glass,0.5905878999999999,1133,294,1262,423,24564,362225,0.0238984949448529,2,362225_24564_2,362225_24564
424,vase,0.50508845,396,397,571,544,24564,362225,0.0369442210477941,3,362225_24564_3,362225_24564
425,person,0.98940545,551,7,1068,542,24742,362225,0.3972239774816176,2,362225_24742_2,362225_24742
426,wine glass,0.91286665,1129,272,1257,540,24742,362225,0.0492647058823529,1,362225_24742_1,362225_24742
427,bowl,0.8773190000000001,284,470,442,544,24742,362225,0.0167911305147058,0,362225_24742_0,362225_24742
428,person,0.9874013,477,23,1086,540,24920,362225,0.4521671070772058,4,362225_24920_4,362225_24920
429,wine glass,0.9335544,1142,272,1268,544,24920,362225,0.04921875,2,362225_24920_2,362225_24920
430,bowl,0.82795316,295,467,447,543,24920,362225,0.0165900735294117,0,362225_24920_0,362225_24920
431,wine glass,0.6650393,1142,287,1265,429,24920,362225,0.0250832950367647,1,362225_24920_1,362225_24920
432,potted plant,0.6639151999999999,0,165,140,528,24920,362225,0.0729836856617647,3,362225_24920_3,362225_24920
433,person,0.99317086,534,18,1089,544,25098,362225,0.4192468979779412,3,362225_25098_3,362225_25098
434,bowl,0.77862555,309,471,464,543,25098,362225,0.0160271139705882,0,362225_25098_0,362225_25098
435,wine glass,0.7613877,1152,288,1277,532,25098,362225,0.043801700367647,1,362225_25098_1,362225_25098
436,potted plant,0.7323725999999999,2,150,154,520,25098,362225,0.0807674632352941,2,362225_25098_2,362225_25098
437,person,0.9518148,0,0,981,541,25276,362225,0.7621797449448531,0,362225_25276_0,362225_25276
438,person,0.9362605,0,0,996,536,25454,362225,0.7666819852941177,0,362225_25454_0,362225_25454
439,person,0.9917326,645,0,1080,543,25632,362225,0.3392190372242647,7,362225_25632_7,362225_25632
440,wine glass,0.9430144,1185,309,1280,544,25632,362225,0.0320614085477941,4,362225_25632_4,362225_25632
441,bowl,0.9383347,335,467,487,542,25632,362225,0.0163717830882353,2,362225_25632_2,362225_25632
442,potted plant,0.6536107,0,121,176,534,25632,362225,0.1043887867647058,6,362225_25632_6,362225_25632
443,cup,0.6505988,464,404,599,542,25632,362225,0.0267549402573529,3,362225_25632_3,362225_25632
444,vase,0.6220479999999999,0,283,149,534,25632,362225,0.0537095013786764,5,362225_25632_5,362225_25632
445,bottle,0.58544356,566,146,590,214,25632,362225,0.00234375,0,362225_25632_0,362225_25632
446,clock,0.5439096,1132,21,1222,88,25632,362225,0.0086598115808823,1,362225_25632_1,362225_25632
447,person,0.9739664,59,0,1016,528,25810,362225,0.7256663602941177,0,362225_25810_0,362225_25810
448,person,0.94532895,177,0,1055,530,25988,362225,0.6682846966911765,0,362225_25988_0,362225_25988
449,person,0.9592183,201,0,1084,544,26166,362225,0.68984375,1,362225_26166_1,362225_26166
450,person,0.5968300999999999,610,20,1074,544,26166,362225,0.3491727941176471,0,362225_26166_0,362225_26166
451,person,0.9897372,429,7,959,533,26344,362225,0.4003619025735294,1,362225_26344_1,362225_26344
452,chair,0.6827135,874,462,1186,536,26344,362225,0.033157169117647,0,362225_26344_0,362225_26344
453,person,0.95407,396,0,1139,544,26522,362225,0.58046875,0,362225_26522_0,362225_26522
454,person,0.9983612,62,6,402,528,26700,362225,0.2548828125,5,362225_26700_5,362225_26700
455,person,0.9979522,399,160,559,479,26700,362225,0.0732996323529411,3,362225_26700_3,362225_26700
456,person,0.9970583,786,31,1009,540,26700,362225,0.1630098230698529,4,362225_26700_4,362225_26700
457,couch,0.67621464,540,314,782,481,26700,362225,0.0580394071691176,2,362225_26700_2,362225_26700
458,laptop,0.5818165,400,474,590,531,26700,362225,0.0155531939338235,1,362225_26700_1,362225_26700
459,car,0.5571261,1232,473,1280,542,26700,362225,0.0047564338235294,0,362225_26700_0,362225_26700
460,person,0.9954875,394,21,1017,542,26878,362225,0.4661405675551471,2,362225_26878_2,362225_26878
461,bottle,0.9600605,2,430,32,542,26878,362225,0.0048253676470588,0,362225_26878_0,362225_26878
462,person,0.7691009,880,83,1212,533,26878,362225,0.2145565257352941,1,362225_26878_1,362225_26878
463,person,0.99855214,734,35,1096,540,27056,362225,0.2625373391544117,2,362225_27056_2,362225_27056
464,person,0.9954086,149,10,463,533,27056,362225,0.235842715992647,1,362225_27056_1,362225_27056
465,book,0.6627642,389,0,818,490,27056,362225,0.3018870634191176,3,362225_27056_3,362225_27056
466,book,0.50765246,488,80,604,178,27056,362225,0.0163258272058823,0,362225_27056_0,362225_27056
467,person,0.995767,63,17,399,539,27234,362225,0.2518841911764706,5,362225_27234_5,362225_27234
468,person,0.9946873,777,37,1003,535,27234,362225,0.1616325827205882,4,362225_27234_4,362225_27234
469,person,0.98979247,413,139,521,500,27234,362225,0.0559914981617647,2,362225_27234_2,362225_27234
470,couch,0.6781163,531,324,770,498,27234,362225,0.0597225413602941,3,362225_27234_3,362225_27234
471,microwave,0.5348946,1197,301,1278,363,27234,362225,0.0072122012867647,1,362225_27234_1,362225_27234
472,book,0.5204165,1205,413,1280,436,27234,362225,0.0024773092830882,0,362225_27234_0,362225_27234
473,person,0.99631137,731,50,1092,539,27412,362225,0.2535170611213235,2,362225_27412_2,362225_27412
474,person,0.9944523,149,14,463,533,27412,362225,0.2340389476102941,1,362225_27412_1,362225_27412
475,book,0.5561194,387,0,817,490,27412,362225,0.3025907628676471,3,362225_27412_3,362225_27412
476,book,0.51065385,611,224,635,340,27412,362225,0.0039981617647058,0,362225_27412_0,362225_27412
477,person,0.99881685,469,30,602,423,27768,362225,0.0750646254595588,0,362225_27768_0,362225_27768
478,person,0.99700254,403,64,636,540,27946,362225,0.15927734375,14,362225_27946_14,362225_27946
479,person,0.9581146,148,151,339,453,27946,362225,0.0828383501838235,13,362225_27946_13,362225_27946
480,person,0.9243855,767,143,863,367,27946,362225,0.0308823529411764,7,362225_27946_7,362225_27946
481,person,0.85604906,241,133,421,449,27946,362225,0.0816865808823529,12,362225_27946_12,362225_27946
482,person,0.8542086999999999,683,134,794,354,27946,362225,0.0350700827205882,8,362225_27946_8,362225_27946
483,person,0.83735234,566,149,637,295,27946,362225,0.0148868336397058,1,362225_27946_1,362225_27946
484,person,0.68964416,38,104,120,241,27946,362225,0.0161333869485294,2,362225_27946_2,362225_27946
485,person,0.6147074,408,35,499,170,27946,362225,0.0176427504595588,3,362225_27946_3,362225_27946
486,person,0.6087517,121,123,188,232,27946,362225,0.0104879940257352,0,362225_27946_0,362225_27946
487,person,0.60802084,616,142,702,342,27946,362225,0.0247012867647058,6,362225_27946_6,362225_27946
488,person,0.5834906999999999,251,27,330,220,27946,362225,0.0218965418198529,4,362225_27946_4,362225_27946
489,chair,0.5776791,36,238,168,465,27946,362225,0.0430319393382352,9,362225_27946_9,362225_27946
490,chair,0.554094,122,242,332,464,27946,362225,0.0669519761029411,11,362225_27946_11,362225_27946
491,chair,0.52266306,65,241,233,473,27946,362225,0.0559742647058823,10,362225_27946_10,362225_27946
492,person,0.50084394,146,126,255,267,27946,362225,0.0220717486213235,5,362225_27946_5,362225_27946
493,person,0.9797561,229,14,926,544,28124,362225,0.530517578125,0,362225_28124_0,362225_28124
494,person,0.99466926,302,213,509,531,28302,362225,0.094534122242647,10,362225_28302_10,362225_28302
495,person,0.9916004,769,79,903,440,28302,362225,0.0694709329044117,7,362225_28302_7,362225_28302
496,person,0.9894633,1128,20,1277,446,28302,362225,0.0911563648897058,9,362225_28302_9,362225_28302
497,person,0.98730636,172,194,331,544,28302,362225,0.0799201516544117,8,362225_28302_8,362225_28302
498,person,0.98060536,907,188,1144,534,28302,362225,0.1177648207720588,11,362225_28302_11,362225_28302
499,person,0.93758124,361,68,487,246,28302,362225,0.0322093290441176,5,362225_28302_5,362225_28302
500,person,0.8875552,726,132,771,326,28302,362225,0.0125373391544117,3,362225_28302_3,362225_28302
501,wine glass,0.8869568000000001,1202,406,1248,493,28302,362225,0.0057473575367647,1,362225_28302_1,362225_28302
502,person,0.8791328000000002,508,120,584,205,28302,362225,0.00927734375,2,362225_28302_2,362225_28302
503,dog,0.8607741,724,327,866,540,28302,362225,0.0434369255514705,6,362225_28302_6,362225_28302
504,chair,0.8017649,842,433,938,542,28302,362225,0.0150275735294117,4,362225_28302_4,362225_28302
505,cup,0.72825694,1153,411,1192,481,28302,362225,0.0039206112132352,0,362225_28302_0,362225_28302
506,person,0.9859024,591,29,898,539,28480,362225,0.224853515625,6,362225_28480_6,362225_28480
507,person,0.91339564,445,106,711,512,28480,362225,0.1550953584558823,5,362225_28480_5,362225_28480
508,person,0.864145,455,50,830,519,28480,362225,0.2525778377757353,7,362225_28480_7,362225_28480
509,cup,0.78388023,92,355,137,397,28480,362225,0.0027142693014705,0,362225_28480_0,362225_28480
510,person,0.7535164000000001,45,139,156,394,28480,362225,0.0406494140625,2,362225_28480_2,362225_28480
511,person,0.71700567,648,365,1056,544,28480,362225,0.1048828125,4,362225_28480_4,362225_28480
512,chair,0.68752426,328,421,582,541,28480,362225,0.0437729779411764,3,362225_28480_3,362225_28480
513,person,0.5843095,423,266,520,403,28480,362225,0.0190846162683823,1,362225_28480_1,362225_28480
514,bottle,0.9840439,19,0,312,523,28658,362225,0.2200697954963235,0,362225_28658_0,362225_28658
515,person,0.74410295,457,67,1280,533,28658,362225,0.5507783777573529,1,362225_28658_1,362225_28658
516,person,0.9574115,392,9,1196,517,28836,362225,0.5865579044117647,0,362225_28836_0,362225_28836
517,cup,0.96187854,176,333,268,438,29014,362225,0.0138729319852941,0,362225_29014_0,362225_29014
518,laptop,0.7843420999999999,261,141,731,467,29014,362225,0.2200425091911765,3,362225_29014_3,362225_29014
519,couch,0.58208376,673,293,1280,529,29014,362225,0.2057272518382353,2,362225_29014_2,362225_29014
520,tv,0.53317237,294,132,731,442,29014,362225,0.1945513556985294,1,362225_29014_1,362225_29014
521,person,0.5011275,651,264,1280,541,29014,362225,0.2502197265625,4,362225_29014_4,362225_29014
522,person,0.8554414,479,7,964,535,29192,362225,0.3677619485294117,0,362225_29192_0,362225_29192
523,potted plant,0.92492723,206,365,353,533,29370,362225,0.0354664522058823,0,362225_29370_0,362225_29370
524,person,0.9060059,3,0,292,544,29370,362225,0.22578125,1,362225_29370_1,362225_29370
525,person,0.81488574,952,0,1264,544,29370,362225,0.24375,2,362225_29370_2,362225_29370
526,person,0.9946833,682,60,958,534,29548,362225,0.1878791360294117,1,362225_29548_1,362225_29548
527,truck,0.85487115,94,61,870,544,29548,362225,0.5382697610294118,4,362225_29548_4,362225_29548
528,person,0.7119126,347,113,576,306,29548,362225,0.0634722541360294,0,362225_29548_0,362225_29548
529,car,0.5880576,189,144,1130,536,29548,362225,0.5297449448529412,3,362225_29548_3,362225_29548
530,car,0.52262825,130,61,858,544,29548,362225,0.5049747242647059,2,362225_29548_2,362225_29548
531,person,0.9888186,623,98,880,503,29726,362225,0.1494786879595588,1,362225_29726_1,362225_29726
532,person,0.9882252,313,89,584,410,29726,362225,0.124929630055147,0,362225_29726_0,362225_29726
533,car,0.9510841,486,169,1266,521,29726,362225,0.3943014705882353,4,362225_29726_4,362225_29726
534,car,0.86747265,9,316,771,541,29726,362225,0.2462230009191176,3,362225_29726_3,362225_29726
535,car,0.619714,712,272,1258,536,29726,362225,0.2070082720588235,2,362225_29726_2,362225_29726
536,car,0.56132746,0,185,1265,524,29726,362225,0.6158590877757353,5,362225_29726_5,362225_29726
537,person,0.96063435,201,15,1046,543,29904,362225,0.6407398897058824,0,362225_29904_0,362225_29904
538,tie,0.9797046,342,430,512,542,30082,362225,0.02734375,0,362225_30082_0,362225_30082
539,person,0.9310618,0,0,1009,524,30082,362225,0.7593003216911764,2,362225_30082_2,362225_30082
540,chair,0.80137044,1053,399,1280,535,30082,362225,0.0443359375,1,362225_30082_1,362225_30082
541,person,0.95967495,578,3,1011,544,30260,362225,0.3364157284007353,1,362225_30260_1,362225_30260
542,person,0.75807476,100,108,715,528,30260,362225,0.3709501378676471,2,362225_30260_2,362225_30260
543,person,0.7040489999999999,170,6,1049,544,30260,362225,0.6791446461397059,3,362225_30260_3,362225_30260
544,person,0.5201979,0,83,222,527,30260,362225,0.141555606617647,0,362225_30260_0,362225_30260
545,person,0.9211857,322,0,985,538,30438,362225,0.512255859375,2,362225_30438_2,362225_30438
546,person,0.65449214,3,0,342,521,30438,362225,0.2536463120404412,0,362225_30438_0,362225_30438
547,person,0.51331335,35,0,556,544,30438,362225,0.40703125,1,362225_30438_1,362225_30438
548,person,0.6901864000000001,174,0,1135,540,30616,362225,0.7452607996323529,1,362225_30616_1,362225_30616
549,dog,0.6184976,262,5,1280,538,30616,362225,0.7792308134191176,2,362225_30616_2,362225_30616
550,person,0.5800072,485,0,1280,510,30616,362225,0.582275390625,0,362225_30616_0,362225_30616
551,dog,0.8006464,474,0,1280,534,30794,362225,0.618112362132353,0,362225_30794_0,362225_30794
552,person,0.9966954,610,93,743,420,30972,362225,0.0624583524816176,1,362225_30972_1,362225_30972
553,person,0.9964568,520,103,635,419,30972,362225,0.0521886488970588,0,362225_30972_0,362225_30972
554,person,0.9551955,553,15,1262,543,31150,362225,0.5376148897058823,1,362225_31150_1,362225_31150
555,cup,0.75983936,459,0,690,203,31150,362225,0.0673440372242647,0,362225_31150_0,362225_31150
556,person,0.97095114,689,65,893,534,31328,362225,0.13740234375,0,362225_31328_0,362225_31328
557,person,0.99585366,332,7,717,542,31506,362225,0.2958050896139705,1,362225_31506_1,362225_31506
558,person,0.9542529,638,90,927,544,31506,362225,0.188427734375,0,362225_31506_0,362225_31506
559,person,0.6280245,387,18,904,542,31506,362225,0.3890567555147058,2,362225_31506_2,362225_31506
560,person,0.9644335,728,107,879,385,31684,362225,0.0602855009191176,10,362225_31684_10,362225_31684
561,person,0.9551707,423,100,579,392,31684,362225,0.0654181985294117,11,362225_31684_11,362225_31684
562,person,0.9236782,558,158,634,384,31684,362225,0.0246668198529411,6,362225_31684_6,362225_31684
563,person,0.8264790999999999,683,129,778,373,31684,362225,0.0332892922794117,8,362225_31684_8,362225_31684
564,person,0.8145893,877,161,947,424,31684,362225,0.0264389935661764,7,362225_31684_7,362225_31684
565,tie,0.6570946,500,185,512,225,31684,362225,0.0006893382352941,0,362225_31684_0,362225_31684
566,person,0.63600266,699,118,830,384,31684,362225,0.0500430836397058,9,362225_31684_9,362225_31684
567,tie,0.63449275,494,185,507,223,31684,362225,0.0007094439338235,1,362225_31684_1,362225_31684
568,tie,0.60685056,492,178,508,235,31684,362225,0.0013097426470588,2,362225_31684_2,362225_31684
569,tie,0.6000466,488,176,508,267,31684,362225,0.0026137408088235,3,362225_31684_3,362225_31684
570,dining table,0.5789411,423,369,947,544,31684,362225,0.131692325367647,12,362225_31684_12,362225_31684
571,person,0.5707144000000001,350,98,426,292,31684,362225,0.0211741727941176,5,362225_31684_5,362225_31684
572,person,0.52748847,366,118,448,283,31684,362225,0.0194307215073529,4,362225_31684_4,362225_31684
573,person,0.79356116,312,0,855,513,32040,362225,0.4000445197610294,1,362225_32040_1,362225_32040
574,person,0.71058387,8,20,859,534,32040,362225,0.6281795726102941,2,362225_32040_2,362225_32040
575,sink,0.6238895000000001,839,221,1135,435,32040,362225,0.090969669117647,0,362225_32040_0,362225_32040
576,chair,0.94362104,75,414,367,541,32396,362225,0.0532571231617647,2,362225_32396_2,362225_32396
577,chair,0.89714414,53,342,368,532,32396,362225,0.0859518612132353,3,362225_32396_3,362225_32396
578,person,0.7429175,859,359,901,424,32396,362225,0.0039206112132352,0,362225_32396_0,362225_32396
579,person,0.70910615,815,364,865,423,32396,362225,0.0042365579044117,1,362225_32396_1,362225_32396
580,clock,0.99091923,573,239,635,296,32574,362225,0.0050752527573529,0,362225_32574_0,362225_32574
581,person,0.8771674,297,0,1235,487,32574,362225,0.6560288373161764,1,362225_32574_1,362225_32574
582,person,0.9635837,317,0,1161,537,32752,362225,0.6508903952205882,1,362225_32752_1,362225_32752
583,book,0.77285427,992,20,1269,387,32752,362225,0.1459946576286764,0,362225_32752_0,362225_32752
584,person,0.5093132,605,391,669,478,32930,362225,0.0079963235294117,0,362225_32930_0,362225_32930
585,keyboard,0.9803514,0,82,277,473,33108,362225,0.1555419921875,2,362225_33108_2,362225_33108
586,bowl,0.7619491999999999,693,2,1185,129,33108,362225,0.0897346047794117,1,362225_33108_1,362225_33108
587,person,0.7540547,237,63,899,538,33108,362225,0.4515883501838235,3,362225_33108_3,362225_33108
588,keyboard,0.75024474,0,15,799,462,33108,362225,0.5129150390625,4,362225_33108_4,362225_33108
589,remote,0.70158345,679,179,920,292,33108,362225,0.0391098920036764,0,362225_33108_0,362225_33108
590,person,0.94922715,375,366,465,476,33286,362225,0.0142176011029411,1,362225_33286_1,362225_33286
591,person,0.9356766,290,378,381,477,33286,362225,0.0129380170036764,0,362225_33286_0,362225_33286
592,tv,0.8435903,431,66,978,496,33464,362225,0.3377900965073529,0,362225_33464_0,362225_33464
593,person,0.9948435,272,13,946,544,33642,362225,0.5139792049632353,1,362225_33642_1,362225_33642
594,refrigerator,0.5620874,789,0,1262,544,33642,362225,0.36953125,0,362225_33642_0,362225_33642
595,person,0.9754346,747,211,870,456,33820,362225,0.0432775160845588,4,362225_33820_4,362225_33820
596,person,0.9497277,640,259,743,454,33820,362225,0.0288444967830882,3,362225_33820_3,362225_33820
597,person,0.8762953000000001,561,95,630,328,33820,362225,0.0230885225183823,1,362225_33820_1,362225_33820
598,person,0.85246426,716,382,790,454,33820,362225,0.0076516544117647,0,362225_33820_0,362225_33820
599,person,0.78743523,688,140,764,391,33820,362225,0.027395450367647,2,362225_33820_2,362225_33820
600,person,0.99265164,249,5,1033,544,33998,362225,0.6068704044117647,0,362225_33998_0,362225_33998
601,person,0.99494714,297,5,940,544,34176,362225,0.497726619944853,0,362225_34176_0,362225_34176
602,person,0.98417616,592,171,673,414,34354,362225,0.0282671760110294,1,362225_34354_1,362225_34354
603,person,0.97582984,670,147,761,404,34354,362225,0.0335865693933823,3,362225_34354_3,362225_34354
604,person,0.90267265,803,252,918,456,34354,362225,0.03369140625,4,362225_34354_4,362225_34354
605,person,0.7542628,517,228,617,442,34354,362225,0.0307329963235294,2,362225_34354_2,362225_34354
606,person,0.6495058000000001,731,170,799,377,34354,362225,0.02021484375,0,362225_34354_0,362225_34354
607,person,0.5525719,816,163,936,454,34354,362225,0.050149356617647,5,362225_34354_5,362225_34354
608,person,0.9935468,311,15,952,544,34532,362225,0.4869729434742647,0,362225_34532_0,362225_34532
609,sports ball,0.7372765,890,210,932,251,34888,362225,0.0024730009191176,0,362225_34888_0,362225_34888
610,person,0.99344593,213,52,931,544,35066,362225,0.5073184742647059,0,362225_35066_0,362225_35066
611,person,0.6832785,2,0,333,531,35244,362225,0.2524141199448529,0,362225_35244_0,362225_35244
612,person,0.8506200999999999,84,18,622,443,35600,362225,0.328369140625,0,362225_35600_0,362225_35600
613,car,0.91751677,766,381,878,461,35778,362225,0.0128676470588235,0,362225_35778_0,362225_35778
614,person,0.9970812,728,172,889,294,35956,362225,0.0282082950367647,0,362225_35956_0,362225_35956
615,person,0.9557716,90,13,1008,525,36134,362225,0.675,1,362225_36134_1,362225_36134
616,person,0.8612716999999999,496,0,1001,530,36134,362225,0.3843778722426471,0,362225_36134_0,362225_36134
617,person,0.9497876,89,4,1044,532,36668,362225,0.7241498161764706,1,362225_36668_1,362225_36668
618,person,0.7329094,561,8,1041,532,36668,362225,0.3612132352941176,0,362225_36668_0,362225_36668
619,car,0.961847,655,254,765,343,36846,362225,0.0140596277573529,0,362225_36846_0,362225_36846
620,person,0.9959888,208,33,923,538,37380,362225,0.5185475068933824,0,362225_37380_0,362225_37380
621,person,0.99726486,417,25,1132,544,37558,362225,0.5329230813419118,0,362225_37558_0,362225_37558
622,person,0.99821496,264,59,946,544,37736,362225,0.4750258501838235,0,362225_37736_0,362225_37736
623,person,0.99366766,383,34,1116,544,37914,362225,0.536865234375,0,362225_37914_0,362225_37914
624,person,0.998321,215,8,908,544,38092,362225,0.5334443933823529,0,362225_38092_0,362225_38092
625,person,0.99194276,406,19,1150,544,38270,362225,0.5609489889705882,1,362225_38270_1,362225_38270
626,chair,0.6067899,1100,480,1270,539,38270,362225,0.014404296875,0,362225_38270_0,362225_38270
627,person,0.99256855,653,56,1026,538,38448,362225,0.2581945082720588,1,362225_38448_1,362225_38448
628,person,0.9755509,507,140,723,544,38448,362225,0.1253216911764706,0,362225_38448_0,362225_38448
629,person,0.9969549,428,154,883,544,38626,362225,0.2548397288602941,1,362225_38626_1,362225_38626
630,person,0.9917753,863,20,1141,531,38626,362225,0.2040125229779412,0,362225_38626_0,362225_38626
631,person,0.99668413,148,80,724,535,38804,362225,0.3763786764705882,1,362225_38804_1,362225_38804
632,person,0.99554306,728,85,1226,543,38804,362225,0.3275562959558824,0,362225_38804_0,362225_38804
633,person,0.973925,302,10,1093,537,38982,362225,0.5986572265625,0,362225_38982_0,362225_38982
634,person,0.9927723,130,12,843,533,39160,362225,0.5334802964154411,0,362225_39160_0,362225_39160
635,person,0.9858746,781,0,1269,544,39338,362225,0.38125,1,362225_39338_1,362225_39338
636,person,0.9749995,4,3,433,536,39338,362225,0.3283791934742647,0,362225_39338_0,362225_39338
637,person,0.99275136,794,0,1280,535,39516,362225,0.3734059053308824,1,362225_39516_1,362225_39516
638,person,0.979086,2,5,400,537,39516,362225,0.3040785845588235,0,362225_39516_0,362225_39516
639,person,0.99402845,795,0,1270,536,39694,362225,0.3656364889705882,1,362225_39694_1,362225_39694
640,person,0.984469,0,24,470,537,39694,362225,0.3462632123161765,0,362225_39694_0,362225_39694
641,person,0.99284476,816,12,1275,533,39872,362225,0.3434326171875,1,362225_39872_1,362225_39872
642,person,0.9718859,0,5,458,526,39872,362225,0.3426843979779412,0,362225_39872_0,362225_39872
643,person,0.98626167,825,0,1278,538,40050,362225,0.350002872242647,1,362225_40050_1,362225_40050
644,person,0.9756671999999998,1,5,464,530,40050,362225,0.3490851907169117,0,362225_40050_0,362225_40050
645,person,0.9827224,2,10,558,538,40228,362225,0.4215992647058823,1,362225_40228_1,362225_40228
646,person,0.91426915,359,72,688,541,40228,362225,0.2215949563419117,0,362225_40228_0,362225_40228
647,person,0.99233294,523,0,1081,544,40406,362225,0.4359375,0,362225_40406_0,362225_40406
648,person,0.98706144,497,18,1165,544,40584,362225,0.5046070772058824,1,362225_40584_1,362225_40584
649,person,0.9865487,17,5,465,535,40584,362225,0.3409926470588235,0,362225_40584_0,362225_40584
650,person,0.55282545,38,0,746,544,40584,362225,0.553125,2,362225_40584_2,362225_40584
651,person,0.9842876,103,17,748,544,40762,362225,0.4881591796875,1,362225_40762_1,362225_40762
652,person,0.93010104,451,4,1280,542,40762,362225,0.6405129825367647,2,362225_40762_2,362225_40762
653,person,0.6147908000000001,757,3,1280,496,40762,362225,0.3702880859375,0,362225_40762_0,362225_40762
654,person,0.97070146,552,0,1280,533,40940,362225,0.5572495404411765,1,362225_40940_1,362225_40940
655,person,0.95202625,4,0,567,530,40940,362225,0.4285242417279412,0,362225_40940_0,362225_40940
656,person,0.99750525,872,248,997,540,41118,362225,0.0524184283088235,1,362225_41118_1,362225_41118
657,person,0.99707794,404,13,617,535,41118,362225,0.1596765854779411,3,362225_41118_3,362225_41118
658,person,0.99475694,129,14,444,535,41118,362225,0.2356890510110294,4,362225_41118_4,362225_41118
659,car,0.8969321,1003,259,1279,543,41118,362225,0.1125689338235294,2,362225_41118_2,362225_41118
660,person,0.8205505999999999,1035,257,1114,384,41118,362225,0.0144086052389705,0,362225_41118_0,362225_41118
661,person,0.986419,274,166,322,312,41296,362225,0.0100643382352941,2,362225_41296_2,362225_41296
662,person,0.72962254,605,101,644,207,41296,362225,0.0059369255514705,0,362225_41296_0,362225_41296
663,person,0.6739598000000001,361,166,419,289,41296,362225,0.0102452895220588,3,362225_41296_3,362225_41296
664,person,0.59184694,556,106,598,213,41296,362225,0.0064539292279411,1,362225_41296_1,362225_41296
665,person,0.99640816,626,35,950,544,41474,362225,0.2368393841911765,0,362225_41474_0,362225_41474
666,person,0.9988697,260,10,633,542,41652,362225,0.2849781709558823,0,362225_41652_0,362225_41652
667,person,0.9858758,733,32,905,361,41830,362225,0.0812672334558823,3,362225_41830_3,362225_41830
668,person,0.98488533,360,148,468,353,41830,362225,0.0317957261029411,0,362225_41830_0,362225_41830
669,person,0.97135305,475,77,665,349,41830,362225,0.07421875,2,362225_41830_2,362225_41830
670,person,0.6603315,3,142,217,302,41830,362225,0.049172794117647,1,362225_41830_1,362225_41830
671,person,0.5218444,0,172,437,523,41830,362225,0.2202823414522058,4,362225_41830_4,362225_41830
672,person,0.9840434,681,62,893,342,42008,362225,0.0852481617647058,1,362225_42008_1,362225_42008
673,truck,0.902311,843,39,1280,472,42008,362225,0.2717443129595588,3,362225_42008_3,362225_42008
674,person,0.8841075,346,50,687,473,42008,362225,0.2071504480698529,2,362225_42008_2,362225_42008
675,person,0.6756865,396,271,1217,541,42008,362225,0.3183450137867647,4,362225_42008_4,362225_42008
676,person,0.5815311,343,130,507,316,42008,362225,0.0438074448529411,0,362225_42008_0,362225_42008
677,person,0.9945826,128,0,611,513,42186,362225,0.3558407054227941,4,362225_42186_4,362225_42186
678,person,0.9789194,851,208,1129,491,42186,362225,0.1129854090073529,3,362225_42186_3,362225_42186
679,person,0.9668615,1131,274,1271,448,42186,362225,0.0349839154411764,2,362225_42186_2,362225_42186
680,person,0.89975816,816,286,905,492,42186,362225,0.0263298483455882,1,362225_42186_1,362225_42186
681,person,0.6274125,1087,318,1143,400,42186,362225,0.006594669117647,0,362225_42186_0,362225_42186
682,person,0.9939446,343,0,1036,541,42364,362225,0.5384205537683824,2,362225_42364_2,362225_42364
683,backpack,0.6837264000000001,699,282,1033,529,42364,362225,0.1184771369485294,1,362225_42364_1,362225_42364
684,backpack,0.59891593,353,322,573,544,42364,362225,0.0701401654411764,0,362225_42364_0,362225_42364
685,person,0.9689793,312,0,1280,544,42542,362225,0.75625,2,362225_42542_2,362225_42542
686,person,0.95022607,283,22,882,534,42542,362225,0.4404411764705882,1,362225_42542_1,362225_42542
687,person,0.6385865,696,10,1280,526,42542,362225,0.432766544117647,0,362225_42542_0,362225_42542
688,person,0.994451,173,3,862,534,42720,362225,0.525417911305147,1,362225_42720_1,362225_42720
689,person,0.7402773,973,50,1275,544,42720,362225,0.2142520680147059,0,362225_42720_0,362225_42720
690,person,0.9803167,382,240,441,438,42898,362225,0.0167767693014705,0,362225_42898_0,362225_42898
691,car,0.9649613,441,396,954,544,42898,362225,0.109036075367647,1,362225_42898_1,362225_42898
692,car,0.95275426,381,382,1280,544,42898,362225,0.2091538373161764,2,362225_42898_2,362225_42898
693,person,0.9985038,85,75,580,544,43076,362225,0.3334027458639705,1,362225_43076_1,362225_43076
694,person,0.9896214,445,52,677,544,43076,362225,0.1639246323529411,0,362225_43076_0,362225_43076
695,person,0.9830567,538,193,669,396,43254,362225,0.0381907743566176,0,362225_43254_0,362225_43254
696,person,0.9955811,368,25,784,536,43432,362225,0.3052849264705882,0,362225_43432_0,362225_43432
697,person,0.9410336,318,61,856,539,43610,362225,0.3693187040441177,0,362225_43610_0,362225_43610
698,person,0.9979898,738,110,1140,536,44144,362225,0.2459386488970588,1,362225_44144_1,362225_44144
699,bottle,0.6769549,482,362,509,455,44144,362225,0.0036061006433823,0,362225_44144_0,362225_44144
700,person,0.98807585,393,81,671,538,44322,362225,0.1824534696691176,9,362225_44322_9,362225_44322
701,person,0.98201925,10,64,261,536,44322,362225,0.1701401654411764,8,362225_44322_8,362225_44322
702,person,0.97901374,812,100,1063,544,44322,362225,0.1600471047794117,7,362225_44322_7,362225_44322
703,person,0.97201824,1123,92,1280,544,44322,362225,0.1019129136029411,4,362225_44322_4,362225_44322
704,person,0.946571,250,62,481,527,44322,362225,0.1542609719669117,6,362225_44322_6,362225_44322
705,person,0.86978877,942,103,1127,544,44322,362225,0.117165958180147,5,362225_44322_5,362225_44322
706,person,0.7857924,696,155,860,533,44322,362225,0.0890280330882353,2,362225_44322_2,362225_44322
707,person,0.7202555,602,114,738,544,44322,362225,0.083984375,0,362225_44322_0,362225_44322
708,person,0.63298416,660,153,819,544,44322,362225,0.0892822265625,3,362225_44322_3,362225_44322
709,person,0.5853767,236,107,380,523,44322,362225,0.0860294117647058,1,362225_44322_1,362225_44322
710,person,0.9993319,307,197,444,536,44500,362225,0.0666977826286764,12,362225_44500_12,362225_44500
711,person,0.9948525,438,224,596,544,44500,362225,0.072610294117647,14,362225_44500_14,362225_44500
712,person,0.99214935,185,240,324,542,44500,362225,0.0602855009191176,10,362225_44500_10,362225_44500
713,person,0.991422,809,187,919,536,44500,362225,0.0551326976102941,8,362225_44500_8,362225_44500
714,person,0.9891234,134,207,220,542,44500,362225,0.0413746553308823,6,362225_44500_6,362225_44500
715,person,0.98144215,1075,242,1214,544,44500,362225,0.0602855009191176,11,362225_44500_11,362225_44500
716,person,0.9733604,901,296,1092,542,44500,362225,0.0674775965073529,13,362225_44500_13,362225_44500
717,person,0.9570311,1142,322,1279,544,44500,362225,0.0436781939338235,7,362225_44500_7,362225_44500
718,person,0.9532238,657,425,761,541,44500,362225,0.0173253676470588,3,362225_44500_3,362225_44500
719,person,0.94208145,536,250,629,515,44500,362225,0.0353932100183823,5,362225_44500_5,362225_44500
720,person,0.8763703000000002,875,210,1009,516,44500,362225,0.05888671875,9,362225_44500_9,362225_44500
721,person,0.7641932,1133,164,1211,317,44500,362225,0.017138671875,2,362225_44500_2,362225_44500
722,person,0.6490130000000001,1,270,54,542,44500,362225,0.020703125,4,362225_44500_4,362225_44500
723,person,0.57744396,990,207,1065,302,44500,362225,0.010232364430147,1,362225_44500_1,362225_44500
724,person,0.5672245,458,83,493,147,44500,362225,0.0032169117647058,0,362225_44500_0,362225_44500
725,person,0.9303891,785,89,842,254,44678,362225,0.0135067210477941,3,362225_44678_3,362225_44678
726,person,0.92815095,1052,77,1085,179,44678,362225,0.004833984375,1,362225_44678_1,362225_44678
727,person,0.92499137,661,105,743,280,44678,362225,0.020608340992647,9,362225_44678_9,362225_44678
728,person,0.91323614,473,94,680,289,44678,362225,0.0579690372242647,11,362225_44678_11,362225_44678
729,person,0.9120456,811,84,1006,280,44678,362225,0.0548885569852941,10,362225_44678_10,362225_44678
730,person,0.8664716,1110,82,1141,182,44678,362225,0.0044519761029411,0,362225_44678_0,362225_44678
731,person,0.8644053,169,97,376,302,44678,362225,0.0609418083639705,12,362225_44678_12,362225_44678
732,person,0.7712317,0,80,71,273,44678,362225,0.0196791704963235,7,362225_44678_7,362225_44678
733,person,0.7325545,47,92,117,273,44678,362225,0.0181956571691176,5,362225_44678_5,362225_44678
734,chair,0.62797534,399,109,481,258,44678,362225,0.0175465303308823,4,362225_44678_4,362225_44678
735,person,0.62733227,111,88,179,278,44678,362225,0.0185546875,6,362225_44678_6,362225_44678
736,person,0.5322393,319,96,386,227,44678,362225,0.0126048368566176,2,362225_44678_2,362225_44678
737,person,0.512303,160,85,236,266,44678,362225,0.0197552849264705,8,362225_44678_8,362225_44678
738,person,0.98934424,8,0,524,541,44856,362225,0.4009018841911765,1,362225_44856_1,362225_44856
739,person,0.9629866,558,34,762,535,44856,362225,0.14677734375,0,362225_44856_0,362225_44856
740,person,0.99822,368,7,861,523,45034,362225,0.36533203125,3,362225_45034_3,362225_45034
741,laptop,0.9984675,445,278,772,505,45034,362225,0.1066018497242647,1,362225_45034_1,362225_45034
742,laptop,0.6619315,538,281,830,514,45034,362225,0.097707950367647,0,362225_45034_0,362225_45034
743,potted plant,0.5802977,775,4,1280,495,45034,362225,0.3560934627757353,2,362225_45034_2,362225_45034
744,person,0.98104274,160,2,558,523,45212,362225,0.2977912454044117,1,362225_45212_1,362225_45212
745,person,0.9748171999999998,194,151,609,544,45212,362225,0.2342242072610294,0,362225_45212_0,362225_45212
746,person,0.9865426,161,145,633,537,45390,362225,0.2657169117647059,2,362225_45390_2,362225_45390
747,person,0.9676055,530,49,775,534,45390,362225,0.1706471162683823,0,362225_45390_0,362225_45390
748,person,0.6718911999999999,400,72,761,540,45390,362225,0.242629825367647,1,362225_45390_1,362225_45390
749,person,0.9931804,725,201,1039,531,45568,362225,0.1488108915441176,1,362225_45568_1,362225_45568
750,person,0.9899815,0,9,490,539,45568,362225,0.3729607077205882,2,362225_45568_2,362225_45568
751,chair,0.62924033,982,390,1185,542,45568,362225,0.0443129595588235,0,362225_45568_0,362225_45568
752,person,0.98993903,423,179,608,456,45746,362225,0.0735940372242647,2,362225_45746_2,362225_45746
753,person,0.96883833,267,149,409,287,45746,362225,0.0281422334558823,1,362225_45746_1,362225_45746
754,person,0.8965619,264,139,421,477,45746,362225,0.0762092141544117,4,362225_45746_4,362225_45746
755,chair,0.8321864999999999,504,234,707,490,45746,362225,0.0746323529411764,3,362225_45746_3,362225_45746
756,laptop,0.6011369000000001,302,219,390,281,45746,362225,0.0078354779411764,0,362225_45746_0,362225_45746
757,dining table,0.5773805999999999,180,260,461,490,45746,362225,0.0928165211397058,5,362225_45746_5,362225_45746
758,person,0.996375,189,13,614,499,45924,362225,0.296630859375,2,362225_45924_2,362225_45924
759,person,0.9855063,888,13,1274,535,45924,362225,0.2893669577205882,1,362225_45924_1,362225_45924
760,person,0.53502226,896,17,1154,418,45924,362225,0.1485782398897059,0,362225_45924_0,362225_45924
761,person,0.99439704,486,22,1066,542,46102,362225,0.4331341911764705,0,362225_46102_0,362225_46102
762,person,0.995891,427,43,1029,539,46458,362225,0.4288143382352941,1,362225_46458_1,362225_46458
763,person,0.9162625,0,0,316,524,46458,362225,0.2377987132352941,0,362225_46458_0,362225_46458
764,person,0.9910885,455,42,1055,544,46636,362225,0.4325597426470588,1,362225_46636_1,362225_46636
765,person,0.9543506,1,0,394,512,46636,362225,0.2889705882352941,0,362225_46636_0,362225_46636
766,laptop,0.99206734,226,133,945,544,46814,362225,0.4243867761948529,1,362225_46814_1,362225_46814
767,tv,0.80450654,302,114,863,517,46814,362225,0.3246826171875,0,362225_46814_0,362225_46814
768,person,0.96003795,588,23,935,479,46992,362225,0.2272403492647059,3,362225_46992_3,362225_46992
769,couch,0.6856335,611,311,1277,540,46992,362225,0.2190286075367647,2,362225_46992_2,362225_46992
770,chair,0.60300356,124,276,205,495,46992,362225,0.0254753561580882,1,362225_46992_1,362225_46992
771,bowl,0.50080836,24,440,106,470,46992,362225,0.0035328584558823,0,362225_46992_0,362225_46992
772,tv,0.7728463000000001,567,209,656,332,47170,362225,0.0157212201286764,0,362225_47170_0,362225_47170
773,tv,0.73351324,575,201,737,329,47170,362225,0.0297794117647058,1,362225_47170_1,362225_47170
774,tv,0.9759285,462,168,725,419,47348,362225,0.094802676930147,1,362225_47348_1,362225_47348
775,person,0.87283623,344,7,709,422,47348,362225,0.2175364774816176,2,362225_47348_2,362225_47348
776,person,0.7677967,373,437,543,531,47348,362225,0.02294921875,0,362225_47348_0,362225_47348
777,person,0.5202839,208,0,702,530,47348,362225,0.3760052849264705,3,362225_47348_3,362225_47348
778,tv,0.9839176,412,122,845,483,47526,362225,0.2244844324448529,2,362225_47526_2,362225_47526
779,person,0.95193386,4,12,448,535,47526,362225,0.3334846047794118,3,362225_47526_3,362225_47526
780,person,0.95036525,756,0,1280,544,47526,362225,0.409375,4,362225_47526_4,362225_47526
781,person,0.68685013,7,121,202,529,47526,362225,0.1142578125,1,362225_47526_1,362225_47526
782,person,0.5749956,941,4,1280,230,47526,362225,0.1100269990808823,0,362225_47526_0,362225_47526
783,person,0.9613074,114,0,911,544,47704,362225,0.62265625,0,362225_47704_0,362225_47704
784,person,0.99005896,244,25,870,543,48060,362225,0.4656881893382353,0,362225_48060_0,362225_48060
785,person,0.9928421,249,28,849,520,48238,362225,0.4239430147058824,1,362225_48238_1,362225_48238
786,sports ball,0.6133668000000001,390,392,435,434,48238,362225,0.0027142693014705,0,362225_48238_0,362225_48238
787,person,0.9939386999999998,596,14,1056,542,48416,362225,0.3488051470588235,2,362225_48416_2,362225_48416
788,person,0.987525,259,170,690,544,48416,362225,0.231494140625,1,362225_48416_1,362225_48416
789,chair,0.58294845,957,256,1271,534,48416,362225,0.1253619025735294,0,362225_48416_0,362225_48416
790,person,0.99595284,634,130,742,371,48772,362225,0.0373793658088235,3,362225_48772_3,362225_48772
791,person,0.9947626,540,130,615,392,48772,362225,0.0282197840073529,2,362225_48772_2,362225_48772
792,car,0.9706899,1240,198,1280,268,48772,362225,0.0040211397058823,0,362225_48772_0,362225_48772
793,car,0.93546754,17,143,337,419,48772,362225,0.1268382352941176,4,362225_48772_4,362225_48772
794,potted plant,0.8891472,386,251,516,346,48772,362225,0.0177360983455882,1,362225_48772_1,362225_48772
795,person,0.9551972,17,3,773,532,48950,362225,0.5743393841911765,1,362225_48950_1,362225_48950
796,person,0.9236067,1101,396,1157,498,48950,362225,0.008203125,0,362225_48950_0,362225_48950
797,person,0.9988605,349,163,481,538,49128,362225,0.0710880055147058,3,362225_49128_3,362225_49128
798,person,0.99680316,482,170,602,543,49128,362225,0.0642807904411764,2,362225_49128_2,362225_49128
799,person,0.8880104,588,1,1280,544,49128,362225,0.5396312040441177,5,362225_49128_5,362225_49128
800,person,0.8580610000000001,646,221,693,310,49128,362225,0.0060072954963235,0,362225_49128_0,362225_49128
801,handbag,0.6450756999999999,535,374,623,467,49128,362225,0.0117532169117647,1,362225_49128_1,362225_49128
802,bed,0.5402764,633,0,1277,525,49128,362225,0.4855526194852941,4,362225_49128_4,362225_49128
803,person,0.99903107,85,42,515,539,49306,362225,0.3069134880514705,5,362225_49306_5,362225_49306
804,person,0.99711895,691,0,1280,541,49306,362225,0.4576186236213236,6,362225_49306_6,362225_49306
805,person,0.9913488,548,76,843,544,49306,362225,0.1982709099264706,4,362225_49306_4,362225_49306
806,person,0.806017,548,169,592,220,49306,362225,0.00322265625,0,362225_49306_0,362225_49306
807,person,0.7903071,550,167,598,338,49306,362225,0.0117876838235294,2,362225_49306_2,362225_49306
808,person,0.6205183000000001,568,170,622,331,49306,362225,0.0124856387867647,3,362225_49306_3,362225_49306
809,person,0.55767876,583,171,629,312,49306,362225,0.0093146829044117,1,362225_49306_1,362225_49306
810,person,0.99487656,86,124,446,534,49484,362225,0.2119715073529412,2,362225_49484_2,362225_49484
811,person,0.9916148,719,98,1196,541,49484,362225,0.3034682329963235,3,362225_49484_3,362225_49484
812,person,0.99043673,431,166,728,539,49484,362225,0.1590949563419117,1,362225_49484_1,362225_49484
813,car,0.687513,349,333,498,426,49484,362225,0.019900333180147,0,362225_49484_0,362225_49484
814,person,0.9972024,485,66,1138,532,49662,362225,0.4370088465073529,2,362225_49662_2,362225_49662
815,person,0.9563076,418,193,701,541,49662,362225,0.1414349724264706,1,362225_49662_1,362225_49662
816,person,0.6110725,1135,318,1276,541,49662,362225,0.0451559627757352,0,362225_49662_0,362225_49662
817,person,0.9972145,273,55,637,541,49840,362225,0.254055606617647,7,362225_49840_7,362225_49840
818,person,0.9952945,173,163,262,417,49840,362225,0.0324649586397058,3,362225_49840_3,362225_49840
819,person,0.9952905,845,0,1276,529,49840,362225,0.3274342256433824,8,362225_49840_8,362225_49840
820,person,0.98924303,2,40,217,529,49840,362225,0.1509866153492647,4,362225_49840_4,362225_49840
821,person,0.98663944,691,68,956,537,49840,362225,0.1784883386948529,5,362225_49840_5,362225_49840
822,person,0.86703414,612,178,648,290,49840,362225,0.0057904411764705,1,362225_49840_1,362225_49840
823,person,0.7684380000000001,677,166,710,282,49840,362225,0.0054974724264705,0,362225_49840_0,362225_49840
824,tie,0.63795847,437,258,516,535,49840,362225,0.0314266429227941,2,362225_49840_2,362225_49840
825,person,0.58737296,722,34,1070,532,49840,362225,0.2488855698529412,6,362225_49840_6,362225_49840
826,person,0.99826306,126,84,321,544,50018,362225,0.1288200827205882,5,362225_50018_5,362225_50018
827,person,0.99579155,691,92,970,536,50018,362225,0.1779009650735294,6,362225_50018_6,362225_50018
828,person,0.9593145,35,158,118,398,50018,362225,0.0286075367647058,3,362225_50018_3,362225_50018
829,person,0.8861916,0,177,85,383,50018,362225,0.025146484375,2,362225_50018_2,362225_50018
830,potted plant,0.6639714,1189,235,1276,341,50018,362225,0.0132439108455882,1,362225_50018_1,362225_50018
831,potted plant,0.66349685,1013,51,1259,364,50018,362225,0.1105784696691176,4,362225_50018_4,362225_50018
832,person,0.5482286999999999,5,184,65,337,50018,362225,0.01318359375,0,362225_50018_0,362225_50018
833,person,0.9685642,689,72,970,433,50196,362225,0.145681583180147,2,362225_50196_2,362225_50196
834,car,0.9366143,0,295,362,539,50196,362225,0.1268497242647059,1,362225_50196_1,362225_50196
835,boat,0.92337024,77,215,965,525,50196,362225,0.3953354779411765,4,362225_50196_4,362225_50196
836,car,0.71803457,67,232,916,544,50196,362225,0.3804113051470589,3,362225_50196_3,362225_50196
837,bench,0.6902175,1184,276,1280,502,50196,362225,0.0311580882352941,0,362225_50196_0,362225_50196
838,person,0.9878477,176,24,1042,544,50374,362225,0.6467141544117647,1,362225_50374_1,362225_50374
839,chair,0.8498081000000001,703,216,1071,537,50374,362225,0.1696461397058823,0,362225_50374_0,362225_50374
840,person,0.9961211,753,149,935,511,50552,362225,0.0946174172794117,4,362225_50552_4,362225_50552
841,person,0.9758952,546,225,732,481,50552,362225,0.0683823529411764,3,362225_50552_3,362225_50552
842,person,0.8472075000000001,95,95,141,170,50552,362225,0.0049546185661764,1,362225_50552_1,362225_50552
843,car,0.72345674,447,455,490,488,50552,362225,0.0020378561580882,0,362225_50552_0,362225_50552
844,parking meter,0.69638675,347,97,412,244,50552,362225,0.0137221392463235,2,362225_50552_2,362225_50552
845,person,0.9779791,546,7,1240,544,50730,362225,0.5352108226102941,2,362225_50730_2,362225_50730
846,person,0.9642109,141,56,541,469,50730,362225,0.2372472426470588,1,362225_50730_1,362225_50730
847,pizza,0.5666863,95,362,373,447,50730,362225,0.033935546875,0,362225_50730_0,362225_50730
848,person,0.9965969,136,27,517,530,50908,362225,0.275222598805147,2,362225_50908_2,362225_50908
849,person,0.97527844,587,74,926,451,50908,362225,0.1835406135110294,1,362225_50908_1,362225_50908
850,person,0.61326,0,24,208,503,50908,362225,0.1430836397058823,0,362225_50908_0,362225_50908
851,person,0.9977246,133,44,540,529,51086,362225,0.2834831686580882,2,362225_51086_2,362225_51086
852,person,0.98439217,654,92,996,449,51086,362225,0.175341796875,1,362225_51086_1,362225_51086
853,person,0.6469689999999999,23,51,247,490,51086,362225,0.1412224264705882,0,362225_51086_0,362225_51086
854,person,0.99916005,566,11,916,535,51264,362225,0.2633846507352941,1,362225_51264_1,362225_51264
855,person,0.99678206,86,165,457,530,51264,362225,0.1944723690257352,0,362225_51264_0,362225_51264
856,person,0.99816483,662,49,1106,538,51442,362225,0.3118049172794118,1,362225_51442_1,362225_51442
857,person,0.9959759,116,227,470,535,51442,362225,0.1565831801470588,0,362225_51442_0,362225_51442
858,person,0.9979836,288,42,808,537,51620,362225,0.3696576286764705,7,362225_51620_7,362225_51620
859,person,0.991896,1,0,190,544,51620,362225,0.14765625,6,362225_51620_6,362225_51620
860,person,0.97322637,913,158,1129,411,51620,362225,0.0784811580882352,5,362225_51620_5,362225_51620
861,chair,0.94016784,1100,241,1244,422,51620,362225,0.0374310661764705,2,362225_51620_2,362225_51620
862,backpack,0.90898234,327,12,475,240,51620,362225,0.0484604779411764,3,362225_51620_3,362225_51620
863,backpack,0.7970432,257,36,350,259,51620,362225,0.0297837201286764,1,362225_51620_1,362225_51620
864,tv,0.7362112,847,205,917,346,51620,362225,0.0141745174632352,0,362225_51620_0,362225_51620
865,backpack,0.5135121,247,6,397,286,51620,362225,0.0603170955882353,4,362225_51620_4,362225_51620
866,person,0.99762684,306,45,818,532,51798,362225,0.3580882352941176,7,362225_51798_7,362225_51798
867,person,0.99205303,1,1,198,544,51798,362225,0.1536233340992647,6,362225_51798_6,362225_51798
868,person,0.95698446,924,161,1138,409,51798,362225,0.0762178308823529,5,362225_51798_5,362225_51798
869,chair,0.92296505,1100,248,1263,414,51798,362225,0.0388585707720588,2,362225_51798_2,362225_51798
870,tv,0.9200315999999998,854,206,924,349,51798,362225,0.0143755744485294,0,362225_51798_0,362225_51798
871,backpack,0.9144991,330,12,474,244,51798,362225,0.0479779411764705,3,362225_51798_3,362225_51798
872,backpack,0.87000966,267,11,421,254,51798,362225,0.0537425321691176,4,362225_51798_4,362225_51798
873,backpack,0.67107576,265,29,359,246,51798,362225,0.0292940027573529,1,362225_51798_1,362225_51798
874,person,0.9981096,332,43,793,540,51976,362225,0.3290398092830882,7,362225_51976_7,362225_51976
875,person,0.9909105,1,0,268,544,51976,362225,0.20859375,6,362225_51976_6,362225_51976
876,person,0.97143644,922,170,1140,417,51976,362225,0.0773293887867647,5,362225_51976_5,362225_51976
877,chair,0.8884395,1106,259,1265,427,51976,362225,0.0383616727941176,3,362225_51976_3,362225_51976
878,backpack,0.8648754000000001,335,13,484,250,51976,362225,0.0507137522977941,4,362225_51976_4,362225_51976
879,backpack,0.78252894,274,10,373,256,51976,362225,0.0349752987132352,2,362225_51976_2,362225_51976
880,backpack,0.70826936,271,59,347,256,51976,362225,0.0215016084558823,1,362225_51976_1,362225_51976
881,tv,0.5122777000000001,859,218,928,363,51976,362225,0.0143683938419117,0,362225_51976_0,362225_51976
882,person,0.99668854,328,55,792,535,52154,362225,0.3198529411764705,7,362225_52154_7,362225_52154
883,person,0.9914615,0,0,262,544,52154,362225,0.2046875,6,362225_52154_6,362225_52154
884,person,0.9746124,920,172,1142,420,52154,362225,0.0790670955882353,5,362225_52154_5,362225_52154
885,chair,0.9495721,1105,256,1262,424,52154,362225,0.0378791360294117,3,362225_52154_3,362225_52154
886,backpack,0.92782503,329,14,484,258,52154,362225,0.0543141084558823,4,362225_52154_4,362225_52154
887,backpack,0.8719839,268,9,371,253,52154,362225,0.0360926011029411,2,362225_52154_2,362225_52154
888,tv,0.69703674,857,219,924,355,52154,362225,0.0130859375,0,362225_52154_0,362225_52154
889,tv,0.6318904000000001,686,234,825,339,52154,362225,0.0209601907169117,1,362225_52154_1,362225_52154
890,person,0.9798924,588,30,1074,540,52332,362225,0.35595703125,0,362225_52332_0,362225_52332
891,person,0.99053264,30,96,445,497,52510,362225,0.238992130055147,0,362225_52510_0,362225_52510
892,person,0.98167324,467,0,1044,541,52510,362225,0.4482953239889706,1,362225_52510_1,362225_52510
893,person,0.99378383,8,120,392,509,52688,362225,0.2145220588235294,0,362225_52688_0,362225_52688
894,person,0.95811003,493,23,1001,536,52688,362225,0.3742589613970588,1,362225_52688_1,362225_52688
895,person,0.9957432,172,59,848,544,52866,362225,0.4708467371323529,0,362225_52866_0,362225_52866
896,person,0.98938876,5,103,373,500,53044,362225,0.2098115808823529,0,362225_53044_0,362225_53044
897,person,0.9847799,392,3,998,539,53044,362225,0.4664751838235294,1,362225_53044_1,362225_53044
898,person,0.98739547,223,0,1021,541,53222,362225,0.6199994255514706,1,362225_53222_1,362225_53222
899,person,0.98494035,40,45,381,503,53222,362225,0.2242905560661764,0,362225_53222_0,362225_53222
900,person,0.9261649,1079,189,1280,539,53400,362225,0.1010311351102941,0,362225_53400_0,362225_53400
901,person,0.8822498,144,0,843,528,53400,362225,0.5300321691176471,1,362225_53400_1,362225_53400
902,person,0.98366064,346,0,973,539,53578,362225,0.4853415096507353,2,362225_53578_2,362225_53578
903,person,0.9806944,0,68,414,520,53578,362225,0.2687385110294117,1,362225_53578_1,362225_53578
904,person,0.52108675,1,64,243,447,53578,362225,0.133108340992647,0,362225_53578_0,362225_53578
905,person,0.94501704,499,10,1275,536,53756,362225,0.5861902573529412,3,362225_53756_3,362225_53756
906,person,0.88018465,10,0,406,387,53756,362225,0.2200884650735294,1,362225_53756_1,362225_53756
907,person,0.84126073,330,105,1109,537,53756,362225,0.4832950367647058,2,362225_53756_2,362225_53756
908,person,0.7211679,423,159,673,371,53756,362225,0.0761144301470588,0,362225_53756_0,362225_53756
909,person,0.99334246,362,0,1058,544,53934,362225,0.54375,2,362225_53934_2,362225_53934
910,person,0.9780793,12,47,419,489,53934,362225,0.258349609375,1,362225_53934_1,362225_53934
911,tie,0.52923626,599,473,662,543,53934,362225,0.0063332950367647,0,362225_53934_0,362225_53934
912,person,0.98045063,0,80,407,504,54112,362225,0.2478285845588236,0,362225_54112_0,362225_54112
913,person,0.9649143,349,0,1007,538,54112,362225,0.5083926930147059,1,362225_54112_1,362225_54112
914,car,0.9947978,657,157,822,331,54290,362225,0.0412310431985294,4,362225_54290_4,362225_54290
915,car,0.9864222,1087,323,1276,494,54290,362225,0.046414005055147,5,362225_54290_5,362225_54290
916,car,0.9617277,410,32,515,133,54290,362225,0.0152300666360294,0,362225_54290_0,362225_54290
917,car,0.9573819,785,2,909,94,54290,362225,0.0163832720588235,1,362225_54290_1,362225_54290
918,car,0.9396442,336,243,513,393,54290,362225,0.0381290211397058,3,362225_54290_3,362225_54290
919,car,0.886484,610,70,735,171,54290,362225,0.0181310317095588,2,362225_54290_2,362225_54290
920,person,0.95880175,669,233,921,461,54468,362225,0.0825137867647058,2,362225_54468_2,362225_54468
921,person,0.9329398,207,237,517,452,54468,362225,0.0957174862132353,3,362225_54468_3,362225_54468
922,car,0.80560964,499,348,715,443,54468,362225,0.0294692095588235,1,362225_54468_1,362225_54468
923,car,0.7353616,1211,337,1278,465,54468,362225,0.0123161764705882,0,362225_54468_0,362225_54468
924,car,0.5755303,368,197,1280,506,54468,362225,0.4047104779411765,4,362225_54468_4,362225_54468
925,person,0.94009745,198,234,526,446,54646,362225,0.0998621323529411,8,362225_54646_8,362225_54646
926,car,0.9299693,1178,273,1277,403,54646,362225,0.0184828814338235,5,362225_54646_5,362225_54646
927,person,0.87286645,677,226,926,443,54646,362225,0.0775979434742647,7,362225_54646_7,362225_54646
928,car,0.8551857,1010,338,1146,427,54646,362225,0.0173828125,4,362225_54646_4,362225_54646
929,car,0.68648195,506,332,727,433,54646,362225,0.0320556640625,6,362225_54646_6,362225_54646
930,car,0.6726925,891,339,1032,423,54646,362225,0.0170094209558823,3,362225_54646_3,362225_54646
931,car,0.6644656999999999,239,337,344,409,54646,362225,0.0108570772058823,1,362225_54646_1,362225_54646
932,truck,0.54703856,545,313,591,368,54646,362225,0.0036333869485294,0,362225_54646_0,362225_54646
933,car,0.5052422999999999,539,333,729,395,54646,362225,0.0169175091911764,2,362225_54646_2,362225_54646
934,person,0.971125,202,229,529,453,54824,362225,0.1051930147058823,8,362225_54824_8,362225_54824
935,car,0.94489354,889,325,1015,396,54824,362225,0.0128475413602941,4,362225_54824_4,362225_54824
936,person,0.929173,676,230,894,444,54824,362225,0.0669979319852941,7,362225_54824_7,362225_54824
937,car,0.8720613000000002,496,323,729,438,54824,362225,0.0384808708639705,6,362225_54824_6,362225_54824
938,car,0.87023216,549,325,727,405,54824,362225,0.0204503676470588,5,362225_54824_5,362225_54824
939,car,0.8685806,1199,338,1279,412,54824,362225,0.0085018382352941,3,362225_54824_3,362225_54824
940,car,0.7553726,527,335,579,381,54824,362225,0.0034352022058823,2,362225_54824_2,362225_54824
941,car,0.7233409000000001,669,294,713,339,54824,362225,0.0028435202205882,1,362225_54824_1,362225_54824
942,person,0.6921884,576,352,618,384,54824,362225,0.0019301470588235,0,362225_54824_0,362225_54824
943,person,0.94034487,268,14,1011,544,55002,362225,0.5655302159926471,3,362225_55002_3,362225_55002
944,car,0.83284134,3,121,296,339,55002,362225,0.0917308134191176,1,362225_55002_1,362225_55002
945,chair,0.5947331,287,421,462,544,55002,362225,0.0309125114889705,0,362225_55002_0,362225_55002
946,boat,0.51930195,0,129,300,361,55002,362225,0.099954044117647,2,362225_55002_2,362225_55002
947,person,0.98526114,160,36,839,544,55180,362225,0.4953642003676471,2,362225_55180_2,362225_55180
948,car,0.9312789,776,104,984,175,55180,362225,0.0212086397058823,0,362225_55180_0,362225_55180
949,car,0.6226154,0,228,99,401,55180,362225,0.0245964499080882,1,362225_55180_1,362225_55180
950,person,0.97789955,193,20,948,538,55358,362225,0.5616526884191176,0,362225_55358_0,362225_55358
951,car,0.86142796,508,286,659,365,55536,362225,0.0171314912683823,0,362225_55536_0,362225_55536
952,person,0.9956031,130,96,574,532,55714,362225,0.2780101102941176,1,362225_55714_1,362225_55714
953,person,0.96994174,602,128,869,516,55714,362225,0.1487764246323529,0,362225_55714_0,362225_55714
954,person,0.9951143,125,103,550,532,55892,362225,0.2618408203125,1,362225_55892_1,362225_55892
955,person,0.98103034,612,129,877,504,55892,362225,0.1427145565257352,0,362225_55892_0,362225_55892
956,person,0.9931797,256,0,1037,542,56070,362225,0.6079130284926471,0,362225_56070_0,362225_56070
957,person,0.98380023,99,106,678,530,56248,362225,0.3525620404411764,1,362225_56248_1,362225_56248
958,person,0.9813643,574,0,885,534,56248,362225,0.2385024126838235,0,362225_56248_0,362225_56248
959,person,0.58975005,368,13,979,540,56248,362225,0.4624267578125,2,362225_56248_2,362225_56248
960,person,0.99271023,507,186,883,536,56426,362225,0.1889935661764706,0,362225_56426_0,362225_56426
961,person,0.98957855,457,43,681,544,56604,362225,0.1611672794117647,0,362225_56604_0,362225_56604
962,person,0.990576,156,0,979,532,56782,362225,0.6287856158088235,0,362225_56782_0,362225_56782
963,person,0.95157266,522,0,1019,544,56960,362225,0.38828125,1,362225_56960_1,362225_56960
964,person,0.88791126,5,0,697,543,56960,362225,0.5396312040441177,2,362225_56960_2,362225_56960
965,tie,0.7838829,784,430,859,544,56960,362225,0.0122788373161764,0,362225_56960_0,362225_56960
966,person,0.54415625,134,0,1034,543,56960,362225,0.7018324908088235,3,362225_56960_3,362225_56960
967,person,0.95337474,122,45,907,538,57138,362225,0.5557861328125,1,362225_57138_1,362225_57138
968,person,0.92311084,501,0,1028,534,57138,362225,0.404150390625,0,362225_57138_0,362225_57138
969,person,0.9607948,0,4,915,540,57316,362225,0.7043313419117647,1,362225_57316_1,362225_57316
970,person,0.9206822,954,0,1276,533,57316,362225,0.2464757582720588,0,362225_57316_0,362225_57316
971,person,0.9956084,440,0,1178,534,57494,362225,0.5659639246323529,2,362225_57494_2,362225_57494
972,person,0.73168314,11,2,550,542,57494,362225,0.4179974724264705,1,362225_57494_1,362225_57494
973,tie,0.72336686,886,430,960,543,57494,362225,0.0120088465073529,0,362225_57494_0,362225_57494
974,person,0.9783797,0,0,899,544,57672,362225,0.70234375,1,362225_57672_1,362225_57672
975,person,0.95828515,958,0,1280,541,57672,362225,0.2501752068014706,0,362225_57672_0,362225_57672
976,person,0.99108523,382,0,1142,536,57850,362225,0.5850183823529411,1,362225_57850_1,362225_57850
977,person,0.8257841,12,0,452,527,57850,362225,0.3330078125,0,362225_57850_0,362225_57850
978,person,0.9530212,906,0,1280,494,58028,362225,0.26533203125,0,362225_58028_0,362225_58028
979,person,0.92707527,52,0,934,541,58028,362225,0.6852625229779412,1,362225_58028_1,362225_58028
980,person,0.986747,388,0,1156,534,58206,362225,0.5889705882352941,1,362225_58206_1,362225_58206
981,dog,0.713932,0,5,546,544,58206,362225,0.4226418887867647,0,362225_58206_0,362225_58206
982,person,0.9879622,25,0,876,544,58384,362225,0.66484375,1,362225_58384_1,362225_58384
983,person,0.90200037,834,0,1280,532,58384,362225,0.3407513786764706,0,362225_58384_0,362225_58384
984,person,0.99066824,375,4,1108,543,58562,362225,0.5673928653492647,1,362225_58562_1,362225_58562
985,person,0.97464365,0,9,473,541,58562,362225,0.3613798253676471,0,362225_58562_0,362225_58562
986,person,0.97774374,59,0,927,539,58740,362225,0.6718922334558823,1,362225_58740_1,362225_58740
987,person,0.9583843,891,6,1280,533,58740,362225,0.2944091796875,0,362225_58740_0,362225_58740
988,person,0.9781684000000002,59,14,939,531,58918,362225,0.6533777573529411,1,362225_58918_1,362225_58918
989,person,0.95601726,804,5,1272,541,58918,362225,0.3602481617647059,0,362225_58918_0,362225_58918
990,person,0.9572716,494,2,1038,540,59096,362225,0.4203125,0,362225_59096_0,362225_59096
991,person,0.8486066999999999,17,2,689,535,59096,362225,0.5143841911764706,1,362225_59096_1,362225_59096
992,person,0.980228,604,4,1063,540,59274,362225,0.3533203125,0,362225_59274_0,362225_59274
993,person,0.96705353,76,13,790,544,59274,362225,0.544482421875,1,362225_59274_1,362225_59274
994,person,0.8810251,191,0,1096,543,59274,362225,0.7057315602022058,2,362225_59274_2,362225_59274
995,person,0.94277495,83,8,1031,530,59452,362225,0.7106732536764706,1,362225_59452_1,362225_59452
996,person,0.77299315,764,1,1280,528,59452,362225,0.39052734375,0,362225_59452_0,362225_59452
997,person,0.98061293,542,0,1018,544,59630,362225,0.371875,0,362225_59630_0,362225_59630
998,person,0.91736925,13,3,664,544,59630,362225,0.505789005055147,1,362225_59630_1,362225_59630
999,person,0.86658025,0,26,1014,526,59986,362225,0.7281135110294118,1,362225_59986_1,362225_59986
1000,car,0.6342643,669,116,1280,544,59986,362225,0.3755572150735294,0,362225_59986_0,362225_59986
1001,car,0.92500144,101,338,581,525,60164,362225,0.12890625,2,362225_60164_2,362225_60164
1002,car,0.7541889,31,418,107,499,60164,362225,0.008840762867647,0,362225_60164_0,362225_60164
1003,chair,0.68561924,660,276,961,536,60164,362225,0.1123908547794117,1,362225_60164_1,362225_60164
1004,person,0.86600566,257,3,902,505,60342,362225,0.4650017233455882,0,362225_60342_0,362225_60342
1005,person,0.7667267,632,12,1280,527,60520,362225,0.4792624080882353,0,362225_60520_0,362225_60520
1006,person,0.8292109000000001,13,3,586,473,60698,362225,0.3867618336397059,0,362225_60698_0,362225_60698
1007,person,0.61108744,635,7,1122,377,60876,362225,0.2587747012867647,1,362225_60876_1,362225_60876
1008,chair,0.53199714,842,333,1103,538,60876,362225,0.0768396714154411,0,362225_60876_0,362225_60876
1009,person,0.9452036,23,0,663,542,61054,362225,0.4981617647058824,0,362225_61054_0,362225_61054
1010,person,0.97440624,216,0,1081,535,61232,362225,0.6646010454963235,0,362225_61232_0,362225_61232
1011,person,0.982505,420,153,1130,536,61410,362225,0.3905244715073529,8,362225_61410_8,362225_61410
1012,person,0.9270505,698,154,1130,528,61410,362225,0.23203125,4,362225_61410_4,362225_61410
1013,person,0.9184319,142,277,446,541,61410,362225,0.1152573529411764,1,362225_61410_1,362225_61410
1014,book,0.90196264,348,0,848,523,61410,362225,0.3755457261029412,7,362225_61410_7,362225_61410
1015,book,0.81341946,387,0,1098,488,61410,362225,0.498288143382353,10,362225_61410_10,362225_61410
1016,book,0.798809,191,0,637,544,61410,362225,0.3484375,6,362225_61410_6,362225_61410
1017,person,0.7768149000000001,140,171,952,544,61410,362225,0.4349666819852941,9,362225_61410_9,362225_61410
1018,person,0.7329425,802,229,1131,524,61410,362225,0.139382755055147,2,362225_61410_2,362225_61410
1019,book,0.6277130999999999,116,0,476,489,61410,362225,0.2528147977941176,5,362225_61410_5,362225_61410
1020,person,0.5835454999999999,113,264,250,541,61410,362225,0.0544993681066176,0,362225_61410_0,362225_61410
1021,person,0.5595236,114,199,510,544,61410,362225,0.1962028952205882,3,362225_61410_3,362225_61410
1022,cell phone,0.9096011,749,367,925,540,61766,362225,0.0437270220588235,1,362225_61766_1,362225_61766
1023,person,0.83268744,702,501,785,541,61766,362225,0.0047679227941176,0,362225_61766_0,362225_61766
1024,dog,0.9917591,314,375,684,542,61944,362225,0.0887379365808823,6,362225_61944_6,362225_61944
1025,person,0.9497142,629,137,878,538,61944,362225,0.1433952780330882,8,362225_61944_8,362225_61944
1026,person,0.94922286,627,124,839,420,61944,362225,0.0901194852941176,7,362225_61944_7,362225_61944
1027,chair,0.9449186,588,303,823,537,61944,362225,0.0789723115808823,5,362225_61944_5,362225_61944
1028,book,0.67526186,178,135,262,167,61944,362225,0.003860294117647,4,362225_61944_4,362225_61944
1029,book,0.62547493,130,214,221,240,61944,362225,0.0033978630514705,3,362225_61944_3,362225_61944
1030,book,0.60042536,126,178,214,196,61944,362225,0.0022748161764705,1,362225_61944_1,362225_61944
1031,book,0.5282799,531,153,560,213,61944,362225,0.0024988511029411,2,362225_61944_2,362225_61944
1032,book,0.5098043999999999,137,186,215,204,61944,362225,0.0020163143382352,0,362225_61944_0,362225_61944
1033,person,0.91114515,190,77,486,436,62122,362225,0.1526079963235294,1,362225_62122_1,362225_62122
1034,cup,0.85184157,29,9,244,138,62122,362225,0.0398308249080882,0,362225_62122_0,362225_62122
1035,person,0.59254533,89,68,521,485,62122,362225,0.2587086397058824,3,362225_62122_3,362225_62122
1036,person,0.57435,631,0,1213,209,62122,362225,0.1746869255514705,2,362225_62122_2,362225_62122
1037,person,0.98713267,142,23,801,536,62300,362225,0.4855052274816177,0,362225_62300_0,362225_62300
1038,person,0.99212885,308,0,1146,544,62478,362225,0.6546875,1,362225_62478_1,362225_62478
1039,person,0.65327317,6,0,378,507,62478,362225,0.2708582261029412,0,362225_62478_0,362225_62478
1040,person,0.9908959,117,5,788,544,62656,362225,0.5194005629595588,0,362225_62656_0,362225_62656
1041,person,0.98980474,104,27,810,537,62834,362225,0.51708984375,0,362225_62834_0,362225_62834
1042,person,0.99527586,421,86,793,540,63012,362225,0.2425436580882353,5,362225_63012_5,362225_63012
1043,person,0.98840046,972,0,1272,544,63012,362225,0.234375,3,362225_63012_3,362225_63012
1044,chair,0.8383508,0,477,349,538,63012,362225,0.0305735868566176,0,362225_63012_0,362225_63012
1045,chair,0.7242429,302,236,499,471,63012,362225,0.0664852366727941,2,362225_63012_2,362225_63012
1046,chair,0.6204229,56,232,584,544,63012,362225,0.2365808823529412,4,362225_63012_4,362225_63012
1047,chair,0.54833776,0,359,189,496,63012,362225,0.037185489430147,1,362225_63012_1,362225_63012
1048,person,0.99014086,102,60,593,539,63190,362225,0.3377599379595588,1,362225_63190_1,362225_63190
1049,person,0.953375,852,307,1223,543,63190,362225,0.1257410386029411,0,362225_63190_0,362225_63190
1050,person,0.99869764,1133,10,1280,464,63368,362225,0.0958438648897058,9,362225_63368_9,362225_63368
1051,person,0.9901905,25,59,560,537,63368,362225,0.3672593060661765,11,362225_63368_11,362225_63368
1052,person,0.9881022,873,195,1070,461,63368,362225,0.0752556295955882,8,362225_63368_8,362225_63368
1053,couch,0.8502199,674,301,947,464,63368,362225,0.0639059627757352,6,362225_63368_6,362225_63368
1054,cup,0.7903889000000001,873,450,917,481,63368,362225,0.0019588694852941,1,362225_63368_1,362225_63368
1055,chair,0.7445278000000001,1037,378,1189,453,63368,362225,0.0163717830882353,5,362225_63368_5,362225_63368
1056,bottle,0.70427275,1057,246,1081,292,63368,362225,0.0015854779411764,0,362225_63368_0,362225_63368
1057,couch,0.66186893,665,291,1263,521,63368,362225,0.1975241268382352,10,362225_63368_10,362225_63368
1058,chair,0.6338696999999999,375,345,618,531,63368,362225,0.0649098115808823,7,362225_63368_7,362225_63368
1059,cup,0.5823286,766,479,814,518,63368,362225,0.002688419117647,3,362225_63368_3,362225_63368
1060,cup,0.57945555,799,446,847,478,63368,362225,0.0022058823529411,2,362225_63368_2,362225_63368
1061,bowl,0.5655648,699,446,777,497,63368,362225,0.005712890625,4,362225_63368_4,362225_63368
1062,person,0.9961265,338,54,749,536,63546,362225,0.2844985064338235,2,362225_63546_2,362225_63546
1063,chair,0.69935423,304,330,377,526,63546,362225,0.0205480238970588,0,362225_63546_0,362225_63546
1064,bed,0.5960746,593,90,1238,531,63546,362225,0.4084975298713235,4,362225_63546_4,362225_63546
1065,person,0.5808214,996,4,1278,157,63546,362225,0.061962890625,1,362225_63546_1,362225_63546
1066,person,0.50483954,749,20,1270,533,63546,362225,0.3838364545036765,3,362225_63546_3,362225_63546
1067,person,0.99656075,365,0,912,541,63724,362225,0.4249870749080881,3,362225_63724_3,362225_63724
1068,person,0.93469155,240,265,601,544,63724,362225,0.1446447035845588,1,362225_63724_1,362225_63724
1069,couch,0.724326,823,350,1169,543,63724,362225,0.095901309742647,0,362225_63724_0,362225_63724
1070,couch,0.69125146,0,210,622,544,63724,362225,0.2983513327205882,2,362225_63724_2,362225_63724
1071,person,0.9961648,457,26,1165,543,63902,362225,0.5256721047794117,0,362225_63902_0,362225_63902
1072,person,0.9905928,237,0,895,540,64080,362225,0.5102826286764706,0,362225_64080_0,362225_64080
1073,person,0.9947443,451,23,1175,540,64258,362225,0.5375517003676471,1,362225_64258_1,362225_64258
1074,person,0.5586937,8,8,411,454,64258,362225,0.2581255744485294,0,362225_64258_0,362225_64258
1075,person,0.9929733,254,15,810,539,64436,362225,0.4184053308823529,0,362225_64436_0,362225_64436
1076,person,0.9924396,211,23,544,505,64614,362225,0.2305060891544117,10,362225_64614_10,362225_64614
1077,person,0.9756026,859,121,1097,395,64614,362225,0.09365234375,7,362225_64614_7,362225_64614
1078,person,0.9591962,968,63,1272,493,64614,362225,0.1877297794117647,9,362225_64614_9,362225_64614
1079,cup,0.78595555,839,375,889,411,64614,362225,0.0025850183823529,3,362225_64614_3,362225_64614
1080,cup,0.69859505,906,387,950,419,64614,362225,0.0020220588235294,0,362225_64614_0,362225_64614
1081,couch,0.61258924,2,262,336,532,64614,362225,0.1295094209558823,8,362225_64614_8,362225_64614
1082,bowl,0.5965573000000001,785,417,837,451,64614,362225,0.0025390625,2,362225_64614_2,362225_64614
1083,book,0.5627297,20,142,66,272,64614,362225,0.0085880055147058,4,362225_64614_4,362225_64614
1084,chair,0.5494208,541,274,664,456,64614,362225,0.0321490119485294,5,362225_64614_5,362225_64614
1085,couch,0.50990874,0,258,650,544,64614,362225,0.2669749540441176,11,362225_64614_11,362225_64614
1086,cup,0.5076864999999999,158,63,191,106,64614,362225,0.0020378561580882,1,362225_64614_1,362225_64614
1087,couch,0.50654525,948,370,1265,543,64614,362225,0.0787583295036764,6,362225_64614_6,362225_64614
1088,person,0.9959559,215,14,911,544,64792,362225,0.5297564338235294,0,362225_64792_0,362225_64792
1089,person,0.99702924,370,20,1093,544,64970,362225,0.5440774356617647,1,362225_64970_1,362225_64970
1090,person,0.7049166,7,16,360,506,64970,362225,0.2484059053308824,0,362225_64970_0,362225_64970
1091,person,0.9924239,348,5,1128,539,65148,362225,0.5981732536764706,1,362225_65148_1,362225_65148
1092,person,0.85846037,8,0,341,515,65148,362225,0.2462876263786765,0,362225_65148_0,362225_65148
1093,person,0.99440247,257,35,930,544,65326,362225,0.4919534122242647,1,362225_65326_1,362225_65326
1094,person,0.59177667,892,101,1280,544,65326,362225,0.2468462775735294,0,362225_65326_0,362225_65326
1095,person,0.99021405,199,23,543,482,65504,362225,0.2267578125,12,362225_65504_12,362225_65504
1096,person,0.97916037,821,107,1085,383,65504,362225,0.104641544117647,10,362225_65504_10,362225_65504
1097,person,0.95551854,1031,99,1255,395,65504,362225,0.0952205882352941,8,362225_65504_8,362225_65504
1098,cup,0.92526174,830,368,886,401,65504,362225,0.0026539522058823,2,362225_65504_2,362225_65504
1099,bowl,0.79573214,726,369,800,417,65504,362225,0.0051011029411764,3,362225_65504_3,362225_65504
1100,chair,0.71889865,528,265,652,433,65504,362225,0.0299172794117647,7,362225_65504_7,362225_65504
1101,couch,0.63670117,0,234,338,533,65504,362225,0.1451372931985294,11,362225_65504_11,362225_65504
1102,couch,0.62002313,901,345,1254,538,65504,362225,0.0978415096507352,9,362225_65504_9,362225_65504
1103,book,0.605489,8,137,41,261,65504,362225,0.0058766084558823,5,362225_65504_5,362225_65504
1104,cup,0.6038587,897,373,941,406,65504,362225,0.0020852481617647,0,362225_65504_0,362225_65504
1105,chair,0.59375614,841,208,896,273,65504,362225,0.0051341337316176,4,362225_65504_4,362225_65504
1106,book,0.5711534,12,129,57,267,65504,362225,0.0089183134191176,6,362225_65504_6,362225_65504
1107,bowl,0.5346597,777,406,829,438,65504,362225,0.0023897058823529,1,362225_65504_1,362225_65504
1108,person,0.93253267,365,34,1080,544,65682,362225,0.523681640625,3,362225_65682_3,362225_65682
1109,person,0.83276755,441,0,1086,362,65682,362225,0.3353199678308824,1,362225_65682_1,362225_65682
1110,person,0.82922965,653,0,1280,543,65682,362225,0.4889433019301471,2,362225_65682_2,362225_65682
1111,chair,0.68723255,189,163,465,527,65682,362225,0.1442784926470588,0,362225_65682_0,362225_65682
1112,person,0.98868257,263,10,893,532,65860,362225,0.4722828584558824,0,362225_65860_0,362225_65860
1113,person,0.997083,423,27,1147,543,66038,362225,0.5365119485294118,1,362225_66038_1,362225_66038
1114,person,0.56176156,16,0,377,518,66038,362225,0.2685518152573529,0,362225_66038_0,362225_66038
1115,person,0.99577254,244,30,922,541,66216,362225,0.497555721507353,1,362225_66216_1,362225_66216
1116,person,0.50951266,884,99,1270,544,66216,362225,0.246682559742647,0,362225_66216_0,362225_66216
1117,person,0.99140066,203,23,537,494,66394,362225,0.2259219898897059,10,362225_66394_10,362225_66394
1118,person,0.98814535,846,105,1082,403,66394,362225,0.1009995404411764,7,362225_66394_7,362225_66394
1119,person,0.9578029,1013,60,1266,445,66394,362225,0.1398853975183823,9,362225_66394_9,362225_66394
1120,cup,0.8619399999999999,898,383,949,419,66394,362225,0.00263671875,0,362225_66394_0,362225_66394
1121,book,0.68764424,6,152,45,278,66394,362225,0.0070571001838235,3,362225_66394_3,362225_66394
1122,book,0.6727918,14,145,61,275,66394,362225,0.0087747012867647,4,362225_66394_4,362225_66394
1123,couch,0.66510373,934,373,1259,544,66394,362225,0.079812442555147,6,362225_66394_6,362225_66394
1124,tie,0.6431631999999999,953,231,990,354,66394,362225,0.0065357881433823,2,362225_66394_2,362225_66394
1125,couch,0.6202685,0,264,335,538,66394,362225,0.1318215762867647,8,362225_66394_8,362225_66394
1126,bowl,0.5892028,729,373,801,425,66394,362225,0.0053768382352941,1,362225_66394_1,362225_66394
1127,chair,0.53764004,534,272,653,436,66394,362225,0.02802734375,5,362225_66394_5,362225_66394
1128,person,0.9947857,626,37,956,544,66572,362225,0.2402774586397059,2,362225_66572_2,362225_66572
1129,dog,0.75267786,64,289,145,424,66572,362225,0.0157039866727941,0,362225_66572_0,362225_66572
1130,couch,0.55640835,918,435,1280,535,66572,362225,0.0519875919117647,1,362225_66572_1,362225_66572
1131,person,0.99771464,209,77,551,544,66750,362225,0.2293686810661765,7,362225_66750_7,362225_66750
1132,person,0.98350334,22,269,219,537,66750,362225,0.0758214613970588,5,362225_66750_5,362225_66750
1133,person,0.9729275,714,0,1280,544,66750,362225,0.4421875,8,362225_66750_8,362225_66750
1134,person,0.96878827,557,249,717,526,66750,362225,0.0636488970588235,3,362225_66750_3,362225_66750
1135,person,0.8875436,492,213,611,533,66750,362225,0.0546875,2,362225_66750_2,362225_66750
1136,person,0.8856331000000001,692,254,797,425,66750,362225,0.0257855583639705,1,362225_66750_1,362225_66750
1137,person,0.77378374,1163,268,1248,411,66750,362225,0.0174560546875,0,362225_66750_0,362225_66750
1138,person,0.66145146,607,265,921,534,66750,362225,0.1213034237132353,6,362225_66750_6,362225_66750
1139,person,0.52746725,504,236,663,528,66750,362225,0.0666762408088235,4,362225_66750_4,362225_66750
1140,person,0.99140817,475,29,732,543,66928,362225,0.1897087545955882,7,362225_66928_7,362225_66928
1141,person,0.98516405,323,296,482,538,66928,362225,0.0552590762867647,4,362225_66928_4,362225_66928
1142,person,0.9838853,754,23,1011,544,66928,362225,0.1922923368566176,8,362225_66928_8,362225_66928
1143,person,0.9779198,960,45,1146,526,66928,362225,0.1284840303308823,6,362225_66928_6,362225_66928
1144,person,0.93993795,658,6,788,492,66928,362225,0.0907341452205882,5,362225_66928_5,362225_66928
1145,person,0.8047504,1161,136,1280,438,66928,362225,0.051611328125,3,362225_66928_3,362225_66928
1146,person,0.7806867,1126,187,1219,414,66928,362225,0.0303179572610294,1,362225_66928_1,362225_66928
1147,person,0.75947577,1174,58,1280,200,66928,362225,0.0216164981617647,0,362225_66928_0,362225_66928
1148,person,0.6763176,1196,127,1280,388,66928,362225,0.0314855238970588,2,362225_66928_2,362225_66928
1149,person,0.9863949,446,93,620,536,67106,362225,0.1106991038602941,6,362225_67106_6,362225_67106
1150,person,0.97792506,591,90,880,538,67106,362225,0.1859375,7,362225_67106_7,362225_67106
1151,person,0.96389824,935,157,995,376,67106,362225,0.0188706341911764,5,362225_67106_5,362225_67106
1152,person,0.9336051,1011,162,1080,326,67106,362225,0.0162511488970588,3,362225_67106_3,362225_67106
1153,person,0.9113877,880,155,934,374,67106,362225,0.0169835707720588,4,362225_67106_4,362225_67106
1154,person,0.7504869000000001,817,141,877,318,67106,362225,0.0152516084558823,1,362225_67106_1,362225_67106
1155,person,0.6678440999999999,585,166,640,281,67106,362225,0.0090834673713235,0,362225_67106_0,362225_67106
1156,person,0.64750904,584,163,647,333,67106,362225,0.015380859375,2,362225_67106_2,362225_67106
1157,person,0.50765353,322,97,619,538,67106,362225,0.1880988625919116,8,362225_67106_8,362225_67106
1158,person,0.9907823,409,12,911,544,67284,362225,0.3835363051470588,1,362225_67284_1,362225_67284
1159,tie,0.5528751000000001,532,395,680,544,67284,362225,0.0316693474264705,0,362225_67284_0,362225_67284
1160,person,0.9850168,1136,206,1273,539,67462,362225,0.0655172909007353,5,362225_67462_5,362225_67462
1161,person,0.9600829,276,0,1164,538,67462,362225,0.6860983455882353,7,362225_67462_7,362225_67462
1162,person,0.93896836,979,233,1127,503,67462,362225,0.0573874080882353,4,362225_67462_4,362225_67462
1163,person,0.91683066,844,243,981,419,67462,362225,0.0346277573529411,3,362225_67462_3,362225_67462
1164,person,0.9124599,144,171,432,534,67462,362225,0.1501378676470588,6,362225_67462_6,362225_67462
1165,person,0.81244504,811,236,895,380,67462,362225,0.0173713235294117,1,362225_67462_1,362225_67462
1166,person,0.6024104,774,231,843,368,67462,362225,0.0135756548713235,0,362225_67462_0,362225_67462
1167,person,0.5283088,1196,136,1280,311,67462,362225,0.0211109834558823,2,362225_67462_2,362225_67462
1168,person,0.98743033,743,23,1266,540,67640,362225,0.3883142807904412,8,362225_67640_8,362225_67640
1169,person,0.9413717,463,92,645,442,67640,362225,0.0914809283088235,3,362225_67640_3,362225_67640
1170,person,0.9297953,328,118,518,439,67640,362225,0.0875890395220588,1,362225_67640_1,362225_67640
1171,person,0.9106394,108,134,681,541,67640,362225,0.3349192899816176,7,362225_67640_7,362225_67640
1172,person,0.8786263000000001,298,93,681,517,67640,362225,0.2332146139705882,5,362225_67640_5,362225_67640
1173,person,0.82460403,102,108,367,539,67640,362225,0.1640265969669117,4,362225_67640_4,362225_67640
1174,person,0.75984603,728,112,887,509,67640,362225,0.090652286305147,2,362225_67640_2,362225_67640
1175,person,0.6964783,698,13,1046,529,67640,362225,0.2578814338235294,6,362225_67640_6,362225_67640
1176,person,0.6161327,641,138,784,533,67640,362225,0.0811193129595588,0,362225_67640_0,362225_67640
1177,person,0.99310994,703,70,1062,538,67818,362225,0.2412856158088235,0,362225_67818_0,362225_67818
1178,person,0.92980504,492,88,616,528,67996,362225,0.0783547794117647,0,362225_67996_0,362225_67996
1179,person,0.98615396,387,48,1034,544,68174,362225,0.4608685661764706,0,362225_68174_0,362225_68174
1180,person,0.99041194,465,14,819,538,68352,362225,0.2663947610294118,0,362225_68352_0,362225_68352
1181,person,0.9929598,283,42,814,544,68530,362225,0.3828153722426471,1,362225_68530_1,362225_68530
1182,person,0.559787,257,37,619,544,68530,362225,0.263577090992647,0,362225_68530_0,362225_68530
1183,person,0.98163754,331,0,932,540,68708,362225,0.4660788143382353,0,362225_68708_0,362225_68708
1184,person,0.99586356,102,55,691,544,68886,362225,0.4136330997242647,0,362225_68886_0,362225_68886
1185,person,0.9760276,690,9,1280,544,68886,362225,0.4533116957720588,1,362225_68886_1,362225_68886
1186,person,0.9926044,101,5,729,543,69064,362225,0.4852136948529412,2,362225_69064_2,362225_69064
1187,person,0.9776504,732,13,1275,544,69064,362225,0.4140811695772058,1,362225_69064_1,362225_69064
1188,person,0.7095656,948,14,1274,544,69064,362225,0.2481330422794117,0,362225_69064_0,362225_69064
1189,person,0.90805286,1003,167,1280,527,69242,362225,0.1432100183823529,0,362225_69242_0,362225_69242
1190,person,0.8560314,97,22,725,480,69242,362225,0.4130629595588236,3,362225_69242_3,362225_69242
1191,person,0.80134493,72,23,1199,496,69242,362225,0.765554630055147,5,362225_69242_5,362225_69242
1192,person,0.59907913,128,0,592,300,69242,362225,0.1999080882352941,1,362225_69242_1,362225_69242
1193,bed,0.5854108,304,183,1154,535,69242,362225,0.4296875,4,362225_69242_4,362225_69242
1194,person,0.5399221,632,110,1262,544,69242,362225,0.3926642922794117,2,362225_69242_2,362225_69242
1195,person,0.9926843,208,10,674,470,69420,362225,0.3078469669117647,3,362225_69420_3,362225_69420
1196,cell phone,0.88344306,294,345,348,376,69420,362225,0.0024040670955882,0,362225_69420_0,362225_69420
1197,dog,0.82070017,692,266,1267,535,69420,362225,0.2221320657169117,1,362225_69420_1,362225_69420
1198,chair,0.56755173,286,164,773,542,69420,362225,0.2643698299632353,2,362225_69420_2,362225_69420
1199,person,0.9952242,581,8,1124,537,69776,362225,0.4125215418198529,1,362225_69776_1,362225_69776
1200,person,0.99362916,31,92,506,540,69776,362225,0.3056066176470588,0,362225_69776_0,362225_69776
1201,person,0.99201125,280,114,1016,544,69954,362225,0.4545036764705882,2,362225_69954_2,362225_69954
1202,person,0.94759387,252,23,707,529,69954,362225,0.3306382123161765,1,362225_69954_1,362225_69954
1203,person,0.68395126,410,0,650,274,69954,362225,0.0944393382352941,0,362225_69954_0,362225_69954
1204,person,0.997549,601,25,927,533,70132,362225,0.2378331801470588,0,362225_70132_0,362225_70132
1205,person,0.9882973,302,194,669,540,70488,362225,0.1823615579044116,3,362225_70488_3,362225_70488
1206,person,0.9262407,302,17,579,442,70488,362225,0.1690673828125,2,362225_70488_2,362225_70488
1207,laptop,0.5932581,162,360,354,516,70488,362225,0.0430147058823529,1,362225_70488_1,362225_70488
1208,book,0.56517786,1165,375,1280,401,70488,362225,0.0042940027573529,0,362225_70488_0,362225_70488
1209,person,0.9951729,464,0,1036,544,70666,362225,0.446875,1,362225_70666_1,362225_70666
1210,person,0.9272195,774,457,1001,542,70666,362225,0.0277099609375,0,362225_70666_0,362225_70666
1211,person,0.98846495,294,0,869,522,70844,362225,0.4310518152573529,1,362225_70844_1,362225_70844
1212,laptop,0.9825942,285,393,737,534,70844,362225,0.0915268841911764,0,362225_70844_0,362225_70844
1213,person,0.993487,867,12,1188,542,71022,362225,0.2443273207720588,2,362225_71022_2,362225_71022
1214,person,0.84660006,318,357,417,522,71022,362225,0.0234590418198529,0,362225_71022_0,362225_71022
1215,person,0.785229,305,354,481,534,71022,362225,0.0454963235294117,1,362225_71022_1,362225_71022
1216,person,0.96387863,67,0,904,526,71200,362225,0.6322696461397059,0,362225_71200_0,362225_71200
1217,person,0.9847478,80,7,903,530,71378,362225,0.6181482651654412,0,362225_71378_0,362225_71378
1218,person,0.95191604,559,15,995,453,71556,362225,0.2742532169117647,0,362225_71556_0,362225_71556
1219,person,0.85581046,322,44,989,499,71556,362225,0.4358412798713235,1,362225_71556_1,362225_71556
1220,person,0.779397,0,32,788,521,71556,362225,0.5533835018382353,2,362225_71556_2,362225_71556
1221,person,0.99906033,522,33,858,539,71912,362225,0.2441636029411765,1,362225_71912_1,362225_71912
1222,person,0.9150457,1059,0,1204,396,71912,362225,0.0824620863970588,0,362225_71912_0,362225_71912
1223,person,0.9925074,246,0,946,537,72090,362225,0.5398380055147058,1,362225_72090_1,362225_72090
1224,tie,0.77847,533,347,632,526,72090,362225,0.0254495059742647,0,362225_72090_0,362225_72090
1225,person,0.91366005,305,0,1250,534,72268,362225,0.7247099034926471,1,362225_72268_1,362225_72268
1226,person,0.89393383,197,3,688,528,72268,362225,0.3701961741727941,0,362225_72268_0,362225_72268
1227,person,0.9917897,100,33,615,544,72446,362225,0.3779368681066176,1,362225_72446_1,362225_72446
1228,person,0.6692288000000001,328,60,617,495,72446,362225,0.1805419921875,0,362225_72446_0,362225_72446
1229,car,0.5364346999999999,0,2,834,458,72446,362225,0.5461626838235294,2,362225_72446_2,362225_72446
1230,person,0.99862134,911,160,1050,455,72624,362225,0.0588881548713235,5,362225_72624_5,362225_72624
1231,truck,0.94256324,363,236,706,399,72624,362225,0.0802921070772058,6,362225_72624_6,362225_72624
1232,car,0.89609337,616,311,733,380,72624,362225,0.0115938074448529,2,362225_72624_2,362225_72624
1233,car,0.83586854,709,317,785,374,72624,362225,0.0062212775735294,1,362225_72624_1,362225_72624
1234,car,0.76995456,899,325,951,370,72624,362225,0.0033605238970588,0,362225_72624_0,362225_72624
1235,dog,0.54249614,812,334,911,469,72624,362225,0.0191937614889705,3,362225_72624_3,362225_72624
1236,truck,0.53638744,370,238,592,379,72624,362225,0.0449534696691176,4,362225_72624_4,362225_72624
1237,person,0.9918677,169,142,462,504,72802,362225,0.1523236443014705,2,362225_72802_2,362225_72802
1238,person,0.9823046,1031,129,1212,536,72802,362225,0.1057947495404411,0,362225_72802_0,362225_72802
1239,tv,0.9584101,422,0,868,351,72802,362225,0.2248190487132353,3,362225_72802_3,362225_72802
1240,person,0.93682903,777,89,1017,498,72802,362225,0.140969669117647,1,362225_72802_1,362225_72802
1241,person,0.94585156,505,236,574,328,72980,362225,0.0091164981617647,0,362225_72980_0,362225_72980
1242,person,0.5736763,95,151,366,528,72980,362225,0.1467242072610294,1,362225_72980_1,362225_72980
1243,bicycle,0.53760123,25,179,442,544,72980,362225,0.2185848460477941,2,362225_72980_2,362225_72980
1244,person,0.9984414,863,113,1003,530,73158,362225,0.083840762867647,4,362225_73158_4,362225_73158
1245,person,0.9901097,716,12,917,539,73158,362225,0.1521240234375,5,362225_73158_5,362225_73158
1246,person,0.98378193,413,108,519,283,73158,362225,0.0266400505514705,1,362225_73158_1,362225_73158
1247,person,0.9467487,616,127,679,321,73158,362225,0.0175522748161764,0,362225_73158_0,362225_73158
1248,bicycle,0.7287102,5,186,168,419,73158,362225,0.0545424517463235,2,362225_73158_2,362225_73158
1249,person,0.63580513,400,97,524,544,73158,362225,0.0796013327205882,3,362225_73158_3,362225_73158
1250,person,0.9988997,614,34,933,542,73336,362225,0.2327263327205882,3,362225_73336_3,362225_73336
1251,person,0.9982755,267,45,424,544,73336,362225,0.1125100528492647,2,362225_73336_2,362225_73336
1252,person,0.96136737,961,58,1169,269,73336,362225,0.0630284926470588,1,362225_73336_1,362225_73336
1253,person,0.7612727,394,184,448,353,73336,362225,0.0131060431985294,0,362225_73336_0,362225_73336
1254,person,0.988359,551,63,616,282,73514,362225,0.0204431870404411,1,362225_73514_1,362225_73514
1255,person,0.9876031,209,113,788,536,73514,362225,0.3517305261948529,3,362225_73514_3,362225_73514
1256,person,0.9319612,479,64,543,277,73514,362225,0.0195772058823529,0,362225_73514_0,362225_73514
1257,chair,0.5444920999999999,673,38,1280,544,73514,362225,0.4410931755514706,4,362225_73514_4,362225_73514
1258,chair,0.5094406,12,95,313,544,73514,362225,0.1940903607536764,2,362225_73514_2,362225_73514
1259,dog,0.99832946,475,192,651,468,73692,362225,0.0697610294117647,0,362225_73692_0,362225_73692
1260,person,0.9951669,465,42,1030,544,73870,362225,0.4073270909926471,2,362225_73870_2,362225_73870
1261,tv,0.96790063,913,254,1187,503,73870,362225,0.0979808134191176,0,362225_73870_0,362225_73870
1262,microwave,0.63774306,908,200,1258,505,73870,362225,0.1533059512867647,1,362225_73870_1,362225_73870
1263,person,0.99311405,521,36,1015,540,74226,362225,0.3575597426470588,3,362225_74226_3,362225_74226
1264,tv,0.95756465,900,258,1196,496,74226,362225,0.101171875,0,362225_74226_0,362225_74226
1265,person,0.8130552,463,133,707,543,74226,362225,0.1436695772058823,1,362225_74226_1,362225_74226
1266,microwave,0.74062955,888,217,1258,517,74226,362225,0.1594094669117647,2,362225_74226_2,362225_74226
1267,dog,0.99567944,455,81,773,544,74404,362225,0.2114458869485294,1,362225_74404_1,362225_74404
1268,bicycle,0.978978,43,62,453,410,74404,362225,0.2049057904411765,0,362225_74404_0,362225_74404
1269,motorcycle,0.5625959,708,58,1250,447,74404,362225,0.3027889476102941,2,362225_74404_2,362225_74404
1270,person,0.99149305,240,0,1032,523,74582,362225,0.5948644301470588,1,362225_74582_1,362225_74582
1271,person,0.7849434000000001,258,193,488,443,74582,362225,0.0825769761029411,0,362225_74582_0,362225_74582
1272,person,0.97860396,212,5,958,544,75294,362225,0.5774557674632353,1,362225_75294_1,362225_75294
1273,person,0.8059173000000001,1063,246,1210,459,75294,362225,0.0449663947610294,0,362225_75294_0,362225_75294
1274,car,0.96055,620,323,905,509,75472,362225,0.0761287913602941,0,362225_75472_0,362225_75472
1275,person,0.9980464,199,161,452,539,75650,362225,0.1373420266544117,0,362225_75650_0,362225_75650
1276,car,0.7561880999999999,721,215,1240,544,75650,362225,0.2452191521139705,1,362225_75650_1,362225_75650
1277,person,0.97304654,837,163,1010,457,75828,362225,0.0730440027573529,2,362225_75828_2,362225_75828
1278,chair,0.88842714,863,279,984,492,75828,362225,0.0370131548713235,1,362225_75828_1,362225_75828
1279,person,0.86386776,947,191,1036,302,75828,362225,0.014187442555147,0,362225_75828_0,362225_75828
1280,person,0.98886406,816,155,1003,475,76006,362225,0.0859375,4,362225_76006_4,362225_76006
1281,chair,0.9521052,836,292,970,526,76006,362225,0.0450310202205882,3,362225_76006_3,362225_76006
1282,person,0.93413097,935,187,1023,304,76006,362225,0.0147863051470588,0,362225_76006_0,362225_76006
1283,person,0.9063726,937,191,1020,484,76006,362225,0.0349250344669117,1,362225_76006_1,362225_76006
1284,refrigerator,0.5533731,13,133,246,487,76006,362225,0.1184541590073529,5,362225_76006_5,362225_76006
1285,person,0.5023701,840,152,988,359,76006,362225,0.043997012867647,2,362225_76006_2,362225_76006
1286,person,0.9960156,297,29,811,535,76184,362225,0.3735121783088236,0,362225_76184_0,362225_76184
1287,person,0.97511995,772,0,1280,533,76184,362225,0.3888499540441177,1,362225_76184_1,362225_76184
1288,person,0.9968323,305,18,830,544,76362,362225,0.3965849034926471,0,362225_76362_0,362225_76362
1289,person,0.9976018,297,21,867,544,76540,362225,0.4281221277573529,0,362225_76540_0,362225_76540
1290,person,0.99310935,399,24,1080,534,76718,362225,0.498779296875,0,362225_76718_0,362225_76718
1291,person,0.9807268,613,54,888,325,76896,362225,0.1070269416360294,1,362225_76896_1,362225_76896
1292,person,0.9750259,548,55,885,521,76896,362225,0.2255313648897059,2,362225_76896_2,362225_76896
1293,person,0.9373965,5,0,483,544,76896,362225,0.3734375,3,362225_76896_3,362225_76896
1294,chair,0.8901885,1,227,208,538,76896,362225,0.0924531824448529,0,362225_76896_0,362225_76896
1295,person,0.9968886,536,98,937,539,77074,362225,0.2539651309742647,9,362225_77074_9,362225_77074
1296,person,0.9961299,266,141,403,541,77074,362225,0.0786994485294117,2,362225_77074_2,362225_77074
1297,person,0.9950694,164,164,313,542,77074,362225,0.0808852251838235,3,362225_77074_3,362225_77074
1298,person,0.9917726,900,70,1229,544,77074,362225,0.2239573759191176,8,362225_77074_8,362225_77074
1299,person,0.98219943,483,122,665,436,77074,362225,0.0820714613970588,4,362225_77074_4,362225_77074
1300,person,0.8193381,191,139,370,542,77074,362225,0.1035974839154411,6,362225_77074_6,362225_77074
1301,person,0.7676866,850,167,921,310,77074,362225,0.0145809397977941,0,362225_77074_0,362225_77074
1302,backpack,0.61481714,971,171,1135,414,77074,362225,0.0572323069852941,1,362225_77074_1,362225_77074
1303,person,0.58523196,897,64,1109,464,77074,362225,0.1217830882352941,7,362225_77074_7,362225_77074
1304,backpack,0.5054379,943,186,1160,464,77074,362225,0.0866354549632353,5,362225_77074_5,362225_77074
1305,person,0.99195546,765,0,1107,543,77252,362225,0.2666963465073529,9,362225_77252_9,362225_77252
1306,person,0.9897655,200,99,500,535,77252,362225,0.187844669117647,8,362225_77252_8,362225_77252
1307,person,0.9828705,0,128,251,528,77252,362225,0.1441865808823529,7,362225_77252_7,362225_77252
1308,person,0.92810124,1061,133,1202,544,77252,362225,0.0832246668198529,4,362225_77252_4,362225_77252
1309,person,0.91648656,1165,89,1280,538,77252,362225,0.0741541245404411,3,362225_77252_3,362225_77252
1310,person,0.6980435,1080,130,1199,324,77252,362225,0.033154296875,1,362225_77252_1,362225_77252
1311,person,0.6441584,1012,120,1092,245,77252,362225,0.0143612132352941,0,362225_77252_0,362225_77252
1312,person,0.6092546999999999,1104,80,1267,544,77252,362225,0.1086167279411764,6,362225_77252_6,362225_77252
1313,suitcase,0.5263838000000001,487,406,746,535,77252,362225,0.0479822495404411,2,362225_77252_2,362225_77252
1314,person,0.52511966,996,106,1162,533,77252,362225,0.1017951516544117,5,362225_77252_5,362225_77252
1315,person,0.56471384,386,31,653,537,77430,362225,0.1940228630514706,0,362225_77430_0,362225_77430
1316,person,0.9949427,598,144,803,484,77608,362225,0.10009765625,4,362225_77608_4,362225_77608
1317,person,0.9617177,859,101,1013,498,77608,362225,0.0878015854779411,3,362225_77608_3,362225_77608
1318,cup,0.9538255,358,438,411,502,77608,362225,0.0048713235294117,0,362225_77608_0,362225_77608
1319,person,0.8808601999999999,910,80,1125,513,77608,362225,0.1336957146139706,5,362225_77608_5,362225_77608
1320,person,0.6604753000000001,929,71,1126,312,77608,362225,0.0681827320772058,2,362225_77608_2,362225_77608
1321,tv,0.55192536,265,298,447,480,77608,362225,0.0475700827205882,1,362225_77608_1,362225_77608
1322,person,0.9954827,402,66,693,532,77786,362225,0.1947466681985294,2,362225_77786_2,362225_77786
1323,person,0.9954425,629,19,1012,535,77786,362225,0.2838177849264706,3,362225_77786_3,362225_77786
1324,person,0.99249023,1056,142,1279,541,77786,362225,0.1277817670036764,0,362225_77786_0,362225_77786
1325,person,0.9917883,0,98,275,531,77786,362225,0.1710061465992647,1,362225_77786_1,362225_77786
1326,person,0.9925721,592,36,993,530,77964,362225,0.2844870174632353,3,362225_77964_3,362225_77964
1327,person,0.9924176,376,83,671,537,77964,362225,0.1923397288602941,2,362225_77964_2,362225_77964
1328,person,0.98940825,0,110,258,536,77964,362225,0.1578412224264705,1,362225_77964_1,362225_77964
1329,person,0.98762894,1012,171,1244,536,77964,362225,0.1216107536764706,0,362225_77964_0,362225_77964
1330,person,0.99804556,866,192,1030,529,78142,362225,0.0793715533088235,1,362225_78142_1,362225_78142
1331,person,0.99731135,580,148,831,544,78142,362225,0.1427447150735294,3,362225_78142_3,362225_78142
1332,person,0.99058807,239,156,436,536,78142,362225,0.1075080422794117,2,362225_78142_2,362225_78142
1333,person,0.7953479,728,22,875,362,78142,362225,0.07177734375,0,362225_78142_0,362225_78142
1334,person,0.99375606,510,4,1141,534,78320,362225,0.4802820542279412,0,362225_78320_0,362225_78320
1335,person,0.9093957,49,0,777,544,78498,362225,0.56875,1,362225_78498_1,362225_78498
1336,person,0.64492196,14,0,501,541,78498,362225,0.3783705767463235,0,362225_78498_0,362225_78498
1337,dog,0.7344079000000001,307,43,1280,525,78676,362225,0.6735207950367647,0,362225_78676_0,362225_78676
1338,person,0.98007786,694,0,887,281,78854,362225,0.0778851677389705,0,362225_78854_0,362225_78854
1339,dog,0.5611010000000001,610,209,964,369,78854,362225,0.0813419117647058,1,362225_78854_1,362225_78854
1340,person,0.76077944,6,21,566,427,79032,362225,0.3265165441176471,1,362225_79032_1,362225_79032
1341,book,0.5275550999999999,769,226,1063,491,79032,362225,0.1118882123161764,0,362225_79032_0,362225_79032
1342,person,0.99506736,486,13,1024,544,79210,362225,0.4102682674632353,3,362225_79210_3,362225_79210
1343,person,0.99431074,293,74,478,541,79210,362225,0.1240737017463235,1,362225_79210_1,362225_79210
1344,person,0.9753729,1,59,208,536,79210,362225,0.1418011833639706,2,362225_79210_2,362225_79210
1345,person,0.84327406,528,220,694,543,79210,362225,0.077001953125,0,362225_79210_0,362225_79210
1346,person,0.997216,876,44,1187,536,79388,362225,0.2197437959558824,8,362225_79388_8,362225_79388
1347,person,0.9943007,490,134,857,542,79388,362225,0.2150390625,7,362225_79388_7,362225_79388
1348,person,0.9895454,304,102,571,542,79388,362225,0.1687155330882352,6,362225_79388_6,362225_79388
1349,person,0.91085476,789,148,950,379,79388,362225,0.0534107881433823,4,362225_79388_4,362225_79388
1350,person,0.75622815,646,39,813,293,79388,362225,0.0609173943014705,5,362225_79388_5,362225_79388
1351,book,0.68094575,234,273,265,332,79388,362225,0.0026266659007352,1,362225_79388_1,362225_79388
1352,book,0.6620134,242,271,274,333,79388,362225,0.0028492647058823,2,362225_79388_2,362225_79388
1353,book,0.5747926999999999,256,271,285,333,79388,362225,0.0025821461397058,0,362225_79388_0,362225_79388
1354,book,0.51168543,210,270,244,332,79388,362225,0.00302734375,3,362225_79388_3,362225_79388
1355,person,0.99614644,545,17,826,541,79566,362225,0.2114602481617647,4,362225_79566_4,362225_79566
1356,person,0.99139625,1084,166,1279,539,79566,362225,0.1044562844669117,1,362225_79566_1,362225_79566
1357,person,0.9879389,4,77,284,534,79566,362225,0.1837660845588235,3,362225_79566_3,362225_79566
1358,person,0.97467846,785,131,1044,543,79566,362225,0.1532456341911764,2,362225_79566_2,362225_79566
1359,person,0.62366,0,60,139,526,79566,362225,0.0930233226102941,0,362225_79566_0,362225_79566
1360,person,0.98943835,361,10,1156,540,79744,362225,0.6051097196691176,5,362225_79744_5,362225_79744
1361,person,0.8853984,200,52,561,536,79744,362225,0.2509248621323529,4,362225_79744_4,362225_79744
1362,person,0.84631085,40,343,333,542,79744,362225,0.0837359260110294,3,362225_79744_3,362225_79744
1363,person,0.63243437,115,397,244,542,79744,362225,0.0268626493566176,0,362225_79744_0,362225_79744
1364,person,0.5725911,1160,273,1278,538,79744,362225,0.0449075137867647,1,362225_79744_1,362225_79744
1365,person,0.53653145,119,357,301,541,79744,362225,0.0480928308823529,2,362225_79744_2,362225_79744
1366,person,0.9860401,18,69,614,543,79922,362225,0.4057100183823529,3,362225_79922_3,362225_79922
1367,person,0.9711683,490,239,767,537,79922,362225,0.1185460707720588,1,362225_79922_1,362225_79922
1368,person,0.91215867,790,10,1277,525,79922,362225,0.3601864085477941,2,362225_79922_2,362225_79922
1369,person,0.8012100999999999,1,134,63,390,79922,362225,0.0227941176470588,0,362225_79922_0,362225_79922
1370,person,0.9417886,756,11,1190,516,80100,362225,0.3147547104779412,0,362225_80100_0,362225_80100
1371,person,0.8612168,519,14,1170,533,80100,362225,0.4852208754595588,1,362225_80100_1,362225_80100
1372,person,0.73489726,343,12,1169,453,80278,362225,0.5231301700367647,1,362225_80278_1,362225_80278
1373,cup,0.66926575,0,475,49,544,80278,362225,0.0048555261948529,0,362225_80278_0,362225_80278
1374,person,0.9855509,402,54,695,465,80456,362225,0.1729420381433823,10,362225_80456_10,362225_80456
1375,person,0.9769617,186,136,450,536,80456,362225,0.1516544117647058,9,362225_80456_9,362225_80456
1376,chair,0.97575766,780,200,897,488,80456,362225,0.048391544117647,2,362225_80456_2,362225_80456
1377,person,0.9734692,815,52,1037,497,80456,362225,0.1418744255514706,8,362225_80456_8,362225_80456
1378,chair,0.9618089,1041,196,1224,497,80456,362225,0.0791058708639705,6,362225_80456_6,362225_80456
1379,chair,0.93225837,814,180,1040,498,80456,362225,0.1032111672794117,7,362225_80456_7,362225_80456
1380,chair,0.83108354,109,370,303,544,80456,362225,0.0484777113970588,3,362225_80456_3,362225_80456
1381,chair,0.8196496999999999,788,203,967,497,80456,362225,0.0755773207720588,5,362225_80456_5,362225_80456
1382,dining table,0.76150113,414,457,738,538,80456,362225,0.0376895680147058,1,362225_80456_1,362225_80456
1383,chair,0.66237205,120,383,396,541,80456,362225,0.0626263786764705,4,362225_80456_4,362225_80456
1384,chair,0.59818465,795,293,890,484,80456,362225,0.0260584214154411,0,362225_80456_0,362225_80456
1385,person,0.9853715,391,68,696,462,80634,362225,0.1725786994485294,9,362225_80634_9,362225_80634
1386,person,0.97971076,244,141,426,530,80634,362225,0.1016745174632352,6,362225_80634_6,362225_80634
1387,chair,0.9761879,1045,198,1216,483,80634,362225,0.0699893727022058,5,362225_80634_5,362225_80634
1388,person,0.9652502,812,39,1034,494,80634,362225,0.1450626148897058,8,362225_80634_8,362225_80634
1389,chair,0.963831,779,204,902,491,80634,362225,0.0506965188419117,2,362225_80634_2,362225_80634
1390,chair,0.9293024,795,184,1033,503,80634,362225,0.109033203125,7,362225_80634_7,362225_80634
1391,chair,0.90865237,795,272,892,482,80634,362225,0.0292537913602941,0,362225_80634_0,362225_80634
1392,chair,0.72319514,105,360,319,544,80634,362225,0.0565487132352941,3,362225_80634_3,362225_80634
1393,dining table,0.61391366,396,458,734,536,80634,362225,0.0378619025735294,1,362225_80634_1,362225_80634
1394,chair,0.5304587,139,372,404,544,80634,362225,0.0654584099264705,4,362225_80634_4,362225_80634
1395,person,0.9959753,569,19,872,542,80812,362225,0.2275807100183823,0,362225_80812_0,362225_80812
1396,person,0.98179984,816,0,1280,538,80812,362225,0.3585018382352941,2,362225_80812_2,362225_80812
1397,oven,0.74607927,156,56,604,479,80812,362225,0.2721507352941176,1,362225_80812_1,362225_80812
1398,person,0.9883662,552,51,844,521,80990,362225,0.1970932904411765,2,362225_80990_2,362225_80990
1399,person,0.97738045,842,4,1275,523,80990,362225,0.3227352366727941,4,362225_80990_4,362225_80990
1400,cell phone,0.79907024,749,296,824,365,80990,362225,0.0074319278492647,1,362225_80990_1,362225_80990
1401,cup,0.7231025,683,475,739,532,80990,362225,0.0045840992647058,0,362225_80990_0,362225_80990
1402,oven,0.7054897,135,0,600,404,80990,362225,0.2697897518382353,3,362225_80990_3,362225_80990
1403,person,0.99605006,354,86,693,504,81168,362225,0.2035012637867647,7,362225_81168_7,362225_81168
1404,person,0.9832624,784,72,1026,535,81168,362225,0.1609116498161764,6,362225_81168_6,362225_81168
1405,person,0.9814092,183,157,389,536,81168,362225,0.1121237362132352,4,362225_81168_4,362225_81168
1406,chair,0.9707673,1003,215,1209,526,81168,362225,0.0920065487132353,3,362225_81168_3,362225_81168
1407,chair,0.9396399,75,406,317,544,81168,362225,0.0479607077205882,1,362225_81168_1,362225_81168
1408,chair,0.914438,787,186,1037,534,81168,362225,0.1249425551470588,5,362225_81168_5,362225_81168
1409,chair,0.8288365,770,244,867,499,81168,362225,0.0355224609375,0,362225_81168_0,362225_81168
1410,chair,0.82239914,772,233,937,515,81168,362225,0.0668227251838235,2,362225_81168_2,362225_81168
1411,person,0.9760166,669,126,892,543,81346,362225,0.1335463579963235,7,362225_81346_7,362225_81346
1412,chair,0.97428787,436,430,578,542,81346,362225,0.0228400735294117,1,362225_81346_1,362225_81346
1413,person,0.97076863,778,64,965,424,81346,362225,0.0966796875,5,362225_81346_5,362225_81346
1414,person,0.9606934,71,221,269,522,81346,362225,0.0855899586397058,4,362225_81346_4,362225_81346
1415,chair,0.951385,914,288,1083,538,81346,362225,0.0606761259191176,3,362225_81346_3,362225_81346
1416,chair,0.81116223,3,482,164,541,81346,362225,0.0136417164522058,0,362225_81346_0,362225_81346
1417,chair,0.7503843000000001,1148,339,1273,534,81346,362225,0.0350054572610294,2,362225_81346_2,362225_81346
1418,chair,0.5104641,651,267,912,544,81346,362225,0.1038272633272058,6,362225_81346_6,362225_81346
1419,person,0.9962443,426,16,954,535,81524,362225,0.3935431985294118,1,362225_81524_1,362225_81524
1420,remote,0.6685651,623,139,702,273,81524,362225,0.0152027803308823,0,362225_81524_0,362225_81524
1421,person,0.99367356,187,1,867,526,81702,362225,0.5126953125,0,362225_81702_0,362225_81702
1422,remote,0.8940434000000002,436,68,550,323,81880,362225,0.041748046875,0,362225_81880_0,362225_81880
1423,person,0.87998736,352,4,1280,539,81880,362225,0.7130055147058824,4,362225_81880_4,362225_81880
1424,person,0.83311975,135,0,915,543,81880,362225,0.6082548253676471,3,362225_81880_3,362225_81880
1425,remote,0.67255634,425,90,573,407,81880,362225,0.0673770680147058,1,362225_81880_1,362225_81880
1426,person,0.54592735,402,219,646,528,81880,362225,0.1082778033088235,2,362225_81880_2,362225_81880
1427,dining table,0.7945433000000001,0,67,564,527,82058,362225,0.3725873161764705,0,362225_82058_0,362225_82058
1428,person,0.96916974,404,2,942,543,82236,362225,0.4179946001838235,2,362225_82236_2,362225_82236
1429,remote,0.8384181999999999,747,212,878,365,82236,362225,0.0287841796875,0,362225_82236_0,362225_82236
1430,chair,0.52717656,895,326,1278,531,82236,362225,0.1127570657169117,1,362225_82236_1,362225_82236
1431,person,0.9723632,340,0,1129,543,82414,362225,0.6152731502757353,1,362225_82414_1,362225_82414
1432,remote,0.83820575,727,209,852,367,82414,362225,0.0283633961397058,0,362225_82414_0,362225_82414
1433,person,0.9809964,1000,163,1052,305,82592,362225,0.0106043198529411,5,362225_82592_5,362225_82592
1434,car,0.974157,297,218,684,359,82592,362225,0.0783648322610294,6,362225_82592_6,362225_82592
1435,person,0.9351155,971,155,1014,299,82592,362225,0.0088924632352941,4,362225_82592_4,362225_82592
1436,person,0.9293129,415,158,458,253,82592,362225,0.0058665556066176,2,362225_82592_2,362225_82592
1437,car,0.90944207,4,163,742,544,82592,362225,0.4038057215073529,7,362225_82592_7,362225_82592
1438,person,0.81319916,501,155,544,229,82592,362225,0.0045697380514705,1,362225_82592_1,362225_82592
1439,person,0.7417491,121,102,148,174,82592,362225,0.0027918198529411,0,362225_82592_0,362225_82592
1440,person,0.56755185,533,135,582,239,82592,362225,0.0073184742647058,3,362225_82592_3,362225_82592
1441,person,0.986509,4,4,577,537,82770,362225,0.4386043772977941,3,362225_82770_3,362225_82770
1442,person,0.9668745,420,190,823,542,82770,362225,0.2037224264705882,2,362225_82770_2,362225_82770
1443,person,0.9291771,1050,277,1273,542,82770,362225,0.0848675896139705,1,362225_82770_1,362225_82770
1444,tie,0.88312954,196,269,261,471,82770,362225,0.0188562729779411,0,362225_82770_0,362225_82770
1445,person,0.9979031,475,0,1032,544,82948,362225,0.43515625,0,362225_82948_0,362225_82948
1446,chair,0.82876354,529,231,1060,524,83126,362225,0.2234360638786764,0,362225_83126_0,362225_83126
1447,chair,0.78842443,531,31,1280,526,83126,362225,0.5324491613051471,2,362225_83126_2,362225_83126
1448,person,0.6720363,33,0,708,533,83126,362225,0.5166805491727942,1,362225_83126_1,362225_83126
1449,person,0.9883641,417,0,1015,544,83304,362225,0.4671875,0,362225_83304_0,362225_83304
1450,person,0.94566643,15,0,777,543,83482,362225,0.5942181755514706,2,362225_83482_2,362225_83482
1451,person,0.8081973000000001,13,31,362,537,83482,362225,0.2536104090073529,0,362225_83482_0,362225_83482
1452,couch,0.5715339,729,100,1280,522,83482,362225,0.3339298023897059,1,362225_83482_1,362225_83482
1453,person,0.96990407,435,2,943,544,83660,362225,0.3954159007352941,1,362225_83660_1,362225_83660
1454,person,0.6873493,813,12,939,333,83660,362225,0.0580853630514705,0,362225_83660_0,362225_83660
1455,car,0.67145884,624,275,996,515,83838,362225,0.1282169117647058,1,362225_83838_1,362225_83838
1456,truck,0.6033239,600,73,1230,528,83838,362225,0.4116641773897059,3,362225_83838_3,362225_83838
1457,car,0.56809485,841,195,1005,326,83838,362225,0.0308536305147058,0,362225_83838_0,362225_83838
1458,car,0.5342571,615,115,1044,544,83838,362225,0.2643052045036764,2,362225_83838_2,362225_83838
1459,person,0.9361563,724,101,855,227,84016,362225,0.0237046185661764,1,362225_84016_1,362225_84016
1460,person,0.8896815,588,120,687,232,84016,362225,0.0159237132352941,0,362225_84016_0,362225_84016
1461,car,0.8057748,44,157,1006,541,84016,362225,0.5305147058823529,4,362225_84016_4,362225_84016
1462,person,0.8033897,329,294,567,529,84016,362225,0.080322265625,2,362225_84016_2,362225_84016
1463,car,0.52594566,546,192,1269,540,84016,362225,0.3613338694852941,3,362225_84016_3,362225_84016
1464,person,0.9991602,635,156,762,496,84194,362225,0.06201171875,2,362225_84194_2,362225_84194
1465,person,0.9981109,768,173,876,495,84194,362225,0.0499425551470588,1,362225_84194_1,362225_84194
1466,person,0.7660855,389,198,420,327,84194,362225,0.0057430491727941,0,362225_84194_0,362225_84194
1467,person,0.998667,428,66,770,540,84372,362225,0.2328067555147059,1,362225_84372_1,362225_84372
1468,person,0.59864074,429,56,638,528,84372,362225,0.1416704963235294,0,362225_84372_0,362225_84372
1469,person,0.9988165,746,128,902,491,84728,362225,0.0813246783088235,1,362225_84728_1,362225_84728
1470,person,0.9887623,676,199,742,339,84728,362225,0.0132697610294117,0,362225_84728_0,362225_84728
1471,person,0.8952439,388,51,1038,532,84906,362225,0.4490033318014705,0,362225_84906_0,362225_84906
1472,person,0.9886452,286,138,666,515,85262,362225,0.2057387408088235,2,362225_85262_2,362225_85262
1473,person,0.6932876,442,136,676,513,85262,362225,0.1266917509191176,0,362225_85262_0,362225_85262
1474,truck,0.6928438,7,61,311,487,85262,362225,0.1859834558823529,1,362225_85262_1,362225_85262
1475,person,0.97723365,403,201,659,536,85440,362225,0.1231617647058823,2,362225_85440_2,362225_85440
1476,person,0.876505,559,108,592,199,85440,362225,0.0043126723345588,1,362225_85440_1,362225_85440
1477,car,0.5489223000000001,824,177,891,220,85440,362225,0.0041374655330882,0,362225_85440_0,362225_85440
1478,person,0.99717474,445,251,549,373,85618,362225,0.0182215073529411,6,362225_85618_6,362225_85618
1479,car,0.9798059,829,226,951,324,85618,362225,0.0171702665441176,5,362225_85618_5,362225_85618
1480,car,0.8343843000000001,969,222,1027,263,85618,362225,0.0034150965073529,3,362225_85618_3,362225_85618
1481,stop sign,0.8179476999999999,695,93,739,136,85618,362225,0.0027171415441176,1,362225_85618_1,362225_85618
1482,car,0.71573395,229,206,386,301,85618,362225,0.0214197495404411,7,362225_85618_7,362225_85618
1483,car,0.5979209,905,198,933,217,85618,362225,0.0007640165441176,0,362225_85618_0,362225_85618
1484,car,0.5267778000000001,797,208,867,275,85618,362225,0.0067354090073529,4,362225_85618_4,362225_85618
1485,fire hydrant,0.5080491,254,279,285,355,85618,362225,0.0033835018382352,2,362225_85618_2,362225_85618
1486,car,0.98061645,739,246,1225,544,85796,362225,0.2079905790441176,8,362225_85796_8,362225_85796
1487,person,0.9448311,186,174,586,538,85796,362225,0.2090992647058824,9,362225_85796_9,362225_85796
1488,car,0.93210214,858,226,943,260,85796,362225,0.004150390625,2,362225_85796_2,362225_85796
1489,person,0.9128238,7,194,248,538,85796,362225,0.1190602022058823,7,362225_85796_7,362225_85796
1490,car,0.8966605,606,224,653,273,85796,362225,0.0033073874080882,1,362225_85796_1,362225_85796
1491,person,0.8519936,127,196,274,530,85796,362225,0.070510684742647,6,362225_85796_6,362225_85796
1492,person,0.7968854000000001,3,188,128,314,85796,362225,0.0226189108455882,5,362225_85796_5,362225_85796
1493,car,0.7840446999999999,520,239,570,277,85796,362225,0.0027286305147058,0,362225_85796_0,362225_85796
1494,car,0.72198826,686,221,753,267,85796,362225,0.0044261259191176,3,362225_85796_3,362225_85796
1495,person,0.6568170999999999,449,213,519,297,85796,362225,0.0084443933823529,4,362225_85796_4,362225_85796
1496,person,0.9924159,364,101,494,495,85974,362225,0.0735581341911764,2,362225_85974_2,362225_85974
1497,car,0.98955417,660,161,1140,521,85974,362225,0.2481617647058824,3,362225_85974_3,362225_85974
1498,car,0.9851462,620,169,698,237,85974,362225,0.0076171875,0,362225_85974_0,362225_85974
1499,car,0.9102076,1052,164,1277,339,85974,362225,0.0565472771139705,1,362225_85974_1,362225_85974
1500,car,0.9568561,1184,130,1277,212,86152,362225,0.0109518612132352,1,362225_86152_1,362225_86152
1501,person,0.95444083,552,107,600,192,86152,362225,0.005859375,0,362225_86152_0,362225_86152
1502,car,0.8615976000000001,26,85,656,477,86152,362225,0.3546645220588235,2,362225_86152_2,362225_86152
1503,person,0.9983829,672,162,821,402,86330,362225,0.0513556985294117,9,362225_86330_9,362225_86330
1504,car,0.99717665,821,186,965,286,86330,362225,0.0206801470588235,7,362225_86330_7,362225_86330
1505,car,0.9588517,637,173,716,228,86330,362225,0.0062399471507352,6,362225_86330_6,362225_86330
1506,car,0.90057814,786,172,856,218,86330,362225,0.0046243106617647,5,362225_86330_5,362225_86330
1507,car,0.8972585,942,158,999,203,86330,362225,0.0036836511948529,4,362225_86330_4,362225_86330
1508,truck,0.8846755,326,155,529,273,86330,362225,0.0344008501838235,8,362225_86330_8,362225_86330
1509,car,0.7742047,994,161,1037,189,86330,362225,0.0017290900735294,2,362225_86330_2,362225_86330
1510,truck,0.62802666,1246,170,1280,215,86330,362225,0.002197265625,3,362225_86330_3,362225_86330
1511,car,0.5910484,1069,165,1099,180,86330,362225,0.0006462545955882,0,362225_86330_0,362225_86330
1512,car,0.57905143,909,157,941,177,86330,362225,0.0009191176470588,1,362225_86330_1,362225_86330
1513,person,0.9946392,311,0,862,537,86508,362225,0.4249296300551471,1,362225_86508_1,362225_86508
1514,refrigerator,0.7061173000000001,0,15,392,513,86508,362225,0.2803538602941176,0,362225_86508_0,362225_86508
1515,person,0.99224937,1,84,293,530,86686,362225,0.1870289522058824,2,362225_86686_2,362225_86686
1516,person,0.9912435,572,90,837,486,86686,362225,0.1507065716911764,1,362225_86686_1,362225_86686
1517,person,0.99022865,186,71,384,528,86686,362225,0.1299488740808823,0,362225_86686_0,362225_86686
1518,person,0.99883014,679,207,816,395,86864,362225,0.0369887408088235,2,362225_86864_2,362225_86864
1519,car,0.99005985,97,187,208,261,86864,362225,0.0117963005514705,1,362225_86864_1,362225_86864
1520,car,0.98965037,0,201,65,265,86864,362225,0.0059742647058823,0,362225_86864_0,362225_86864
1521,car,0.9479263,472,185,680,329,86864,362225,0.0430147058823529,3,362225_86864_3,362225_86864
1522,truck,0.75725,576,200,995,344,86864,362225,0.0866498161764705,4,362225_86864_4,362225_86864
1523,car,0.9853452,850,317,1062,398,87042,362225,0.024661075367647,16,362225_87042_16,362225_87042
1524,car,0.9824362,6,346,221,427,87042,362225,0.0250100528492647,17,362225_87042_17,362225_87042
1525,car,0.96418566,172,303,338,379,87042,362225,0.018118106617647,13,362225_87042_13,362225_87042
1526,car,0.9549231,689,93,761,143,87042,362225,0.0051700367647058,6,362225_87042_6,362225_87042
1527,car,0.95229083,620,158,698,214,87042,362225,0.0062729779411764,7,362225_87042_7,362225_87042
1528,car,0.94987303,450,136,522,181,87042,362225,0.0046530330882352,5,362225_87042_5,362225_87042
1529,car,0.9243165,71,229,212,307,87042,362225,0.0157944623161764,12,362225_87042_12,362225_87042
1530,car,0.9107806,1053,29,1094,64,87042,362225,0.0020608340992647,1,362225_87042_1,362225_87042
1531,car,0.8538579,566,91,631,137,87042,362225,0.0042940027573529,4,362225_87042_4,362225_87042
1532,truck,0.8514391,756,192,923,337,87042,362225,0.0347756778492647,18,362225_87042_18,362225_87042
1533,car,0.82020926,952,20,991,51,87042,362225,0.001736270680147,0,362225_87042_0,362225_87042
1534,car,0.8074028,858,64,908,100,87042,362225,0.0025850183823529,2,362225_87042_2,362225_87042
1535,car,0.80006516,768,47,820,83,87042,362225,0.002688419117647,3,362225_87042_3,362225_87042
1536,car,0.70312834,266,213,367,289,87042,362225,0.0110236672794117,8,362225_87042_8,362225_87042
1537,truck,0.6806234999999999,265,217,385,323,87042,362225,0.0182674632352941,14,362225_87042_14,362225_87042
1538,car,0.6324464,394,256,511,340,87042,362225,0.014114200367647,10,362225_87042_10,362225_87042
1539,car,0.57536346,11,321,199,402,87042,362225,0.0218692555147058,15,362225_87042_15,362225_87042
1540,truck,0.57218397,663,259,774,353,87042,362225,0.0149844898897058,11,362225_87042_11,362225_87042
1541,truck,0.5691229999999999,277,252,387,329,87042,362225,0.0121639476102941,9,362225_87042_9,362225_87042
1542,person,0.99085474,485,9,1181,486,87220,362225,0.4767807904411765,2,362225_87220_2,362225_87220
1543,person,0.95520365,36,0,256,147,87220,362225,0.0464441636029411,1,362225_87220_1,362225_87220
1544,person,0.73070925,501,171,648,309,87220,362225,0.0291331571691176,0,362225_87220_0,362225_87220
1545,person,0.9781421,130,251,184,456,87398,362225,0.0158978630514705,18,362225_87398_18,362225_87398
1546,person,0.9738656,209,280,260,456,87398,362225,0.012890625,12,362225_87398_12,362225_87398
1547,person,0.96892804,269,309,350,539,87398,362225,0.0267549402573529,21,362225_87398_21,362225_87398
1548,person,0.96411085,1015,438,1095,542,87398,362225,0.0119485294117647,11,362225_87398_11,362225_87398
1549,person,0.96312404,374,264,434,480,87398,362225,0.0186121323529411,20,362225_87398_20,362225_87398
1550,person,0.9624782,802,412,876,537,87398,362225,0.013284122242647,14,362225_87398_14,362225_87398
1551,car,0.8891136000000001,1112,358,1279,499,87398,362225,0.033816348805147,22,362225_87398_22,362225_87398
1552,person,0.84789735,627,469,705,541,87398,362225,0.0080652573529411,9,362225_87398_9,362225_87398
1553,person,0.8458146000000001,544,195,606,342,87398,362225,0.013088809742647,13,362225_87398_13,362225_87398
1554,person,0.82677287,1067,431,1112,532,87398,362225,0.0065271714154411,4,362225_87398_4,362225_87398
1555,person,0.6681659000000001,1226,243,1268,317,87398,362225,0.0044634650735294,1,362225_87398_1,362225_87398
1556,person,0.66810346,604,206,651,309,87398,362225,0.0069522633272058,6,362225_87398_6,362225_87398
1557,person,0.6612928000000001,520,479,586,539,87398,362225,0.0056870404411764,3,362225_87398_3,362225_87398
1558,person,0.6543419,744,140,776,231,87398,362225,0.0041819852941176,0,362225_87398_0,362225_87398
1559,person,0.6527313,718,157,752,298,87398,362225,0.006884765625,5,362225_87398_5,362225_87398
1560,person,0.632628,1208,465,1276,542,87398,362225,0.00751953125,8,362225_87398_8,362225_87398
1561,person,0.61084545,681,278,745,438,87398,362225,0.0147058823529411,17,362225_87398_17,362225_87398
1562,person,0.6031993,708,387,769,541,87398,362225,0.0134909237132352,15,362225_87398_15,362225_87398
1563,person,0.5941244999999999,264,224,311,393,87398,362225,0.0114071116727941,10,362225_87398_10,362225_87398
1564,person,0.5664805,424,225,483,418,87398,362225,0.0163531135110294,19,362225_87398_19,362225_87398
1565,backpack,0.5587916,482,426,526,510,87398,362225,0.0053079044117647,2,362225_87398_2,362225_87398
1566,person,0.54321235,447,374,512,526,87398,362225,0.0141888786764705,16,362225_87398_16,362225_87398
1567,person,0.5175991,774,112,822,215,87398,362225,0.0071001838235294,7,362225_87398_7,362225_87398
1568,person,0.99950266,708,36,1084,513,87576,362225,0.257571231617647,6,362225_87576_6,362225_87576
1569,person,0.995452,18,33,233,544,87576,362225,0.1577794692095588,3,362225_87576_3,362225_87576
1570,person,0.99174166,963,0,1257,539,87576,362225,0.2275764016544117,5,362225_87576_5,362225_87576
1571,person,0.9907452,210,31,378,541,87576,362225,0.123046875,2,362225_87576_2,362225_87576
1572,person,0.7314675,374,11,624,535,87576,362225,0.1881318933823528,4,362225_87576_4,362225_87576
1573,person,0.70024145,372,1,577,252,87576,362225,0.0738956227022058,1,362225_87576_1,362225_87576
1574,person,0.670962,974,252,1050,439,87576,362225,0.02041015625,0,362225_87576_0,362225_87576
1575,person,0.9951822,496,73,642,405,87754,362225,0.0696116727941176,3,362225_87754_3,362225_87754
1576,person,0.99260396,744,14,1000,484,87754,362225,0.1727941176470588,6,362225_87754_6,362225_87754
1577,person,0.9839303,968,0,1096,511,87754,362225,0.0939338235294117,4,362225_87754_4,362225_87754
1578,person,0.97249585,1121,0,1276,544,87754,362225,0.12109375,5,362225_87754_5,362225_87754
1579,person,0.8764427,669,111,773,384,87754,362225,0.040774356617647,2,362225_87754_2,362225_87754
1580,person,0.8493825,628,158,686,349,87754,362225,0.0159093520220588,1,362225_87754_1,362225_87754
1581,car,0.8285947,446,201,535,310,87754,362225,0.0139318129595588,0,362225_87754_0,362225_87754
1582,car,0.64404184,0,55,481,479,87754,362225,0.2928883272058824,7,362225_87754_7,362225_87754
1583,person,0.9905139,322,59,571,544,87932,362225,0.1734331916360294,8,362225_87932_8,362225_87932
1584,person,0.9890314,581,40,891,536,87932,362225,0.2208180147058824,9,362225_87932_9,362225_87932
1585,person,0.9876993,12,18,185,527,87932,362225,0.1264605353860294,5,362225_87932_5,362225_87932
1586,person,0.9615711,153,3,314,538,87932,362225,0.1237003102022058,4,362225_87932_4,362225_87932
1587,person,0.9581279,836,84,1103,527,87932,362225,0.1698658662683823,7,362225_87932_7,362225_87932
1588,person,0.82747173,543,69,676,518,87932,362225,0.0857608570772058,3,362225_87932_3,362225_87932
1589,person,0.8263821,1067,65,1280,544,87932,362225,0.1465231502757353,6,362225_87932_6,362225_87932
1590,person,0.80727744,974,71,1089,227,87932,362225,0.0257640165441176,2,362225_87932_2,362225_87932
1591,handbag,0.6088593000000001,161,344,269,487,87932,362225,0.0221794577205882,1,362225_87932_1,362225_87932
1592,person,0.53827226,874,100,990,229,87932,362225,0.0214901194852941,0,362225_87932_0,362225_87932
1593,person,0.9993456,352,7,750,537,88110,362225,0.3029354319852941,5,362225_88110_5,362225_88110
1594,person,0.9114242,726,48,836,348,88110,362225,0.0473920036764705,0,362225_88110_0,362225_88110
1595,person,0.80297184,16,7,189,534,88110,362225,0.1309326171875,4,362225_88110_4,362225_88110
1596,chair,0.75842154,886,279,1020,526,88110,362225,0.0475327435661764,1,362225_88110_1,362225_88110
1597,person,0.60509676,349,50,493,400,88110,362225,0.0723805147058823,3,362225_88110_3,362225_88110
1598,person,0.54449403,44,0,232,217,88110,362225,0.0585880055147058,2,362225_88110_2,362225_88110
1599,person,0.9965875,884,13,1278,536,88288,362225,0.2959300321691177,4,362225_88288_4,362225_88288
1600,person,0.9128974,776,249,914,525,88288,362225,0.0546989889705882,2,362225_88288_2,362225_88288
1601,chair,0.77312183,491,184,702,539,88288,362225,0.1075726677389706,3,362225_88288_3,362225_88288
1602,chair,0.66090375,263,276,407,533,88288,362225,0.0531479779411764,1,362225_88288_1,362225_88288
1603,chair,0.55295986,560,378,691,531,88288,362225,0.0287841796875,0,362225_88288_0,362225_88288
1604,person,0.9672993,664,154,821,454,88466,362225,0.0676413143382353,13,362225_88466_13,362225_88466
1605,person,0.95669776,915,262,1052,508,88466,362225,0.0484001608455882,10,362225_88466_10,362225_88466
1606,person,0.94867647,36,325,276,538,88466,362225,0.0734145220588235,14,362225_88466_14,362225_88466
1607,person,0.9206624,238,299,377,533,88466,362225,0.0467112821691176,9,362225_88466_9,362225_88466
1608,person,0.8605719000000001,366,324,533,510,88466,362225,0.0446088005514705,8,362225_88466_8,362225_88466
1609,person,0.82979923,525,298,656,527,88466,362225,0.0430822035845588,7,362225_88466_7,362225_88466
1610,person,0.82661176,589,310,780,538,88466,362225,0.0625402113970588,12,362225_88466_12,362225_88466
1611,person,0.8236826999999999,549,284,658,475,88466,362225,0.0298986098345588,6,362225_88466_6,362225_88466
1612,person,0.79457974,470,290,560,452,88466,362225,0.0209386488970588,4,362225_88466_4,362225_88466
1613,person,0.7915985,444,181,547,331,88466,362225,0.0221880744485294,5,362225_88466_5,362225_88466
1614,person,0.7653481,81,269,160,411,88466,362225,0.0161104090073529,2,362225_88466_2,362225_88466
1615,person,0.68198586,367,157,456,287,88466,362225,0.0166159237132353,3,362225_88466_3,362225_88466
1616,person,0.58459216,317,254,379,374,88466,362225,0.0106847426470588,1,362225_88466_1,362225_88466
1617,person,0.5442988000000001,562,294,727,539,88466,362225,0.0580552045036764,11,362225_88466_11,362225_88466
1618,person,0.5160783,638,192,807,522,88466,362225,0.0800924862132353,15,362225_88466_15,362225_88466
1619,person,0.5119315999999999,256,258,317,314,88466,362225,0.0049057904411764,0,362225_88466_0,362225_88466
1620,person,0.99609756,442,143,880,538,88644,362225,0.2484633501838235,2,362225_88644_2,362225_88644
1621,person,0.9486832,3,33,331,543,88644,362225,0.240234375,1,362225_88644_1,362225_88644
1622,person,0.61282766,0,218,313,538,88644,362225,0.1438419117647058,0,362225_88644_0,362225_88644
1623,person,0.99442047,455,177,528,355,88822,362225,0.0186609604779411,0,362225_88822_0,362225_88822
1624,person,0.9927336,226,1,971,531,89000,362225,0.5670525045955882,1,362225_89000_1,362225_89000
1625,chair,0.52201754,273,160,432,287,89000,362225,0.0289995978860294,0,362225_89000_0,362225_89000
1626,dog,0.7106943,82,42,997,539,89178,362225,0.6530833524816176,2,362225_89178_2,362225_89178
1627,person,0.53724986,646,89,1264,543,89178,362225,0.4029354319852941,0,362225_89178_0,362225_89178
1628,person,0.5369611,349,40,1029,513,89178,362225,0.4619140625,1,362225_89178_1,362225_89178
1629,person,0.61140764,35,22,494,492,89356,362225,0.309814453125,0,362225_89356_0,362225_89356
1630,cat,0.5785557,346,75,1194,420,89356,362225,0.4201516544117647,1,362225_89356_1,362225_89356
1631,person,0.68301535,820,5,1278,541,89534,362225,0.3525505514705882,1,362225_89534_1,362225_89534
1632,person,0.64060575,603,66,901,366,89534,362225,0.1283892463235294,0,362225_89534_0,362225_89534
1633,bottle,0.98776627,64,167,281,531,89712,362225,0.1134363511029411,0,362225_89712_0,362225_89712
1634,person,0.88536394,645,19,1280,542,89712,362225,0.4769430721507353,1,362225_89712_1,362225_89712
1635,person,0.8396403,91,76,1022,524,89712,362225,0.5989889705882353,2,362225_89712_2,362225_89712
1636,person,0.80558276,440,27,1248,499,89890,362225,0.547702205882353,3,362225_89890_3,362225_89890
1637,dog,0.6481922,99,78,514,537,89890,362225,0.2735595703125,1,362225_89890_1,362225_89890
1638,person,0.5905066,296,74,1069,525,89890,362225,0.5006649241727941,2,362225_89890_2,362225_89890
1639,dog,0.54178596,133,131,440,489,89890,362225,0.1578383501838235,0,362225_89890_0,362225_89890
1640,person,0.84812266,39,28,535,531,90068,362225,0.3582950367647059,0,362225_90068_0,362225_90068
1641,person,0.6807287,108,1,796,486,90068,362225,0.4792049632352941,1,362225_90068_1,362225_90068
1642,person,0.99248695,500,20,929,544,90246,362225,0.3228343290441176,3,362225_90246_3,362225_90246
1643,person,0.98529655,193,59,634,539,90246,362225,0.3039981617647059,2,362225_90246_2,362225_90246
1644,person,0.97698444,984,0,1277,538,90246,362225,0.2263815487132353,1,362225_90246_1,362225_90246
1645,person,0.9617452,1,7,187,524,90246,362225,0.1381002987132353,0,362225_90246_0,362225_90246
1646,person,0.99189717,199,74,616,535,90424,362225,0.2760756548713235,2,362225_90424_2,362225_90424
1647,person,0.9818487,965,0,1274,533,90424,362225,0.2365248736213235,1,362225_90424_1,362225_90424
1648,person,0.9609839,2,1,187,524,90424,362225,0.1389519186580882,0,362225_90424_0,362225_90424
1649,person,0.76269084,78,21,495,526,90424,362225,0.3024256089154412,3,362225_90424_3,362225_90424
1650,refrigerator,0.6446892,437,34,932,544,90424,362225,0.362548828125,4,362225_90424_4,362225_90424
1651,person,0.98946685,274,20,705,537,90602,362225,0.3200066061580882,2,362225_90602_2,362225_90602
1652,person,0.9871039,2,11,365,534,90602,362225,0.2726461971507353,1,362225_90602_1,362225_90602
1653,person,0.96220225,794,0,1275,540,90602,362225,0.3730181525735294,4,362225_90602_4,362225_90602
1654,person,0.87721896,695,143,922,508,90602,362225,0.1189898322610294,0,362225_90602_0,362225_90602
1655,person,0.7053408,133,4,614,537,90602,362225,0.3681827320772058,3,362225_90602_3,362225_90602
1656,tie,0.9928081,540,348,606,542,90780,362225,0.0183880974264705,0,362225_90780_0,362225_90780
1657,person,0.9886981,265,6,895,544,90780,362225,0.4867589613970588,7,362225_90780_7,362225_90780
1658,person,0.9884062,922,27,1280,539,90780,362225,0.2632352941176471,5,362225_90780_5,362225_90780
1659,person,0.9572329,772,106,939,511,90780,362225,0.0971320657169117,4,362225_90780_4,362225_90780
1660,person,0.94446266,0,27,462,495,90780,362225,0.3105124080882353,6,362225_90780_6,362225_90780
1661,person,0.72958463,298,136,458,412,90780,362225,0.0634191176470588,3,362225_90780_3,362225_90780
1662,person,0.72054994,632,44,753,325,90780,362225,0.0488295611213235,2,362225_90780_2,362225_90780
1663,person,0.57468855,643,39,727,201,90780,362225,0.0195427389705882,1,362225_90780_1,362225_90780
1664,tie,0.9912115,528,351,600,544,90958,362225,0.0199563419117647,0,362225_90958_0,362225_90958
1665,person,0.9877473,894,47,1280,540,90958,362225,0.273291015625,4,362225_90958_4,362225_90958
1666,person,0.9859455,249,0,855,542,90958,362225,0.4716969209558824,5,362225_90958_5,362225_90958
1667,person,0.95328254,0,42,326,525,90958,362225,0.2261287913602941,3,362225_90958_3,362225_90958
1668,person,0.9276896,733,107,916,518,90958,362225,0.1080149931066176,2,362225_90958_2,362225_90958
1669,person,0.9187719,272,106,436,382,90958,362225,0.0650045955882352,1,362225_90958_1,362225_90958
1670,person,0.9964264000000002,890,50,1060,544,91136,362225,0.12060546875,5,362225_91136_5,362225_91136
1671,person,0.9965006,750,93,935,531,91136,362225,0.1163689108455882,4,362225_91136_4,362225_91136
1672,person,0.9790587,126,0,770,520,91136,362225,0.4809283088235294,6,362225_91136_6,362225_91136
1673,person,0.8320777,17,100,127,383,91136,362225,0.0447064568014705,1,362225_91136_1,362225_91136
1674,person,0.71250963,107,113,213,444,91136,362225,0.0503877527573529,2,362225_91136_2,362225_91136
1675,person,0.6919721,1,143,130,533,91136,362225,0.0722512637867647,3,362225_91136_3,362225_91136
1676,person,0.53524315,175,102,215,203,91136,362225,0.0058019301470588,0,362225_91136_0,362225_91136
1677,person,0.99337983,344,47,728,539,91314,362225,0.2713235294117647,4,362225_91314_4,362225_91314
1678,person,0.99313724,798,13,1211,536,91314,362225,0.3102007697610294,5,362225_91314_5,362225_91314
1679,person,0.9908833,71,33,428,532,91314,362225,0.2558349609375,3,362225_91314_3,362225_91314
1680,person,0.9798171999999998,1190,105,1268,345,91314,362225,0.0268841911764705,0,362225_91314_0,362225_91314
1681,person,0.9552006,719,83,814,418,91314,362225,0.0457045611213235,2,362225_91314_2,362225_91314
1682,person,0.85090405,1138,68,1209,347,91314,362225,0.0284481272977941,1,362225_91314_1,362225_91314
1683,person,0.988372,410,18,724,544,91492,362225,0.2371955422794117,5,362225_91492_5,362225_91492
1684,person,0.98409915,763,7,1168,541,91492,362225,0.3105899586397059,7,362225_91492_7,362225_91492
1685,person,0.97773325,92,48,462,541,91492,362225,0.261962890625,6,362225_91492_6,362225_91492
1686,person,0.96543837,1156,111,1222,340,91492,362225,0.0217055376838235,2,362225_91492_2,362225_91492
1687,person,0.947775,1219,101,1280,337,91492,362225,0.0206744025735294,1,362225_91492_1,362225_91492
1688,person,0.927059,1074,78,1176,362,91492,362225,0.0416015625,4,362225_91492_4,362225_91492
1689,person,0.7222869000000001,195,0,712,535,91492,362225,0.3972239774816176,8,362225_91492_8,362225_91492
1690,person,0.7010251999999999,644,108,754,352,91492,362225,0.0385454963235294,3,362225_91492_3,362225_91492
1691,person,0.5818336,606,175,665,256,91492,362225,0.006863223805147,0,362225_91492_0,362225_91492
1692,person,0.9978473,388,305,474,448,91670,362225,0.0176614200367647,1,362225_91670_1,362225_91670
1693,car,0.9832386,1034,340,1280,490,91670,362225,0.0529928768382352,2,362225_91670_2,362225_91670
1694,car,0.8843934999999999,688,357,765,383,91670,362225,0.0028751148897058,0,362225_91670_0,362225_91670
1695,person,0.9972319,648,191,925,544,91848,362225,0.1404253791360294,2,362225_91848_2,362225_91848
1696,car,0.889691,860,376,934,411,91848,362225,0.0037195542279411,1,362225_91848_1,362225_91848
1697,car,0.67424786,330,384,358,403,91848,362225,0.0007640165441176,0,362225_91848_0,362225_91848
1698,person,0.98775524,462,6,1156,378,92026,362225,0.3707605698529412,1,362225_92026_1,362225_92026
1699,car,0.91306716,21,136,191,207,92026,362225,0.017333984375,0,362225_92026_0,362225_92026
1700,car,0.951539,0,94,815,389,92204,362225,0.3452794692095588,2,362225_92204_2,362225_92204
1701,car,0.92660224,970,109,1276,341,92204,362225,0.101953125,1,362225_92204_1,362225_92204
1702,person,0.82927686,304,133,370,200,92204,362225,0.006350528492647,0,362225_92204_0,362225_92204
1703,truck,0.52413714,0,27,815,397,92204,362225,0.4330623851102941,3,362225_92204_3,362225_92204
1704,car,0.8929302,597,119,835,294,92382,362225,0.059814453125,0,362225_92382_0,362225_92382
1705,car,0.7472904,916,26,1280,340,92382,362225,0.1641429227941176,2,362225_92382_2,362225_92382
1706,car,0.5187415,471,137,812,408,92382,362225,0.1327134076286764,1,362225_92382_1,362225_92382
1707,person,0.99845684,1118,127,1240,411,92560,362225,0.049758731617647,5,362225_92560_5,362225_92560
1708,person,0.99742043,157,119,314,395,92560,362225,0.0622300091911764,8,362225_92560_8,362225_92560
1709,person,0.9972516,392,93,500,386,92560,362225,0.0454446231617647,4,362225_92560_4,362225_92560
1710,person,0.9909781,607,120,827,456,92560,362225,0.1061580882352941,9,362225_92560_9,362225_92560
1711,person,0.98977214,806,122,902,428,92560,362225,0.0421875,3,362225_92560_3,362225_92560
1712,person,0.9885183,83,108,217,415,92560,362225,0.0590791590073529,6,362225_92560_6,362225_92560
1713,person,0.9859759,515,132,667,415,92560,362225,0.0617761948529411,7,362225_92560_7,362225_92560
1714,person,0.69948167,741,117,807,311,92560,362225,0.0183880974264705,2,362225_92560_2,362225_92560
1715,sheep,0.5487721999999999,0,134,56,191,92560,362225,0.0045840992647058,0,362225_92560_0,362225_92560
1716,person,0.5009067,738,117,798,222,92560,362225,0.0090475643382352,1,362225_92560_1,362225_92560
1717,person,0.99919933,155,210,258,433,92738,362225,0.032986270680147,4,362225_92738_4,362225_92738
1718,person,0.9955159,983,237,1213,544,92738,362225,0.1014045266544117,5,362225_92738_5,362225_92738
1719,person,0.9949962,245,219,318,432,92738,362225,0.0223302504595588,1,362225_92738_1,362225_92738
1720,person,0.9942451,377,220,466,477,92738,362225,0.0328484030330882,2,362225_92738_2,362225_92738
1721,person,0.9850852,312,208,405,454,92738,362225,0.0328555836397058,3,362225_92738_3,362225_92738
1722,person,0.9576361,12,235,36,309,92738,362225,0.0025505514705882,0,362225_92738_0,362225_92738
1723,person,0.9665521,839,232,880,391,92916,362225,0.0093620749080882,0,362225_92916_0,362225_92916
1724,car,0.92908674,942,219,1280,544,92916,362225,0.1577579273897058,7,362225_92916_7,362225_92916
1725,car,0.8977049000000001,275,214,603,510,92916,362225,0.1394301470588235,6,362225_92916_6,362225_92916
1726,car,0.8942879000000001,607,237,827,437,92916,362225,0.0631893382352941,4,362225_92916_4,362225_92916
1727,car,0.7141475,893,246,1015,511,92916,362225,0.0464298023897058,3,362225_92916_3,362225_92916
1728,car,0.69409484,1149,335,1275,534,92916,362225,0.0360093060661764,2,362225_92916_2,362225_92916
1729,truck,0.55360097,617,213,750,300,92916,362225,0.0166173598345588,1,362225_92916_1,362225_92916
1730,car,0.5049174,269,177,581,380,92916,362225,0.0909581801470588,5,362225_92916_5,362225_92916
1731,person,0.9791868,318,3,828,544,93094,362225,0.396240234375,0,362225_93094_0,362225_93094
1732,person,0.8637269000000001,1023,206,1277,531,93272,362225,0.1185518152573529,0,362225_93272_0,362225_93272
1733,car,0.67646635,790,102,1274,512,93272,362225,0.2849839154411765,1,362225_93272_1,362225_93272
1734,car,0.6109204,503,29,1274,434,93272,362225,0.4484360638786765,2,362225_93272_2,362225_93272
1735,car,0.95146984,935,88,1254,446,93450,362225,0.1640079273897058,5,362225_93450_5,362225_93450
1736,person,0.9427797,439,0,568,192,93450,362225,0.0355698529411764,2,362225_93450_2,362225_93450
1737,car,0.85337776,385,0,766,196,93450,362225,0.1072437959558823,4,362225_93450_4,362225_93450
1738,car,0.8456674999999999,946,0,1105,87,93450,362225,0.0198658662683823,1,362225_93450_1,362225_93450
1739,bicycle,0.64339614,8,49,79,197,93450,362225,0.015090762867647,0,362225_93450_0,362225_93450
1740,car,0.6321444,375,8,626,186,93450,362225,0.064163028492647,3,362225_93450_3,362225_93450
1741,person,0.9933658,525,126,585,277,93628,362225,0.0130112591911764,6,362225_93628_6,362225_93628
1742,car,0.97036093,605,23,734,76,93628,362225,0.0098187614889705,3,362225_93628_3,362225_93628
1743,person,0.9538666,472,134,519,282,93628,362225,0.0099896599264705,4,362225_93628_4,362225_93628
1744,car,0.9518551,620,248,846,442,93628,362225,0.0629653033088235,8,362225_93628_8,362225_93628
1745,person,0.8296968000000001,451,73,487,161,93628,362225,0.0045496323529411,2,362225_93628_2,362225_93628
1746,car,0.72938645,880,100,1020,156,93628,362225,0.0112591911764705,5,362225_93628_5,362225_93628
1747,bench,0.7074815,86,359,268,521,93628,362225,0.0423426011029411,7,362225_93628_7,362225_93628
1748,person,0.5833851999999999,765,23,786,68,93628,362225,0.0013571346507352,0,362225_93628_0,362225_93628
1749,person,0.5816021,996,49,1031,133,93628,362225,0.0042221966911764,1,362225_93628_1,362225_93628
1750,person,0.99919623,1032,45,1203,544,93806,362225,0.1225427964154411,4,362225_93806_4,362225_93806
1751,person,0.9977252,504,8,651,407,93806,362225,0.0842328239889705,2,362225_93806_2,362225_93806
1752,person,0.9958054,637,108,843,518,93806,362225,0.1212948069852941,3,362225_93806_3,362225_93806
1753,person,0.9772371,671,0,837,252,93806,362225,0.0600758272058823,1,362225_93806_1,362225_93806
1754,person,0.9358554,349,0,445,136,93806,362225,0.01875,0,362225_93806_0,362225_93806
1755,person,0.99756014,269,200,499,534,93984,362225,0.1103228400735294,1,362225_93984_1,362225_93984
1756,person,0.9635101,380,0,474,126,93984,362225,0.0170094209558823,0,362225_93984_0,362225_93984
1757,person,0.96635425,233,169,562,540,94162,362225,0.1752915326286764,1,362225_94162_1,362225_94162
1758,person,0.92988974,188,212,398,534,94162,362225,0.0971105238970588,0,362225_94162_0,362225_94162
1759,person,0.9801893,631,215,754,450,94340,362225,0.0415110868566176,2,362225_94340_2,362225_94340
1760,car,0.8783302,7,99,544,529,94340,362225,0.3316147748161765,3,362225_94340_3,362225_94340
1761,person,0.8393678,505,280,573,371,94340,362225,0.00888671875,0,362225_94340_0,362225_94340
1762,car,0.66373885,0,121,869,544,94340,362225,0.5278995289522059,4,362225_94340_4,362225_94340
1763,person,0.63437843,500,280,608,386,94340,362225,0.0164407169117647,1,362225_94340_1,362225_94340
1764,person,0.92973125,102,34,1002,544,94518,362225,0.6591796875,2,362225_94518_2,362225_94518
1765,person,0.59517395,39,62,637,460,94518,362225,0.3418026194852941,1,362225_94518_1,362225_94518
1766,chair,0.54283804,805,161,1091,452,94518,362225,0.1195226332720588,0,362225_94518_0,362225_94518
1767,person,0.9322518,140,7,916,539,94696,362225,0.5928768382352941,1,362225_94696_1,362225_94696
1768,chair,0.79821604,847,44,1021,252,94696,362225,0.0519761029411764,0,362225_94696_0,362225_94696
1769,person,0.7081083,298,68,1229,538,94696,362225,0.6284036075367647,2,362225_94696_2,362225_94696
1770,motorcycle,0.96999097,273,135,358,261,95052,362225,0.015380859375,3,362225_95052_3,362225_95052
1771,truck,0.8814318000000001,333,90,445,204,95052,362225,0.0183363970588235,4,362225_95052_4,362225_95052
1772,person,0.7966051,246,131,269,199,95052,362225,0.00224609375,0,362225_95052_0,362225_95052
1773,bench,0.7832371,934,141,1010,183,95052,362225,0.0045840992647058,1,362225_95052_1,362225_95052
1774,car,0.7732346,464,50,838,378,95052,362225,0.176171875,6,362225_95052_6,362225_95052
1775,truck,0.7423345,457,41,850,370,95052,362225,0.1856861787683824,7,362225_95052_7,362225_95052
1776,car,0.7008344,0,140,140,298,95052,362225,0.0317670036764705,5,362225_95052_5,362225_95052
1777,chair,0.50169206,800,113,847,209,95052,362225,0.0064797794117647,2,362225_95052_2,362225_95052
1778,person,0.9047478,243,61,504,319,95230,362225,0.0967055376838235,3,362225_95230_3,362225_95230
1779,person,0.7504183000000001,388,104,656,324,95230,362225,0.0846737132352941,2,362225_95230_2,362225_95230
1780,tv,0.74650025,0,0,880,401,95230,362225,0.5067784926470589,5,362225_95230_5,362225_95230
1781,person,0.70090204,1192,121,1278,286,95230,362225,0.0203785615808823,0,362225_95230_0,362225_95230
1782,chair,0.67040884,1076,269,1280,524,95230,362225,0.07470703125,1,362225_95230_1,362225_95230
1783,person,0.5631684,231,45,649,329,95230,362225,0.1704848345588235,4,362225_95230_4,362225_95230
1784,car,0.91019535,0,295,140,544,95408,362225,0.0500631893382352,1,362225_95408_1,362225_95408
1785,car,0.7663374,38,180,189,252,95408,362225,0.0156135110294117,0,362225_95408_0,362225_95408
1786,person,0.7005079000000001,397,132,638,318,95408,362225,0.0643755744485294,2,362225_95408_2,362225_95408
1787,person,0.9748617,606,60,1263,536,95586,362225,0.44912109375,0,362225_95586_0,362225_95586
1788,person,0.9727518,125,18,1014,525,95764,362225,0.6472929113051471,3,362225_95764_3,362225_95764
1789,person,0.91973925,368,127,982,517,95764,362225,0.3438936121323529,1,362225_95764_1,362225_95764
1790,cell phone,0.7210780999999999,493,249,629,368,95764,362225,0.0232421875,0,362225_95764_0,362225_95764
1791,person,0.5002937,133,32,685,542,95764,362225,0.404296875,2,362225_95764_2,362225_95764
1792,person,0.9216763,90,0,782,537,95942,362225,0.5336684283088236,5,362225_95942_5,362225_95942
1793,car,0.88161737,1035,120,1182,228,95942,362225,0.0227998621323529,4,362225_95942_4,362225_95942
1794,person,0.82905567,213,54,1035,517,95942,362225,0.5465676700367647,6,362225_95942_6,362225_95942
1795,car,0.75000435,1188,141,1272,238,95942,362225,0.0117015165441176,3,362225_95942_3,362225_95942
1796,car,0.7166481,1157,127,1219,221,95942,362225,0.0083697150735294,1,362225_95942_1,362225_95942
1797,person,0.70707214,158,153,219,263,95942,362225,0.0096363740808823,2,362225_95942_2,362225_95942
1798,car,0.5704059,1212,143,1278,208,95942,362225,0.0061609604779411,0,362225_95942_0,362225_95942
1799,car,0.9593427,592,244,878,324,96120,362225,0.0328584558823529,0,362225_96120_0,362225_96120
1800,dog,0.78843546,27,6,598,527,96120,362225,0.4272331686580882,1,362225_96120_1,362225_96120
1801,person,0.6407415,26,0,618,544,96120,362225,0.4625,2,362225_96120_2,362225_96120
1802,car,0.94685215,854,198,937,380,96298,362225,0.0216940487132352,0,362225_96298_0,362225_96298
1803,truck,0.8499620000000001,71,126,873,482,96298,362225,0.4100298713235294,1,362225_96298_1,362225_96298
1804,truck,0.5268064,0,49,674,502,96298,362225,0.4384794347426471,2,362225_96298_2,362225_96298
1805,person,0.99464107,487,99,922,542,96476,362225,0.2767477596507353,0,362225_96476_0,362225_96476
1806,remote,0.8905933000000001,875,0,991,40,96654,362225,0.0066636029411764,0,362225_96654_0,362225_96654
1807,person,0.87245965,416,0,1053,541,96654,362225,0.4949118221507353,2,362225_96654_2,362225_96654
1808,person,0.8087611,1134,22,1278,539,96654,362225,0.1069163602941176,1,362225_96654_1,362225_96654
1809,person,0.99243635,446,28,945,543,96832,362225,0.3690616383272059,3,362225_96832_3,362225_96832
1810,cell phone,0.96398556,729,135,794,220,96832,362225,0.0079345703125,1,362225_96832_1,362225_96832
1811,cell phone,0.80504435,711,137,785,291,96832,362225,0.0163660386029411,2,362225_96832_2,362225_96832
1812,cell phone,0.6270958999999999,723,143,778,225,96832,362225,0.0064769071691176,0,362225_96832_0,362225_96832
1813,person,0.99628264,578,36,999,538,97010,362225,0.3035127527573529,3,362225_97010_3,362225_97010
1814,bottle,0.82063866,585,19,616,132,97010,362225,0.0050307329963235,1,362225_97010_1,362225_97010
1815,vase,0.6856541,547,12,573,130,97010,362225,0.0044060202205882,0,362225_97010_0,362225_97010
1816,person,0.6707666,482,51,536,123,97010,362225,0.0055836397058823,2,362225_97010_2,362225_97010
1817,bed,0.7323472,577,148,1219,544,97188,362225,0.3651079963235294,2,362225_97188_2,362225_97188
1818,oven,0.61716455,261,237,726,525,97188,362225,0.1923253676470588,1,362225_97188_1,362225_97188
1819,person,0.5631619000000001,597,190,695,307,97188,362225,0.0164665670955882,0,362225_97188_0,362225_97188
1820,person,0.9950755,637,11,1065,544,97366,362225,0.3276137408088235,3,362225_97366_3,362225_97366
1821,bottle,0.93447745,6,296,63,479,97366,362225,0.0149801815257352,2,362225_97366_2,362225_97366
1822,cup,0.5581425999999999,230,387,255,423,97366,362225,0.0012925091911764,0,362225_97366_0,362225_97366
1823,bottle,0.50053006,226,219,258,273,97366,362225,0.0024816176470588,1,362225_97366_1,362225_97366
1824,person,0.99809605,625,39,1082,542,97544,362225,0.3301226447610294,2,362225_97544_2,362225_97544
1825,person,0.9957385,130,0,645,543,97544,362225,0.4016041475183824,3,362225_97544_3,362225_97544
1826,cup,0.7384311,746,187,804,248,97544,362225,0.005080997242647,0,362225_97544_0,362225_97544
1827,bottle,0.5350841,679,178,749,296,97544,362225,0.0118623621323529,1,362225_97544_1,362225_97544
1828,person,0.9934918,283,6,768,544,97722,362225,0.3747271369485294,0,362225_97722_0,362225_97722
1829,person,0.9886258,719,43,1098,540,97900,362225,0.2705121208639706,0,362225_97900_0,362225_97900
1830,person,0.9398635,16,36,663,544,97900,362225,0.472018612132353,2,362225_97900_2,362225_97900
1831,person,0.73345906,27,8,505,465,97900,362225,0.3137149586397059,1,362225_97900_1,362225_97900
1832,person,0.98772895,134,0,643,537,98078,362225,0.3925393497242647,0,362225_98078_0,362225_98078
1833,person,0.991293,699,49,1129,542,98256,362225,0.304443359375,0,362225_98256_0,362225_98256
1834,person,0.96607167,24,25,720,543,98256,362225,0.5177619485294118,1,362225_98256_1,362225_98256
1835,person,0.9846016,686,31,1100,532,98434,362225,0.2978716681985294,0,362225_98434_0,362225_98434
1836,person,0.9657222,32,21,682,526,98434,362225,0.4714068244485294,1,362225_98434_1,362225_98434
1837,person,0.9902298,85,1,635,540,98612,362225,0.4257381663602941,0,362225_98612_0,362225_98612
1838,person,0.98729837,610,14,1278,528,98612,362225,0.4930951286764706,1,362225_98612_1,362225_98612
1839,person,0.8610946,107,0,1003,544,98612,362225,0.7,2,362225_98612_2,362225_98612
1840,person,0.9824625,435,22,1201,544,98790,362225,0.5742359834558823,3,362225_98790_3,362225_98790
1841,person,0.9543367,36,0,720,537,98790,362225,0.5274988511029411,2,362225_98790_2,362225_98790
1842,person,0.74932677,36,10,471,491,98790,362225,0.3004868451286765,0,362225_98790_0,362225_98790
1843,person,0.68386114,225,0,887,544,98790,362225,0.5171875,1,362225_98790_1,362225_98790
1844,person,0.9835421,418,21,1175,544,98968,362225,0.5685762293198531,3,362225_98968_3,362225_98968
1845,person,0.9249211,63,0,765,532,98968,362225,0.5363396139705883,2,362225_98968_2,362225_98968
1846,person,0.69151974,56,3,488,518,98968,362225,0.3195082720588235,0,362225_98968_0,362225_98968
1847,person,0.5553876999999999,275,0,899,544,98968,362225,0.4875,1,362225_98968_1,362225_98968
1848,person,0.9892758,445,0,1168,542,99146,362225,0.5627671185661764,2,362225_99146_2,362225_99146
1849,person,0.94559073,21,10,784,539,99146,362225,0.5796573414522059,3,362225_99146_3,362225_99146
1850,bottle,0.72916543,1104,17,1164,214,99146,362225,0.0169749540441176,1,362225_99146_1,362225_99146
1851,cup,0.62115777,957,138,1025,213,99146,362225,0.00732421875,0,362225_99146_0,362225_99146
1852,person,0.97667277,431,4,1149,544,99324,362225,0.5568129595588235,1,362225_99324_1,362225_99324
1853,person,0.95028484,45,10,739,544,99324,362225,0.5322208180147059,0,362225_99324_0,362225_99324
1854,person,0.9220863,517,115,590,527,99502,362225,0.0431927849264705,1,362225_99502_1,362225_99502
1855,chair,0.6108941,4,332,214,533,99502,362225,0.0606186810661764,2,362225_99502_2,362225_99502
1856,person,0.56407756,1034,85,1086,183,99502,362225,0.0073184742647058,0,362225_99502_0,362225_99502
1857,person,0.9923023,183,87,610,544,99680,362225,0.2802432789522059,3,362225_99680_3,362225_99680
1858,person,0.9710675,397,190,746,544,99680,362225,0.1774270450367647,2,362225_99680_2,362225_99680
1859,person,0.95783436,786,253,1095,539,99680,362225,0.1269157858455882,1,362225_99680_1,362225_99680
1860,chair,0.66174185,665,382,802,538,99680,362225,0.0306927849264705,0,362225_99680_0,362225_99680
1861,person,0.99567336,256,29,657,544,99858,362225,0.2965805951286765,0,362225_99858_0,362225_99858
1862,person,0.9868717,681,134,1255,526,99858,362225,0.3231387867647059,1,362225_99858_1,362225_99858
1863,car,0.98758173,949,161,1209,337,100036,362225,0.0657169117647058,3,362225_100036_3,362225_100036
1864,truck,0.9788656,220,45,844,413,100036,362225,0.3297794117647059,6,362225_100036_6,362225_100036
1865,car,0.9276037,0,156,263,345,100036,362225,0.0713852826286764,4,362225_100036_4,362225_100036
1866,car,0.91935754,0,308,609,538,100036,362225,0.2011575137867647,5,362225_100036_5,362225_100036
1867,car,0.8677758,762,128,863,225,100036,362225,0.0140696806066176,1,362225_100036_1,362225_100036
1868,car,0.8483437,1071,120,1240,283,100036,362225,0.0395608340992647,2,362225_100036_2,362225_100036
1869,car,0.7040944,1217,139,1265,251,100036,362225,0.0077205882352941,0,362225_100036_0,362225_100036
1870,person,0.9995223,335,144,462,452,100214,362225,0.0561753216911764,7,362225_100214_7,362225_100214
1871,person,0.9948035,660,166,831,483,100214,362225,0.0778478285845588,9,362225_100214_9,362225_100214
1872,person,0.9695552,808,189,846,311,100214,362225,0.0066578584558823,5,362225_100214_5,362225_100214
1873,person,0.95472825,858,188,896,303,100214,362225,0.0062758501838235,4,362225_100214_4,362225_100214
1874,car,0.94874716,474,246,721,407,100214,362225,0.0571102366727941,8,362225_100214_8,362225_100214
1875,motorcycle,0.7257691999999999,922,238,959,303,100214,362225,0.0034538717830882,0,362225_100214_0,362225_100214
1876,car,0.7105389,599,201,729,267,100214,362225,0.0123219209558823,6,362225_100214_6,362225_100214
1877,person,0.70426685,918,217,956,292,100214,362225,0.0040929457720588,3,362225_100214_3,362225_100214
1878,car,0.69877553,280,210,334,262,100214,362225,0.0040326286764705,2,362225_100214_2,362225_100214
1879,car,0.6677124,285,208,346,252,100214,362225,0.0038545496323529,1,362225_100214_1,362225_100214
1880,car,0.6657654000000001,9,149,377,520,100214,362225,0.1960707720588236,10,362225_100214_10,362225_100214
1881,truck,0.5556263000000001,0,129,392,508,100214,362225,0.2133616727941176,11,362225_100214_11,362225_100214
1882,person,0.97501445,582,44,897,519,100392,362225,0.2148796530330882,2,362225_100392_2,362225_100392
1883,person,0.89143527,697,57,895,534,100392,362225,0.1356359145220588,1,362225_100392_1,362225_100392
1884,refrigerator,0.70485926,0,154,526,529,100392,362225,0.2832749310661765,3,362225_100392_3,362225_100392
1885,remote,0.7011383000000001,569,338,636,375,100392,362225,0.0035601447610294,0,362225_100392_0,362225_100392
1886,person,0.98867106,206,41,529,544,100570,362225,0.2333251953125,1,362225_100570_1,362225_100570
1887,person,0.96337795,545,44,758,544,100570,362225,0.1529469209558823,0,362225_100570_0,362225_100570
1888,cup,0.6064229999999999,683,248,1255,537,100570,362225,0.23740234375,2,362225_100570_2,362225_100570
1889,person,0.99309456,272,80,410,544,100748,362225,0.0919577205882353,1,362225_100748_1,362225_100748
1890,person,0.98450595,361,75,577,491,100748,362225,0.1290441176470588,2,362225_100748_2,362225_100748
1891,person,0.9637827,334,7,1117,543,100748,362225,0.6027228860294118,3,362225_100748_3,362225_100748
1892,refrigerator,0.9026963,1115,207,1280,535,100748,362225,0.0777228860294117,0,362225_100748_0,362225_100748
1893,person,0.99876225,549,13,733,544,100926,362225,0.1403147977941176,1,362225_100926_1,362225_100926
1894,book,0.5312794,247,339,556,535,100926,362225,0.0869772518382352,0,362225_100926_0,362225_100926
1895,person,0.99289894,357,13,1021,544,101104,362225,0.5063534007352941,3,362225_101104_3,362225_101104
1896,tie,0.958604,576,308,732,542,101104,362225,0.0524241727941176,0,362225_101104_0,362225_101104
1897,chair,0.7444761,978,211,1262,535,101104,362225,0.1321461397058823,1,362225_101104_1,362225_101104
1898,chair,0.51870185,757,198,1183,544,101104,362225,0.2116785386029412,2,362225_101104_2,362225_101104
1899,person,0.99440503,802,76,1153,536,101282,362225,0.2318761488970588,7,362225_101282_7,362225_101282
1900,bottle,0.9768112,206,198,253,336,101282,362225,0.0093146829044117,1,362225_101282_1,362225_101282
1901,person,0.9647504,314,76,674,353,101282,362225,0.1432100183823529,6,362225_101282_6,362225_101282
1902,chair,0.93647283,1011,372,1170,540,101282,362225,0.0383616727941176,5,362225_101282_5,362225_101282
1903,book,0.702082,55,264,221,307,101282,362225,0.0102510340073529,2,362225_101282_2,362225_101282
1904,tie,0.6841664000000001,448,206,487,300,101282,362225,0.0052648207720588,0,362225_101282_0,362225_101282
1905,book,0.5854563,48,290,243,343,101282,362225,0.0148423138786764,3,362225_101282_3,362225_101282
1906,book,0.5200621,51,302,239,360,101282,362225,0.0156594669117647,4,362225_101282_4,362225_101282
1907,dining table,0.50742674,78,296,851,514,101282,362225,0.2420065487132353,8,362225_101282_8,362225_101282
1908,person,0.9919546,801,87,1130,540,101460,362225,0.2140352136948529,6,362225_101460_6,362225_101460
1909,bottle,0.9817308,207,202,256,341,101460,362225,0.0097814223345588,1,362225_101460_1,362225_101460
1910,person,0.9691591,309,76,663,353,101460,362225,0.140823184742647,5,362225_101460_5,362225_101460
1911,chair,0.82761484,1011,378,1169,540,101460,362225,0.0367589613970588,4,362225_101460_4,362225_101460
1912,tie,0.8008786,452,219,484,307,101460,362225,0.0040441176470588,0,362225_101460_0,362225_101460
1913,book,0.71176094,54,305,246,355,101460,362225,0.0137867647058823,2,362225_101460_2,362225_101460
1914,book,0.57543695,57,269,241,327,101460,362225,0.0153262867647058,3,362225_101460_3,362225_101460
1915,person,0.9896337,347,8,1029,544,101638,362225,0.5249770220588236,2,362225_101638_2,362225_101638
1916,tie,0.9850219,571,291,740,544,101638,362225,0.061404239430147,0,362225_101638_0,362225_101638
1917,chair,0.5032555000000001,997,220,1260,544,101638,362225,0.1223747702205882,1,362225_101638_1,362225_101638
1918,person,0.9938544,320,43,827,522,101816,362225,0.3487663717830882,1,362225_101816_1,362225_101816
1919,book,0.59898216,664,243,752,270,101816,362225,0.0034122242647058,0,362225_101816_0,362225_101816
1920,person,0.98901725,341,27,1050,544,101994,362225,0.5264145795036764,1,362225_101994_1,362225_101994
1921,tie,0.9422863,564,296,750,544,101994,362225,0.0662454044117647,0,362225_101994_0,362225_101994
1922,person,0.9892139,344,26,1050,544,102172,362225,0.5252010569852941,1,362225_102172_1,362225_102172
1923,tie,0.97041726,558,299,745,538,102172,362225,0.0641845703125,0,362225_102172_0,362225_102172
1924,person,0.99359083,309,45,824,529,102350,362225,0.3579676011029412,0,362225_102350_0,362225_102350
1925,person,0.99702877,351,21,983,538,102528,362225,0.4692440257352941,1,362225_102528_1,362225_102528
1926,tie,0.54650116,635,310,736,410,102528,362225,0.014504825367647,0,362225_102528_0,362225_102528
1927,person,0.9965958,367,29,846,518,102706,362225,0.3363841337316176,1,362225_102706_1,362225_102706
1928,suitcase,0.5089423,0,426,164,541,102706,362225,0.0270852481617647,0,362225_102706_0,362225_102706
1929,person,0.99692506,365,24,842,534,102884,362225,0.349365234375,1,362225_102884_1,362225_102884
1930,book,0.64095956,684,241,771,269,102884,362225,0.0034983915441176,0,362225_102884_0,362225_102884
1931,person,0.99602854,401,24,1022,544,103062,362225,0.4637522977941176,2,362225_103062_2,362225_103062
1932,tie,0.9125245,580,314,727,540,103062,362225,0.0477108226102941,0,362225_103062_0,362225_103062
1933,chair,0.50805634,999,206,1264,530,103062,362225,0.1233053768382353,1,362225_103062_1,362225_103062
1934,person,0.9967763,395,24,1021,544,103240,362225,0.4674862132352941,1,362225_103240_1,362225_103240
1935,tie,0.87088853,596,288,739,536,103240,362225,0.050930606617647,0,362225_103240_0,362225_103240
1936,person,0.9978223,355,15,800,543,103418,362225,0.3374310661764705,0,362225_103418_0,362225_103418
1937,clock,0.90453255,19,156,327,475,103596,362225,0.1411017922794117,1,362225_103596_1,362225_103596
1938,person,0.7615036999999999,391,405,495,543,103596,362225,0.0206112132352941,0,362225_103596_0,362225_103596
1939,person,0.9956226,295,26,972,531,103774,362225,0.4909883386948529,2,362225_103774_2,362225_103774
1940,person,0.9675953000000002,132,172,345,537,103774,362225,0.1116512522977941,0,362225_103774_0,362225_103774
1941,oven,0.5208670999999999,136,0,647,448,103774,362225,0.3287683823529412,1,362225_103774_1,362225_103774
1942,person,0.9963081,314,11,967,528,103952,362225,0.484835994944853,1,362225_103952_1,362225_103952
1943,person,0.9645122,137,169,367,531,103952,362225,0.1195714613970588,0,362225_103952_0,362225_103952
1944,person,0.96546704,112,98,637,505,104130,362225,0.3068632238051471,1,362225_104130_1,362225_104130
1945,person,0.66745013,277,119,433,338,104130,362225,0.0490636488970588,0,362225_104130_0,362225_104130
1946,person,0.9832122,525,169,573,289,104308,362225,0.0082720588235294,8,362225_104308_8,362225_104308
1947,car,0.9243494,884,191,925,217,104308,362225,0.0015309053308823,0,362225_104308_0,362225_104308
1948,person,0.9202796999999998,602,185,640,307,104308,362225,0.0066578584558823,7,362225_104308_7,362225_104308
1949,person,0.9173195,446,183,481,262,104308,362225,0.0039708754595588,6,362225_104308_6,362225_104308
1950,person,0.915435,703,183,732,278,104308,362225,0.0039565142463235,5,362225_104308_5,362225_104308
1951,person,0.8831171,38,79,587,529,104308,362225,0.3547937729779412,10,362225_104308_10,362225_104308
1952,person,0.8593156999999999,646,193,673,281,104308,362225,0.0034122242647058,3,362225_104308_3,362225_104308
1953,chair,0.85259163,0,151,477,544,104308,362225,0.2692167394301471,9,362225_104308_9,362225_104308
1954,person,0.78858334,691,184,718,279,104308,362225,0.0036836511948529,4,362225_104308_4,362225_104308
1955,person,0.7210403000000001,683,189,708,283,104308,362225,0.0033748851102941,2,362225_104308_2,362225_104308
1956,person,0.5854010999999999,477,187,503,261,104308,362225,0.0027630974264705,1,362225_104308_1,362225_104308
1957,person,0.9973104,0,78,320,541,104486,362225,0.2127757352941176,2,362225_104486_2,362225_104486
1958,person,0.99687696,826,51,1134,536,104486,362225,0.2145278033088235,3,362225_104486_3,362225_104486
1959,person,0.99645364,276,63,582,537,104486,362225,0.20830078125,1,362225_104486_1,362225_104486
1960,person,0.89994156,803,24,960,527,104486,362225,0.1134119370404411,0,362225_104486_0,362225_104486
1961,person,0.9734456,770,53,1143,544,104664,362225,0.263015567555147,9,362225_104664_9,362225_104664
1962,person,0.92833906,51,94,607,534,104664,362225,0.3513327205882353,11,362225_104664_11,362225_104664
1963,person,0.81661093,512,194,539,271,104664,362225,0.0029856962316176,3,362225_104664_3,362225_104664
1964,person,0.79493433,736,199,764,285,104664,362225,0.0034581801470588,5,362225_104664_5,362225_104664
1965,person,0.7860529,563,191,586,269,104664,362225,0.0025764016544117,2,362225_104664_2,362225_104664
1966,person,0.7588461,727,198,751,286,104664,362225,0.0030330882352941,4,362225_104664_4,362225_104664
1967,person,0.74924314,207,84,437,349,104664,362225,0.0875315946691176,7,362225_104664_7,362225_104664
1968,person,0.7384161,712,196,731,284,104664,362225,0.0024011948529411,0,362225_104664_0,362225_104664
1969,chair,0.7242386,0,131,503,535,104664,362225,0.2918370863970588,10,362225_104664_10,362225_104664
1970,person,0.7197536999999999,699,193,718,282,104664,362225,0.0024284811580882,1,362225_104664_1,362225_104664
1971,chair,0.6340621999999999,1070,147,1277,497,104664,362225,0.1040469898897058,8,362225_104664_8,362225_104664
1972,person,0.6120481,481,190,512,268,104664,362225,0.0034725413602941,6,362225_104664_6,362225_104664
1973,person,0.5337881,191,77,814,544,104664,362225,0.4178265739889706,12,362225_104664_12,362225_104664
1974,person,0.99343455,314,127,454,397,104842,362225,0.0542853860294117,3,362225_104842_3,362225_104842
1975,person,0.98715043,1125,133,1263,497,104842,362225,0.0721392463235294,6,362225_104842_6,362225_104842
1976,person,0.98733133,410,122,515,407,104842,362225,0.0429759306066176,2,362225_104842_2,362225_104842
1977,person,0.9864,579,116,711,412,104842,362225,0.0561121323529411,4,362225_104842_4,362225_104842
1978,person,0.9633042,1078,124,1208,474,104842,362225,0.0653435202205882,5,362225_104842_5,362225_104842
1979,person,0.9014098,571,129,642,411,104842,362225,0.0287540211397058,1,362225_104842_1,362225_104842
1980,person,0.7941718000000001,1223,149,1277,491,104842,362225,0.0265222886029411,0,362225_104842_0,362225_104842
1981,person,0.9734163,33,21,643,535,105020,362225,0.4502814797794117,1,362225_105020_1,362225_105020
1982,person,0.9733156,429,100,1001,534,105020,362225,0.3565142463235294,0,362225_105020_0,362225_105020
1983,person,0.9813275,764,14,1137,544,105198,362225,0.2839068244485294,9,362225_105198_9,362225_105198
1984,person,0.9039198,734,176,766,269,105198,362225,0.0042738970588235,7,362225_105198_7,362225_105198
1985,person,0.87559307,564,174,590,253,105198,362225,0.0029497931985294,2,362225_105198_2,362225_105198
1986,person,0.8286072,44,87,641,519,105198,362225,0.3703814338235294,11,362225_105198_11,362225_105198
1987,person,0.81543607,707,175,733,266,105198,362225,0.0033978630514705,3,362225_105198_3,362225_105198
1988,chair,0.8113049,0,145,517,535,105198,362225,0.2895651424632353,10,362225_105198_10,362225_105198
1989,person,0.7775227,516,175,542,251,105198,362225,0.0028377757352941,1,362225_105198_1,362225_105198
1990,person,0.7406219,486,170,518,247,105198,362225,0.0035386029411764,5,362225_105198_5,362225_105198
1991,chair,0.67661124,1073,120,1279,472,105198,362225,0.1041360294117647,8,362225_105198_8,362225_105198
1992,person,0.61552966,727,175,756,266,105198,362225,0.0037899241727941,6,362225_105198_6,362225_105198
1993,person,0.5737405,714,174,740,265,105198,362225,0.0033978630514705,4,362225_105198_4,362225_105198
1994,person,0.54860514,701,178,724,261,105198,362225,0.0027415556066176,0,362225_105198_0,362225_105198
1995,person,0.9945167,459,11,801,535,105554,362225,0.2573644301470588,4,362225_105554_4,362225_105554
1996,person,0.9800157,794,52,1148,526,105554,362225,0.2409754136029412,3,362225_105554_3,362225_105554
1997,person,0.9759124,371,80,528,544,105554,362225,0.1046185661764705,0,362225_105554_0,362225_105554
1998,person,0.90750796,628,62,952,540,105554,362225,0.222414981617647,2,362225_105554_2,362225_105554
1999,person,0.6429094,368,30,964,544,105554,362225,0.4399471507352941,5,362225_105554_5,362225_105554
2000,person,0.55198693,671,80,900,427,105554,362225,0.1141185087316176,1,362225_105554_1,362225_105554
2001,person,0.99598205,295,1,995,544,105732,362225,0.5458697150735294,6,362225_105732_6,362225_105732
2002,car,0.9454145,1195,228,1280,326,105732,362225,0.011962890625,1,362225_105732_1,362225_105732
2003,car,0.8904936999999999,1031,235,1248,353,105732,362225,0.0367733226102941,4,362225_105732_4,362225_105732
2004,car,0.8419068999999999,29,241,227,314,105732,362225,0.0207576976102941,3,362225_105732_3,362225_105732
2005,car,0.83918387,193,249,339,321,105732,362225,0.0150965073529411,2,362225_105732_2,362225_105732
2006,person,0.81858253,765,143,1100,543,105732,362225,0.1924402573529412,5,362225_105732_5,362225_105732
2007,car,0.72016305,0,262,59,320,105732,362225,0.0049144071691176,0,362225_105732_0,362225_105732
2008,person,0.9960872,74,4,787,544,105910,362225,0.5529354319852942,9,362225_105910_9,362225_105910
2009,person,0.9895203,592,96,938,540,105910,362225,0.2206227022058823,7,362225_105910_7,362225_105910
2010,car,0.9773885,19,226,162,306,105910,362225,0.0164292279411764,3,362225_105910_3,362225_105910
2011,person,0.9651921999999998,784,111,990,517,105910,362225,0.1201114430147058,6,362225_105910_6,362225_105910
2012,car,0.95670867,1205,202,1273,278,105910,362225,0.007421875,1,362225_105910_1,362225_105910
2013,car,0.9487077,1085,208,1234,298,105910,362225,0.0192583869485294,4,362225_105910_4,362225_105910
2014,car,0.94349265,901,194,1063,316,105910,362225,0.0283835018382352,5,362225_105910_5,362225_105910
2015,car,0.76509285,1040,209,1119,277,105910,362225,0.00771484375,2,362225_105910_2,362225_105910
2016,car,0.53764766,0,217,39,294,105910,362225,0.0043126723345588,0,362225_105910_0,362225_105910
2017,person,0.53095806,363,29,893,544,105910,362225,0.3919893152573529,8,362225_105910_8,362225_105910
2018,person,0.9619627,0,13,635,544,106088,362225,0.4842385684742647,1,362225_106088_1,362225_106088
2019,person,0.95630544,974,0,1280,540,106088,362225,0.2373046875,0,362225_106088_0,362225_106088
2020,person,0.9522957,400,0,1146,540,106088,362225,0.5785271139705882,2,362225_106088_2,362225_106088
2021,person,0.9814636,20,0,1011,544,106266,362225,0.77421875,2,362225_106266_2,362225_106266
2022,person,0.86995095,757,333,1152,542,106266,362225,0.1185589958639706,1,362225_106266_1,362225_106266
2023,person,0.7930921999999999,775,339,1017,536,106266,362225,0.0684656479779411,0,362225_106266_0,362225_106266
2024,person,0.9716816,193,0,846,544,106444,362225,0.51015625,3,362225_106444_3,362225_106444
2025,person,0.8987040000000001,728,34,1268,530,106444,362225,0.3846507352941176,2,362225_106444_2,362225_106444
2026,person,0.8517723,0,354,159,539,106444,362225,0.0422435087316176,0,362225_106444_0,362225_106444
2027,person,0.5670086,859,0,1280,397,106444,362225,0.2400290096507353,1,362225_106444_1,362225_106444
2028,person,0.97510535,26,0,891,530,106622,362225,0.6583898207720589,4,362225_106622_4,362225_106622
2029,person,0.89175034,848,8,1271,544,106622,362225,0.3256089154411765,2,362225_106622_2,362225_106622
2030,person,0.86943907,935,0,1275,295,106622,362225,0.14404296875,1,362225_106622_1,362225_106622
2031,person,0.76243526,315,116,875,542,106622,362225,0.3426011029411765,3,362225_106622_3,362225_106622
2032,person,0.7095376,791,166,1052,519,106622,362225,0.1323141659007353,0,362225_106622_0,362225_106622
2033,person,0.935092,384,0,1125,536,106800,362225,0.5703929227941177,2,362225_106800_2,362225_106800
2034,person,0.87444437,29,0,499,543,106800,362225,0.3665125229779412,1,362225_106800_1,362225_106800
2035,person,0.84503716,853,1,1199,483,106800,362225,0.239504825367647,0,362225_106800_0,362225_106800
2036,person,0.952308,160,0,758,539,106978,362225,0.4628934972426471,1,362225_106978_1,362225_106978
2037,person,0.7924063,724,128,882,394,106978,362225,0.0603573069852941,0,362225_106978_0,362225_106978
2038,person,0.70492804,621,29,1280,538,106978,362225,0.4817196116727941,2,362225_106978_2,362225_106978
2039,person,0.9773401,1,0,501,518,107156,362225,0.3719554227941176,4,362225_107156_4,362225_107156
2040,person,0.96184766,824,0,1260,533,107156,362225,0.3337373621323529,3,362225_107156_3,362225_107156
2041,person,0.8349723,3,18,260,493,107156,362225,0.1753145105698529,1,362225_107156_1,362225_107156
2042,person,0.8326927,445,0,1037,544,107156,362225,0.4625,5,362225_107156_5,362225_107156
2043,person,0.7773734999999999,197,21,530,536,107156,362225,0.2462876263786765,2,362225_107156_2,362225_107156
2044,person,0.66657394,888,0,1141,423,107156,362225,0.1536922679227941,0,362225_107156_0,362225_107156
2045,person,0.58565706,543,0,1264,524,107156,362225,0.5425723805147059,6,362225_107156_6,362225_107156
2046,person,0.991405,31,56,481,520,107334,362225,0.2998621323529412,2,362225_107334_2,362225_107334
2047,person,0.9708417,807,0,1210,538,107334,362225,0.3113712086397059,3,362225_107334_3,362225_107334
2048,person,0.8941896,382,23,924,538,107334,362225,0.4008645450367647,4,362225_107334_4,362225_107334
2049,person,0.750441,2,56,288,499,107334,362225,0.1819536994485294,1,362225_107334_1,362225_107334
2050,car,0.69274294,351,220,473,310,107334,362225,0.0157686121323529,0,362225_107334_0,362225_107334
2051,person,0.99848676,737,129,828,395,107512,362225,0.0347627527573529,7,362225_107512_7,362225_107512
2052,person,0.9778773,590,79,680,304,107512,362225,0.0290814568014705,6,362225_107512_6,362225_107512
2053,person,0.9196326,438,74,486,274,107512,362225,0.0137867647058823,0,362225_107512_0,362225_107512
2054,person,0.8613775,666,76,729,285,107512,362225,0.0189094094669117,2,362225_107512_2,362225_107512
2055,car,0.747167,9,126,458,544,107512,362225,0.269534122242647,8,362225_107512_8,362225_107512
2056,person,0.7127064999999999,468,85,553,286,107512,362225,0.0245361328125,5,362225_107512_5,362225_107512
2057,person,0.65782833,648,71,707,287,107512,362225,0.0183019301470588,1,362225_107512_1,362225_107512
2058,person,0.60537034,510,71,574,278,107512,362225,0.0190257352941176,3,362225_107512_3,362225_107512
2059,toilet,0.5981137,469,317,539,544,107512,362225,0.0228199678308823,4,362225_107512_4,362225_107512
2060,person,0.98537505,407,132,838,531,107690,362225,0.2469683478860294,0,362225_107690_0,362225_107690
2061,person,0.76449615,389,106,1080,541,107690,362225,0.4316765280330882,1,362225_107690_1,362225_107690
2062,person,0.9685847,465,54,961,534,107868,362225,0.3419117647058824,1,362225_107868_1,362225_107868
2063,toilet,0.90376455,1123,320,1218,539,107868,362225,0.0298785041360294,0,362225_107868_0,362225_107868
2064,person,0.72119415,0,0,547,541,107868,362225,0.4249870749080881,2,362225_107868_2,362225_107868
2065,person,0.97099924,388,146,825,542,108046,362225,0.2485236672794117,2,362225_108046_2,362225_108046
2066,chair,0.94676715,0,2,444,520,108046,362225,0.3302964154411765,4,362225_108046_4,362225_108046
2067,person,0.9100218,614,114,969,504,108046,362225,0.198830997242647,1,362225_108046_1,362225_108046
2068,person,0.7945251,954,5,1280,538,108046,362225,0.2495375689338236,3,362225_108046_3,362225_108046
2069,chair,0.5958336,11,276,307,528,108046,362225,0.1071231617647058,0,362225_108046_0,362225_108046
2070,person,0.9717433,888,305,1158,538,108224,362225,0.0903463924632353,1,362225_108224_1,362225_108224
2071,person,0.94653547,897,0,1266,544,108224,362225,0.28828125,3,362225_108224_3,362225_108224
2072,car,0.94554484,488,489,562,540,108224,362225,0.005419921875,0,362225_108224_0,362225_108224
2073,chair,0.7807453000000001,288,216,490,530,108224,362225,0.0910903033088235,2,362225_108224_2,362225_108224
2074,chair,0.60917103,15,5,512,517,108224,362225,0.3654411764705882,4,362225_108224_4,362225_108224
2075,person,0.96451735,0,0,807,530,108402,362225,0.6142434512867647,0,362225_108402_0,362225_108402
2076,person,0.9597181,2,0,629,535,108580,362225,0.4817397173713235,1,362225_108580_1,362225_108580
2077,person,0.8598273000000001,794,19,1137,513,108580,362225,0.2433392693014706,0,362225_108580_0,362225_108580
2078,person,0.8879149,531,0,1243,523,108758,362225,0.5347771139705882,2,362225_108758_2,362225_108758
2079,person,0.7706205,246,63,425,373,108758,362225,0.079690372242647,1,362225_108758_1,362225_108758
2080,person,0.73700804,127,82,237,391,108758,362225,0.0488137637867647,0,362225_108758_0,362225_108758
2081,person,0.925255,438,5,1237,505,108936,362225,0.57373046875,4,362225_108936_4,362225_108936
2082,person,0.6726349,333,18,1005,544,108936,362225,0.5076286764705882,3,362225_108936_3,362225_108936
2083,person,0.57698995,300,45,605,524,108936,362225,0.2098101447610294,1,362225_108936_1,362225_108936
2084,dog,0.576368,497,34,1170,502,108936,362225,0.4523265165441177,2,362225_108936_2,362225_108936
2085,person,0.56234276,135,83,305,366,108936,362225,0.069091796875,0,362225_108936_0,362225_108936
2086,person,0.90505683,11,7,897,544,109114,362225,0.6832806755514705,3,362225_109114_3,362225_109114
2087,cell phone,0.80772734,215,108,482,343,109114,362225,0.0901094324448529,1,362225_109114_1,362225_109114
2088,chair,0.5402238,815,337,1137,527,109114,362225,0.0878619025735294,0,362225_109114_0,362225_109114
2089,person,0.51911396,271,116,847,531,109114,362225,0.3432904411764705,2,362225_109114_2,362225_109114
2090,person,0.99780947,574,75,809,544,109292,362225,0.1582821116727941,4,362225_109292_4,362225_109292
2091,car,0.92051995,4,274,489,543,109292,362225,0.1873635684742647,5,362225_109292_5,362225_109292
2092,car,0.84534204,1139,90,1279,267,109292,362225,0.0355870863970588,3,362225_109292_3,362225_109292
2093,person,0.7761053000000001,996,242,1044,298,109292,362225,0.003860294117647,1,362225_109292_1,362225_109292
2094,car,0.7514046999999999,816,200,1253,544,109292,362225,0.2158892463235294,6,362225_109292_6,362225_109292
2095,person,0.6146071,890,247,948,395,109292,362225,0.0123276654411764,2,362225_109292_2,362225_109292
2096,person,0.6011276999999999,981,238,1013,298,109292,362225,0.0027573529411764,0,362225_109292_0,362225_109292
2097,person,0.9984555,763,325,856,528,109470,362225,0.0271125344669117,11,362225_109470_11,362225_109470
2098,car,0.99231154,532,362,800,472,109470,362225,0.042336856617647,14,362225_109470_14,362225_109470
2099,car,0.9878066,933,372,1126,449,109470,362225,0.0213421989889705,9,362225_109470_9,362225_109470
2100,person,0.98072493,312,283,412,536,109470,362225,0.0363338694852941,13,362225_109470_13,362225_109470
2101,car,0.9750632,0,355,122,473,109470,362225,0.0206744025735294,8,362225_109470_8,362225_109470
2102,car,0.88516784,135,343,292,457,109470,362225,0.0257036994485294,10,362225_109470_10,362225_109470
2103,person,0.85897404,260,280,346,535,109470,362225,0.031494140625,12,362225_109470_12,362225_109470
2104,car,0.7952234,1158,373,1280,471,109470,362225,0.0171702665441176,7,362225_109470_7,362225_109470
2105,person,0.79166186,460,354,487,388,109470,362225,0.001318359375,1,362225_109470_1,362225_109470
2106,car,0.73806375,375,339,485,443,109470,362225,0.0164292279411764,6,362225_109470_6,362225_109470
2107,person,0.72645277,138,344,163,390,109470,362225,0.0016515395220588,2,362225_109470_2,362225_109470
2108,car,0.669131,130,323,436,463,109470,362225,0.0615234375,15,362225_109470_15,362225_109470
2109,car,0.57708514,9,358,133,435,109470,362225,0.0137120863970588,5,362225_109470_5,362225_109470
2110,person,0.57094467,169,345,191,377,109470,362225,0.0010110294117647,0,362225_109470_0,362225_109470
2111,person,0.5502269000000001,918,356,940,421,109470,362225,0.002053653492647,3,362225_109470_3,362225_109470
2112,person,0.52071923,934,354,962,410,109470,362225,0.0022518382352941,4,362225_109470_4,362225_109470
2113,car,0.84283775,0,174,153,367,109648,362225,0.0424072265625,0,362225_109648_0,362225_109648
2114,person,0.99307865,302,119,794,539,109826,362225,0.2967601102941176,8,362225_109826_8,362225_109826
2115,person,0.9905167,778,166,961,539,109826,362225,0.0980282054227941,7,362225_109826_7,362225_109826
2116,person,0.9905511,1056,169,1121,329,109826,362225,0.0149356617647058,4,362225_109826_4,362225_109826
2117,person,0.9768861,389,204,456,354,109826,362225,0.0144330193014705,3,362225_109826_3,362225_109826
2118,person,0.95795816,1127,166,1171,326,109826,362225,0.010110294117647,1,362225_109826_1,362225_109826
2119,person,0.9288446,612,147,788,429,109826,362225,0.0712775735294117,6,362225_109826_6,362225_109826
2120,person,0.6851081,712,151,786,393,109826,362225,0.0257180606617647,5,362225_109826_5,362225_109826
2121,person,0.6114034,208,241,255,278,109826,362225,0.0024974149816176,0,362225_109826_0,362225_109826
2122,person,0.60549706,895,184,947,321,109826,362225,0.0102309283088235,2,362225_109826_2,362225_109826
2123,person,0.9863961,122,10,696,535,110004,362225,0.4327751608455882,4,362225_110004_4,362225_110004
2124,person,0.893589,1031,483,1091,542,110004,362225,0.0050838694852941,2,362225_110004_2,362225_110004
2125,person,0.88900024,39,496,88,544,110004,362225,0.0033777573529411,1,362225_110004_1,362225_110004
2126,person,0.8328464,816,481,881,543,110004,362225,0.0057875689338235,3,362225_110004_3,362225_110004
2127,traffic light,0.6128056,201,396,229,437,110004,362225,0.0016486672794117,0,362225_110004_0,362225_110004
2128,person,0.99036133,246,6,699,537,110182,362225,0.3454489315257353,6,362225_110182_6,362225_110182
2129,person,0.9893574,902,139,1048,538,110182,362225,0.0836598115808823,5,362225_110182_5,362225_110182
2130,person,0.9775613,1085,136,1226,543,110182,362225,0.0824146943933823,4,362225_110182_4,362225_110182
2131,person,0.9684992,0,153,118,543,110182,362225,0.0660903033088235,3,362225_110182_3,362225_110182
2132,person,0.8824559999999999,161,242,242,344,110182,362225,0.011865234375,0,362225_110182_0,362225_110182
2133,person,0.56203353,4,140,109,313,110182,362225,0.0260871438419117,2,362225_110182_2,362225_110182
2134,person,0.524104,1027,321,1115,522,110182,362225,0.0254021139705882,1,362225_110182_1,362225_110182
2135,person,0.99914324,488,44,740,543,110360,362225,0.1805893841911764,5,362225_110360_5,362225_110360
2136,person,0.9975547,2,203,131,423,110360,362225,0.0407571231617647,4,362225_110360_4,362225_110360
2137,person,0.9717344,295,210,372,398,110360,362225,0.0207892922794117,2,362225_110360_2,362225_110360
2138,person,0.9158847,793,224,895,342,110360,362225,0.01728515625,1,362225_110360_1,362225_110360
2139,person,0.8641575999999999,690,202,764,360,110360,362225,0.0167911305147058,0,362225_110360_0,362225_110360
2140,vase,0.75785166,965,273,1064,500,110360,362225,0.0322739545036764,3,362225_110360_3,362225_110360
2141,person,0.995297,780,0,1160,538,110538,362225,0.2936006433823529,6,362225_110538_6,362225_110538
2142,person,0.95774406,97,101,273,353,110538,362225,0.0636948529411764,1,362225_110538_1,362225_110538
2143,person,0.9172081,194,118,380,409,110538,362225,0.0777315027573529,2,362225_110538_2,362225_110538
2144,person,0.78488636,62,91,271,487,110538,362225,0.1188591452205882,4,362225_110538_4,362225_110538
2145,person,0.72144467,116,113,344,405,110538,362225,0.0956112132352941,3,362225_110538_3,362225_110538
2146,handbag,0.68108964,203,265,328,405,110538,362225,0.0251321231617647,0,362225_110538_0,362225_110538
2147,bench,0.5299568,97,266,770,544,110538,362225,0.2686896829044117,5,362225_110538_5,362225_110538
2148,person,0.99684936,1144,90,1280,482,110716,362225,0.0765625,16,362225_110716_16,362225_110716
2149,person,0.99004877,505,225,573,443,110716,362225,0.0212890625,10,362225_110716_10,362225_110716
2150,person,0.9882414,1089,239,1170,422,110716,362225,0.0212876263786764,9,362225_110716_9,362225_110716
2151,person,0.9860491,8,212,108,386,110716,362225,0.0249885110294117,12,362225_110716_12,362225_110716
2152,person,0.98303187,751,177,836,455,110716,362225,0.033935546875,15,362225_110716_15,362225_110716
2153,person,0.97185004,820,252,879,413,110716,362225,0.0136417164522058,6,362225_110716_6,362225_110716
2154,person,0.9416169,604,207,666,420,110716,362225,0.0189654181985294,7,362225_110716_7,362225_110716
2155,person,0.93570673,1066,457,1278,543,110716,362225,0.0261833639705882,13,362225_110716_13,362225_110716
2156,person,0.90346,711,190,783,396,110716,362225,0.0213005514705882,11,362225_110716_11,362225_110716
2157,person,0.90299,285,240,317,346,110716,362225,0.0048713235294117,2,362225_110716_2,362225_110716
2158,person,0.8807311999999999,929,237,960,366,110716,362225,0.0057430491727941,3,362225_110716_3,362225_110716
2159,person,0.8282394000000001,552,274,597,416,110716,362225,0.0091768152573529,4,362225_110716_4,362225_110716
2160,person,0.8197,639,211,734,432,110716,362225,0.0301513671875,14,362225_110716_14,362225_110716
2161,person,0.7080996999999999,907,316,935,371,110716,362225,0.0022116268382352,0,362225_110716_0,362225_110716
2162,person,0.7036418000000001,116,252,144,310,110716,362225,0.0023322610294117,1,362225_110716_1,362225_110716
2163,motorcycle,0.701706,306,386,424,500,110716,362225,0.0193187040441176,8,362225_110716_8,362225_110716
2164,person,0.5426305,449,252,494,422,110716,362225,0.010986328125,5,362225_110716_5,362225_110716
2165,person,0.99506193,338,4,650,532,110894,362225,0.2365808823529412,4,362225_110894_4,362225_110894
2166,person,0.99404,824,30,1074,535,110894,362225,0.1813103170955882,3,362225_110894_3,362225_110894
2167,person,0.9891255,82,0,448,539,110894,362225,0.2833093979779412,5,362225_110894_5,362225_110894
2168,person,0.9366227,765,1,900,367,110894,362225,0.0709587545955882,2,362225_110894_2,362225_110894
2169,person,0.7586135,1216,54,1274,268,110894,362225,0.017825137867647,0,362225_110894_0,362225_110894
2170,person,0.74088264,1180,65,1258,265,110894,362225,0.0224034926470588,1,362225_110894_1,362225_110894
2171,person,0.9941533,537,53,646,417,111072,362225,0.0569795496323529,10,362225_111072_10,362225_111072
2172,person,0.9787033000000002,386,69,451,297,111072,362225,0.0212833180147058,6,362225_111072_6,362225_111072
2173,person,0.97626716,235,60,355,396,111072,362225,0.0579044117647058,11,362225_111072_11,362225_111072
2174,person,0.9295163,1028,144,1202,418,111072,362225,0.0684685202205882,12,362225_111072_12,362225_111072
2175,person,0.9128436,924,78,1015,339,111072,362225,0.034109317555147,9,362225_111072_9,362225_111072
2176,person,0.90031457,194,150,241,265,111072,362225,0.0077622357536764,0,362225_111072_0,362225_111072
2177,person,0.86087304,1035,152,1172,324,111072,362225,0.033840762867647,8,362225_111072_8,362225_111072
2178,person,0.85499567,1,239,77,392,111072,362225,0.01669921875,4,362225_111072_4,362225_111072
2179,person,0.85288626,335,75,406,277,111072,362225,0.0205968520220588,5,362225_111072_5,362225_111072
2180,backpack,0.75541574,266,76,342,187,111072,362225,0.0121151194852941,1,362225_111072_1,362225_111072
2181,person,0.7541674,436,95,528,269,111072,362225,0.0229894301470588,7,362225_111072_7,362225_111072
2182,person,0.66118985,675,186,777,272,111072,362225,0.01259765625,2,362225_111072_2,362225_111072
2183,backpack,0.52623147,242,54,326,192,111072,362225,0.0166475183823529,3,362225_111072_3,362225_111072
2184,person,0.994356,724,34,1154,543,111250,362225,0.3143238740808824,2,362225_111250_2,362225_111250
2185,person,0.9717301,0,79,275,498,111250,362225,0.1654770795036764,1,362225_111250_1,362225_111250
2186,person,0.6228478,933,0,1062,299,111250,362225,0.0553926355698529,0,362225_111250_0,362225_111250
2187,person,0.9969043,765,25,1072,531,111428,362225,0.2230899586397058,8,362225_111428_8,362225_111428
2188,person,0.9850664,496,46,771,540,111428,362225,0.1950970818014706,7,362225_111428_7,362225_111428
2189,person,0.9805054,1202,44,1280,271,111428,362225,0.0254279641544117,3,362225_111428_3,362225_111428
2190,person,0.81674826,204,101,274,189,111428,362225,0.0088465073529411,1,362225_111428_1,362225_111428
2191,person,0.80803615,136,93,367,368,111428,362225,0.0912296070772058,5,362225_111428_5,362225_111428
2192,person,0.80756617,352,153,451,263,111428,362225,0.0156393612132353,2,362225_111428_2,362225_111428
2193,person,0.7177057,0,214,160,530,111428,362225,0.072610294117647,4,362225_111428_4,362225_111428
2194,person,0.6084786,454,190,510,254,111428,362225,0.0051470588235294,0,362225_111428_0,362225_111428
2195,person,0.5017031,14,103,308,502,111428,362225,0.1684656479779411,6,362225_111428_6,362225_111428
2196,person,0.96985126,177,3,1023,544,111606,362225,0.6572926240808824,0,362225_111606_0,362225_111606
2197,person,0.99805695,585,109,818,496,111784,362225,0.1294964958639705,6,362225_111784_6,362225_111784
2198,person,0.9968183,917,0,1277,544,111784,362225,0.28125,7,362225_111784_7,362225_111784
2199,person,0.9689854,125,141,200,332,111784,362225,0.0205724379595588,2,362225_111784_2,362225_111784
2200,person,0.9643101,186,115,330,388,111784,362225,0.0564568014705882,4,362225_111784_4,362225_111784
2201,person,0.9038088,493,125,587,253,111784,362225,0.0172794117647058,1,362225_111784_1,362225_111784
2202,person,0.83521074,374,147,461,224,111784,362225,0.0096205767463235,0,362225_111784_0,362225_111784
2203,vase,0.816054,791,187,883,403,111784,362225,0.0285386029411764,3,362225_111784_3,362225_111784
2204,chair,0.5768399999999999,295,231,523,538,111784,362225,0.1005227481617647,5,362225_111784_5,362225_111784
2205,person,0.996523,563,85,1052,544,111962,362225,0.3223388671875,1,362225_111962_1,362225_111962
2206,person,0.9718289,119,49,645,543,111962,362225,0.3731675091911765,2,362225_111962_2,362225_111962
2207,car,0.84042215,932,395,1023,455,111962,362225,0.0078412224264705,0,362225_111962_0,362225_111962
2208,person,0.9960277,842,277,946,502,112140,362225,0.0336052389705882,3,362225_112140_3,362225_112140
2209,person,0.9920399,712,286,788,498,112140,362225,0.0231387867647058,2,362225_112140_2,362225_112140
2210,person,0.99173987,450,30,859,544,112140,362225,0.3019100413602941,4,362225_112140_4,362225_112140
2211,person,0.96728253,28,5,501,534,112140,362225,0.3593419692095588,6,362225_112140_6,362225_112140
2212,car,0.8096760999999999,909,335,988,410,112140,362225,0.0085090188419117,0,362225_112140_0,362225_112140
2213,person,0.6257049,215,3,650,544,112140,362225,0.3379696116727941,5,362225_112140_5,362225_112140
2214,car,0.5676824,761,328,857,409,112140,362225,0.0111672794117647,1,362225_112140_1,362225_112140
2215,person,0.99411494,732,29,1073,540,112318,362225,0.2502455767463235,8,362225_112318_8,362225_112318
2216,person,0.9729624,486,71,797,519,112318,362225,0.2000919117647059,7,362225_112318_7,362225_112318
2217,person,0.93830365,1218,45,1280,275,112318,362225,0.0204790900735294,1,362225_112318_1,362225_112318
2218,person,0.88052016,1053,146,1150,283,112318,362225,0.0190846162683823,0,362225_112318_0,362225_112318
2219,person,0.84680194,611,0,806,347,112318,362225,0.0971751493566176,4,362225_112318_4,362225_112318
2220,person,0.8192785,630,2,815,221,112318,362225,0.0581844554227941,3,362225_112318_3,362225_112318
2221,person,0.79311055,286,1,397,143,112318,362225,0.0226361443014705,2,362225_112318_2,362225_112318
2222,person,0.73096436,535,65,790,402,112318,362225,0.1234130859375,6,362225_112318_6,362225_112318
2223,person,0.5933642,107,97,349,403,112318,362225,0.10634765625,5,362225_112318_5,362225_112318
2224,person,0.99536693,285,12,912,387,112496,362225,0.3376680261948529,6,362225_112496_6,362225_112496
2225,person,0.90174884,90,6,633,382,112496,362225,0.2932100183823529,5,362225_112496_5,362225_112496
2226,person,0.87898433,29,5,244,322,112496,362225,0.097878848805147,1,362225_112496_1,362225_112496
2227,person,0.84672606,44,5,464,357,112496,362225,0.2123161764705882,3,362225_112496_3,362225_112496
2228,person,0.7755274000000001,517,0,963,387,112496,362225,0.2478774126838235,4,362225_112496_4,362225_112496
2229,person,0.76347667,326,3,665,374,112496,362225,0.1806195427389706,2,362225_112496_2,362225_112496
2230,person,0.69998884,172,4,366,302,112496,362225,0.0830250459558823,0,362225_112496_0,362225_112496
2231,person,0.995751,20,0,123,211,112674,362225,0.0312112247242647,7,362225_112674_7,362225_112674
2232,person,0.96413314,1005,0,1091,191,112674,362225,0.0235897288602941,5,362225_112674_5,362225_112674
2233,car,0.94624716,229,106,280,152,112674,362225,0.003369140625,0,362225_112674_0,362225_112674
2234,car,0.8865061,342,70,444,163,112674,362225,0.013623046875,3,362225_112674_3,362225_112674
2235,person,0.8373649,693,8,849,284,112674,362225,0.0618336397058823,8,362225_112674_8,362225_112674
2236,person,0.8049635,834,0,888,190,112674,362225,0.0147346047794117,4,362225_112674_4,362225_112674
2237,person,0.7881218000000001,282,40,310,173,112674,362225,0.0053481158088235,1,362225_112674_1,362225_112674
2238,person,0.778329,902,25,1017,176,112674,362225,0.0249382467830882,6,362225_112674_6,362225_112674
2239,person,0.76185954,454,0,713,451,112674,362225,0.167751895680147,9,362225_112674_9,362225_112674
2240,person,0.5895465999999999,299,41,352,173,112674,362225,0.0100471047794117,2,362225_112674_2,362225_112674
2241,person,0.98067814,47,64,116,269,112852,362225,0.0203139361213235,0,362225_112852_0,362225_112852
2242,person,0.97706044,351,0,457,334,112852,362225,0.0508444393382352,5,362225_112852_5,362225_112852
2243,person,0.97588557,110,14,232,301,112852,362225,0.0502843520220588,4,362225_112852_4,362225_112852
2244,person,0.9690002,385,3,846,540,112852,362225,0.3555218864889706,8,362225_112852_8,362225_112852
2245,person,0.9594441,1020,9,1243,378,112852,362225,0.1181741153492647,7,362225_112852_7,362225_112852
2246,person,0.9474601,921,33,995,318,112852,362225,0.0302877987132352,2,362225_112852_2,362225_112852
2247,person,0.91373587,1228,3,1280,284,112852,362225,0.0209846047794117,1,362225_112852_1,362225_112852
2248,person,0.89656544,983,25,1070,310,112852,362225,0.0356086282169117,3,362225_112852_3,362225_112852
2249,person,0.5116167,1112,31,1254,382,112852,362225,0.0715791590073529,6,362225_112852_6,362225_112852
2250,person,0.9795554,446,0,1004,535,113208,362225,0.4287252987132353,3,362225_113208_3,362225_113208
2251,person,0.84022766,300,446,398,537,113208,362225,0.0128073299632352,2,362225_113208_2,362225_113208
2252,person,0.65107226,969,452,1006,535,113208,362225,0.0044103285845588,1,362225_113208_1,362225_113208
2253,person,0.5225665,213,427,240,494,113208,362225,0.0025979434742647,0,362225_113208_0,362225_113208
2254,person,0.98923826,624,5,1200,544,113386,362225,0.4458639705882353,4,362225_113386_4,362225_113386
2255,person,0.8452004999999999,280,403,337,507,113386,362225,0.0085133272058823,2,362225_113386_2,362225_113386
2256,person,0.81227803,535,454,573,543,113386,362225,0.0048569623161764,0,362225_113386_0,362225_113386
2257,person,0.7623249,248,386,287,499,113386,362225,0.0063289866727941,1,362225_113386_1,362225_113386
2258,person,0.6888299,570,432,648,538,113386,362225,0.0118738511029411,3,362225_113386_3,362225_113386
2259,person,0.9858415,510,0,1168,544,113564,362225,0.5140625,10,362225_113564_10,362225_113564
2260,person,0.969303,248,143,344,413,113564,362225,0.0372242647058823,7,362225_113564_7,362225_113564
2261,person,0.9610045,597,117,693,350,113564,362225,0.0321231617647058,6,362225_113564_6,362225_113564
2262,person,0.9470965,518,255,621,360,113564,362225,0.0155316521139705,0,362225_113564_0,362225_113564
2263,person,0.92993337,140,141,255,457,113564,362225,0.0521886488970588,8,362225_113564_8,362225_113564
2264,person,0.9069552,1198,190,1259,370,113564,362225,0.0157686121323529,1,362225_113564_1,362225_113564
2265,person,0.9048968,494,98,589,294,113564,362225,0.0267405790441176,5,362225_113564_5,362225_113564
2266,person,0.8750434000000001,272,226,444,532,113564,362225,0.0755859375,9,362225_113564_9,362225_113564
2267,chair,0.8038059000000001,1175,364,1275,525,113564,362225,0.0231215533088235,3,362225_113564_3,362225_113564
2268,person,0.7202165,332,227,445,383,113564,362225,0.0253159466911764,4,362225_113564_4,362225_113564
2269,handbag,0.505854,339,358,419,523,113564,362225,0.0189568014705882,2,362225_113564_2,362225_113564
2270,person,0.9971943,364,151,463,430,113742,362225,0.0396671070772058,7,362225_113742_7,362225_113742
2271,person,0.99503505,1155,159,1237,424,113742,362225,0.0312069163602941,5,362225_113742_5,362225_113742
2272,person,0.9948757,248,142,348,420,113742,362225,0.0399241727941176,8,362225_113742_8,362225_113742
2273,person,0.9882535,1049,162,1144,405,113742,362225,0.0331528607536764,6,362225_113742_6,362225_113742
2274,person,0.94789916,547,8,1172,524,113742,362225,0.4631491268382353,11,362225_113742_11,362225_113742
2275,person,0.9329873,562,172,661,380,113742,362225,0.0295726102941176,4,362225_113742_4,362225_113742
2276,person,0.9272185,468,248,588,505,113742,362225,0.044289981617647,9,362225_113742_9,362225_113742
2277,person,0.82778525,509,173,1126,531,113742,362225,0.3172190946691176,10,362225_113742_10,362225_113742
2278,person,0.70782906,663,275,761,376,113742,362225,0.0142147288602941,1,362225_113742_1,362225_113742
2279,person,0.69605005,414,378,509,539,113742,362225,0.0219654756433823,3,362225_113742_3,362225_113742
2280,car,0.66199803,222,294,267,344,113742,362225,0.0032312729779411,0,362225_113742_0,362225_113742
2281,handbag,0.58843726,475,377,566,544,113742,362225,0.0218247357536764,2,362225_113742_2,362225_113742
2282,person,0.9452708,765,231,1236,541,113920,362225,0.2096880744485294,7,362225_113920_7,362225_113920
2283,person,0.93436944,670,207,817,398,113920,362225,0.0403219784007352,4,362225_113920_4,362225_113920
2284,person,0.8645373,496,179,663,400,113920,362225,0.0530029296875,5,362225_113920_5,362225_113920
2285,person,0.7986853,805,227,1032,514,113920,362225,0.0935618681066176,6,362225_113920_6,362225_113920
2286,person,0.7919963000000001,342,207,444,347,113920,362225,0.0205078125,2,362225_113920_2,362225_113920
2287,person,0.7522943,308,207,385,337,113920,362225,0.0143755744485294,0,362225_113920_0,362225_113920
2288,person,0.72340375,317,214,421,348,113920,362225,0.0200137867647058,1,362225_113920_1,362225_113920
2289,person,0.63430524,574,115,663,283,113920,362225,0.0214728860294117,3,362225_113920_3,362225_113920
2290,person,0.9912437,105,170,166,339,114098,362225,0.0148049747242647,3,362225_114098_3,362225_114098
2291,person,0.9876403,599,265,688,451,114098,362225,0.0237735523897058,4,362225_114098_4,362225_114098
2292,person,0.98686546,215,220,339,539,114098,362225,0.0568072150735294,8,362225_114098_8,362225_114098
2293,person,0.92353946,593,11,1176,523,114098,362225,0.4286764705882353,9,362225_114098_9,362225_114098
2294,bench,0.88179326,320,320,487,425,114098,362225,0.0251823874080882,5,362225_114098_5,362225_114098
2295,person,0.83935636,325,240,387,322,114098,362225,0.0073012408088235,1,362225_114098_1,362225_114098
2296,dog,0.7582501,622,25,1229,535,114098,362225,0.444580078125,10,362225_114098_10,362225_114098
2297,person,0.7370846,457,262,580,424,114098,362225,0.028616153492647,6,362225_114098_6,362225_114098
2298,person,0.69910824,201,196,250,262,114098,362225,0.0046444163602941,0,362225_114098_0,362225_114098
2299,person,0.60393053,525,458,766,541,114098,362225,0.0287267348345588,7,362225_114098_7,362225_114098
2300,person,0.5143287,527,276,615,368,114098,362225,0.0116268382352941,2,362225_114098_2,362225_114098
2301,person,0.99235207,830,136,954,518,114276,362225,0.0680261948529411,5,362225_114276_5,362225_114276
2302,person,0.98878664,0,0,527,533,114276,362225,0.4033935546875,6,362225_114276_6,362225_114276
2303,person,0.9598424,909,252,1007,520,114276,362225,0.0377182904411764,3,362225_114276_3,362225_114276
2304,person,0.92319846,976,255,1077,513,114276,362225,0.0374224494485294,2,362225_114276_2,362225_114276
2305,person,0.91007304,409,321,473,432,114276,362225,0.0102022058823529,1,362225_114276_1,362225_114276
2306,person,0.71376556,342,353,407,429,114276,362225,0.0070944393382352,0,362225_114276_0,362225_114276
2307,person,0.5311276999999999,936,246,1065,522,114276,362225,0.0511316636029411,4,362225_114276_4,362225_114276
2308,person,0.99094653,447,68,587,532,114454,362225,0.0932904411764706,3,362225_114454_3,362225_114454
2309,person,0.9800832,643,0,1280,544,114454,362225,0.49765625,4,362225_114454_4,362225_114454
2310,person,0.8687855,373,115,452,221,114454,362225,0.0120260799632352,2,362225_114454_2,362225_114454
2311,person,0.83608294,310,106,364,220,114454,362225,0.008840762867647,1,362225_114454_1,362225_114454
2312,person,0.5669126,292,54,328,122,114454,362225,0.003515625,0,362225_114454_0,362225_114454
2313,person,0.9990107,999,87,1215,544,114632,362225,0.1417624080882353,1,362225_114632_1,362225_114632
2314,person,0.9981364,802,84,989,520,114632,362225,0.11708984375,0,362225_114632_0,362225_114632
2315,person,0.9822457,287,237,361,482,114810,362225,0.0260368795955882,0,362225_114810_0,362225_114810
2316,horse,0.93883616,484,241,822,530,114810,362225,0.140283203125,2,362225_114810_2,362225_114810
2317,person,0.85325944,827,308,1150,535,114810,362225,0.1052978515625,1,362225_114810_1,362225_114810
2318,vase,0.9279564,535,205,758,526,114988,362225,0.1028018727022058,0,362225_114988_0,362225_114988
2319,person,0.8582462,44,20,516,530,114988,362225,0.345703125,1,362225_114988_1,362225_114988
2320,person,0.99019194,60,19,729,544,115166,362225,0.5044017118566176,3,362225_115166_3,362225_115166
2321,person,0.94286066,922,154,1119,397,115166,362225,0.0687485638786764,2,362225_115166_2,362225_115166
2322,person,0.68435025,717,342,794,540,115166,362225,0.0218951056985294,1,362225_115166_1,362225_115166
2323,cell phone,0.52795994,219,198,312,313,115166,362225,0.015359317555147,0,362225_115166_0,362225_115166
2324,person,0.6901155,198,16,1116,530,115344,362225,0.67763671875,0,362225_115344_0,362225_115344
2325,person,0.9931466,371,186,499,544,115522,362225,0.0658088235294117,6,362225_115522_6,362225_115522
2326,person,0.99183863,414,10,1058,540,115522,362225,0.4901769301470588,7,362225_115522_7,362225_115522
2327,person,0.981075,929,316,1102,539,115522,362225,0.0554041245404411,5,362225_115522_5,362225_115522
2328,person,0.9803894,7,204,75,412,115522,362225,0.0203125,3,362225_115522_3,362225_115522
2329,person,0.9418079,261,306,354,460,115522,362225,0.0205681295955882,4,362225_115522_4,362225_115522
2330,person,0.8379975000000001,944,207,1039,345,115522,362225,0.0188275505514705,2,362225_115522_2,362225_115522
2331,person,0.76202255,1103,253,1184,353,115522,362225,0.0116325827205882,0,362225_115522_0,362225_115522
2332,person,0.6968135999999999,1199,147,1268,305,115522,362225,0.0156565946691176,1,362225_115522_1,362225_115522
2333,person,0.97603273,657,0,1270,540,115700,362225,0.4753848805147059,2,362225_115700_2,362225_115700
2334,person,0.97128075,461,66,535,243,115700,362225,0.0188103170955882,0,362225_115700_0,362225_115700
2335,person,0.53325313,394,60,477,247,115700,362225,0.0222900390625,1,362225_115700_1,362225_115700
2336,person,0.99285513,128,6,843,532,115878,362225,0.5401108685661765,2,362225_115878_2,362225_115878
2337,person,0.6677687,874,21,1030,157,115878,362225,0.03046875,1,362225_115878_1,362225_115878
2338,donut,0.6333291999999999,434,382,521,434,115878,362225,0.006497012867647,0,362225_115878_0,362225_115878
2339,person,0.9792682,558,0,1248,532,116056,362225,0.5271714154411765,2,362225_116056_2,362225_116056
2340,person,0.97184426,338,45,416,253,116056,362225,0.0232996323529411,1,362225_116056_1,362225_116056
2341,person,0.9666011999999998,409,66,484,245,116056,362225,0.0192799287683823,0,362225_116056_0,362225_116056
2342,person,0.9978204,465,34,1050,538,116234,362225,0.4234260110294117,8,362225_116234_8,362225_116234
2343,person,0.9925626,1165,215,1217,356,116234,362225,0.0105296415441176,1,362225_116234_1,362225_116234
2344,person,0.9928697,223,213,294,456,116234,362225,0.0247774011948529,3,362225_116234_3,362225_116234
2345,person,0.9880862,452,195,567,450,116234,362225,0.0421142578125,7,362225_116234_7,362225_116234
2346,person,0.96966785,134,196,219,449,116234,362225,0.0308837890625,4,362225_116234_4,362225_116234
2347,person,0.9240714,962,235,990,337,116234,362225,0.0041015625,0,362225_116234_0,362225_116234
2348,person,0.90606374,838,170,962,370,116234,362225,0.0356158088235294,6,362225_116234_6,362225_116234
2349,person,0.5965968,14,210,115,425,116234,362225,0.0311853745404411,5,362225_116234_5,362225_116234
2350,person,0.5703564,12,212,88,367,116234,362225,0.0169175091911764,2,362225_116234_2,362225_116234
2351,person,0.99868244,632,121,744,498,116412,362225,0.0606387867647058,4,362225_116412_4,362225_116412
2352,person,0.99827135,316,123,434,411,116412,362225,0.0488051470588235,3,362225_116412_3,362225_116412
2353,person,0.9795654,387,135,589,535,116412,362225,0.1160386029411764,5,362225_116412_5,362225_116412
2354,person,0.8306931999999999,1186,148,1268,285,116412,362225,0.0161333869485294,2,362225_116412_2,362225_116412
2355,person,0.8145939999999999,253,129,296,283,116412,362225,0.0095099954044117,1,362225_116412_1,362225_116412
2356,person,0.736784,746,371,785,445,116412,362225,0.0041446461397058,0,362225_116412_0,362225_116412
2357,car,0.5257166,0,0,873,406,116590,362225,0.5090159696691177,0,362225_116590_0,362225_116590
2358,person,0.6395041,89,0,757,542,116768,362225,0.5199563419117647,0,362225_116768_0,362225_116768
2359,person,0.88506293,467,19,1125,539,116946,362225,0.4913832720588235,0,362225_116946_0,362225_116946
2360,person,0.9276342,753,0,1278,544,117124,362225,0.41015625,0,362225_117124_0,362225_117124
2361,person,0.99456537,803,38,1279,544,117302,362225,0.3458984375,1,362225_117302_1,362225_117302
2362,person,0.98615557,22,28,515,544,117302,362225,0.36533203125,2,362225_117302_2,362225_117302
2363,person,0.54110855,302,155,748,543,117302,362225,0.2485179227941177,0,362225_117302_0,362225_117302
2364,person,0.96284956,426,82,872,543,117480,362225,0.2952751608455882,0,362225_117480_0,362225_117480
2365,person,0.9793138,339,12,948,544,117658,362225,0.4652860753676471,0,362225_117658_0,362225_117658
2366,person,0.9605788,472,23,891,544,117836,362225,0.313503848805147,0,362225_117836_0,362225_117836
2367,person,0.7963374,43,63,1124,526,118014,362225,0.7187830307904411,1,362225_118014_1,362225_118014
2368,person,0.6415095999999999,634,10,1213,534,118014,362225,0.4357134650735294,0,362225_118014_0,362225_118014
2369,person,0.9885279,14,44,821,530,118192,362225,0.5632496553308823,12,362225_118192_12,362225_118192
2370,person,0.980586,1234,185,1280,324,118192,362225,0.009182559742647,8,362225_118192_8,362225_118192
2371,car,0.9738255,485,242,867,454,118192,362225,0.1163028492647058,11,362225_118192_11,362225_118192
2372,person,0.96937895,976,183,1072,412,118192,362225,0.0315716911764705,10,362225_118192_10,362225_118192
2373,car,0.94819766,466,182,547,257,118192,362225,0.0087244370404411,6,362225_118192_6,362225_118192
2374,car,0.8907018,804,191,851,226,118192,362225,0.0023624195772058,3,362225_118192_3,362225_118192
2375,car,0.85314596,706,177,748,208,118192,362225,0.0018698299632352,1,362225_118192_1,362225_118192
2376,car,0.7816574000000001,609,177,704,242,118192,362225,0.0088680491727941,7,362225_118192_7,362225_118192
2377,car,0.7689366,558,180,594,206,118192,362225,0.0013442095588235,0,362225_118192_0,362225_118192
2378,car,0.71918714,1187,206,1226,247,118192,362225,0.0022963579963235,2,362225_118192_2,362225_118192
2379,person,0.66595596,943,199,995,379,118192,362225,0.0134420955882352,9,362225_118192_9,362225_118192
2380,car,0.6315881999999999,909,184,961,226,118192,362225,0.0031364889705882,4,362225_118192_4,362225_118192
2381,traffic light,0.514367,1123,177,1166,254,118192,362225,0.0047549977022058,5,362225_118192_5,362225_118192
2382,person,0.9930332,411,0,1114,530,118370,362225,0.5350844439338235,3,362225_118370_3,362225_118370
2383,person,0.98584336,233,161,389,525,118370,362225,0.0815487132352941,2,362225_118370_2,362225_118370
2384,person,0.927268,173,170,262,422,118370,362225,0.0322093290441176,1,362225_118370_1,362225_118370
2385,car,0.55556726,6,162,68,209,118370,362225,0.0041848575367647,0,362225_118370_0,362225_118370
2386,person,0.9637831,277,0,940,530,118548,362225,0.504638671875,3,362225_118548_3,362225_118548
2387,person,0.79230624,526,19,1158,537,118548,362225,0.4701516544117647,2,362225_118548_2,362225_118548
2388,person,0.78163946,0,199,93,484,118548,362225,0.038064395680147,0,362225_118548_0,362225_118548
2389,person,0.52580786,112,282,297,541,118548,362225,0.0688117532169117,1,362225_118548_1,362225_118548
2390,person,0.96216524,164,5,826,536,118904,362225,0.5048282398897059,1,362225_118904_1,362225_118904
2391,person,0.7041662,137,307,219,542,118904,362225,0.0276740579044117,0,362225_118904_0,362225_118904
2392,person,0.93602234,186,32,1067,536,119082,362225,0.6376723345588236,2,362225_119082_2,362225_119082
2393,person,0.87021095,168,3,748,531,119082,362225,0.4397977941176471,1,362225_119082_1,362225_119082
2394,person,0.6557592,666,160,1083,538,119082,362225,0.2263700597426471,0,362225_119082_0,362225_119082
2395,person,0.9987244,640,133,783,544,119260,362225,0.0844051585477941,2,362225_119260_2,362225_119260
2396,person,0.9554294,861,170,911,386,119260,362225,0.0155101102941176,1,362225_119260_1,362225_119260
2397,truck,0.76843023,479,0,877,495,119260,362225,0.2829302619485294,4,362225_119260_4,362225_119260
2398,person,0.7636429,997,193,1048,313,119260,362225,0.0087890625,0,362225_119260_0,362225_119260
2399,truck,0.6975138000000001,31,0,812,526,119260,362225,0.5899672564338235,5,362225_119260_5,362225_119260
2400,car,0.5471229999999999,1076,180,1277,479,119260,362225,0.0863094554227941,3,362225_119260_3,362225_119260
2401,person,0.9730459,391,8,1237,540,119438,362225,0.6463579963235294,1,362225_119438_1,362225_119438
2402,person,0.66759205,1126,101,1276,515,119438,362225,0.0891831341911764,0,362225_119438_0,362225_119438
2403,person,0.9960515,672,78,1195,539,119616,362225,0.3462531594669117,11,362225_119616_11,362225_119616
2404,person,0.9938676,235,180,550,536,119616,362225,0.1610466452205882,10,362225_119616_10,362225_119616
2405,person,0.9873613,552,283,599,411,119616,362225,0.0086397058823529,4,362225_119616_4,362225_119616
2406,person,0.9536309,752,249,899,399,119616,362225,0.0316664751838235,9,362225_119616_9,362225_119616
2407,car,0.95144683,689,287,757,332,119616,362225,0.00439453125,2,362225_119616_2,362225_119616
2408,car,0.8824579,1077,279,1236,406,119616,362225,0.0289995978860294,8,362225_119616_8,362225_119616
2409,person,0.8379402,1210,268,1278,538,119616,362225,0.0263671875,7,362225_119616_7,362225_119616
2410,car,0.78649604,737,283,789,328,119616,362225,0.0033605238970588,1,362225_119616_1,362225_119616
2411,car,0.7329191999999999,659,285,707,325,119616,362225,0.0027573529411764,0,362225_119616_0,362225_119616
2412,car,0.69600964,475,288,570,341,119616,362225,0.0072308708639705,3,362225_119616_3,362225_119616
2413,person,0.6878714,1066,287,1123,409,119616,362225,0.0099867876838235,6,362225_119616_6,362225_119616
2414,truck,0.6780527,613,238,686,324,119616,362225,0.0090159696691176,5,362225_119616_5,362225_119616
2415,person,0.99729234,216,24,636,540,119794,362225,0.3112362132352941,5,362225_119794_5,362225_119794
2416,person,0.98550874,675,24,1201,536,119794,362225,0.3867647058823529,6,362225_119794_6,362225_119794
2417,person,0.9777934,677,148,746,364,119794,362225,0.0214039522058823,4,362225_119794_4,362225_119794
2418,person,0.7830665,274,166,338,303,119794,362225,0.0125919117647058,3,362225_119794_3,362225_119794
2419,person,0.7128371,341,152,406,248,119794,362225,0.0089613970588235,2,362225_119794_2,362225_119794
2420,person,0.5450646,646,173,686,272,119794,362225,0.0056870404411764,0,362225_119794_0,362225_119794
2421,car,0.51321304,1079,131,1194,166,119794,362225,0.0057803883272058,1,362225_119794_1,362225_119794
2422,person,0.9908552,510,0,961,536,119972,362225,0.3471622242647059,0,362225_119972_0,362225_119972
2423,person,0.9282591999999998,542,26,1048,532,120150,362225,0.3676987591911765,3,362225_120150_3,362225_120150
2424,car,0.85546416,1,236,247,383,120150,362225,0.0519330193014705,0,362225_120150_0,362225_120150
2425,person,0.63714117,328,25,979,544,120150,362225,0.4852208754595588,4,362225_120150_4,362225_120150
2426,mouse,0.6280934,918,134,1279,522,120150,362225,0.2011546415441176,2,362225_120150_2,362225_120150
2427,car,0.6088560000000001,5,265,502,544,120150,362225,0.1991368910845588,1,362225_120150_1,362225_120150
2428,cat,0.67986494,136,1,891,531,120328,362225,0.5746639476102942,0,362225_120328_0,362225_120328
2429,person,0.9742882,727,18,1267,544,120506,362225,0.4079159007352941,12,362225_120506_12,362225_120506
2430,car,0.96715486,512,398,576,448,120506,362225,0.0045955882352941,4,362225_120506_4,362225_120506
2431,car,0.9661941,547,393,741,512,120506,362225,0.033154296875,10,362225_120506_10,362225_120506
2432,person,0.9373893,203,388,255,522,120506,362225,0.0100068933823529,7,362225_120506_7,362225_120506
2433,car,0.9105787,364,399,463,435,120506,362225,0.0051183363970588,6,362225_120506_6,362225_120506
2434,car,0.8821723,39,398,252,527,120506,362225,0.0394603056066176,11,362225_120506_11,362225_120506
2435,car,0.85532075,304,402,347,431,120506,362225,0.0017908432904411,2,362225_120506_2,362225_120506
2436,car,0.75084275,241,403,273,434,120506,362225,0.0014246323529411,1,362225_120506_1,362225_120506
2437,car,0.6971978,440,390,507,428,120506,362225,0.0036563648897058,3,362225_120506_3,362225_120506
2438,car,0.6973415,339,391,424,430,120506,362225,0.0047607421875,5,362225_120506_5,362225_120506
2439,car,0.5570829,20,417,210,521,120506,362225,0.0283777573529411,9,362225_120506_9,362225_120506
2440,car,0.5568788,280,406,313,427,120506,362225,0.0009952320772058,0,362225_120506_0,362225_120506
2441,car,0.5441251,46,387,227,470,120506,362225,0.0215748506433823,8,362225_120506_8,362225_120506
2442,car,0.9855576,803,204,1111,400,120684,362225,0.0866957720588235,0,362225_120684_0,362225_120684
2443,car,0.9317902,55,197,637,493,120684,362225,0.2474034926470588,1,362225_120684_1,362225_120684
2444,book,0.90211195,289,0,917,534,120862,362225,0.4816061580882353,1,362225_120862_1,362225_120862
2445,keyboard,0.5867854,1133,457,1270,544,120862,362225,0.017117130055147,0,362225_120862_0,362225_120862
2446,book,0.80434674,394,0,980,540,121040,362225,0.4544462316176471,1,362225_121040_1,362225_121040
2447,person,0.7485129,18,0,530,516,121040,362225,0.3794117647058824,0,362225_121040_0,362225_121040
2448,laptop,0.5716998000000001,297,11,959,541,121040,362225,0.5038775275735294,2,362225_121040_2,362225_121040
2449,person,0.954434,143,3,649,530,121218,362225,0.382958984375,1,362225_121218_1,362225_121218
2450,person,0.50340134,4,1,77,180,121218,362225,0.0187657973345588,0,362225_121218_0,362225_121218
2451,bench,0.8993949,262,343,343,380,121396,362225,0.0043040556066176,0,362225_121396_0,362225_121396
2452,person,0.99453765,167,23,1079,536,121574,362225,0.6718979779411764,0,362225_121574_0,362225_121574
2453,person,0.98672664,169,0,1046,544,121752,362225,0.68515625,0,362225_121752_0,362225_121752
2454,person,0.9792309,154,10,1050,544,121930,362225,0.6871323529411765,0,362225_121930_0,362225_121930
2455,person,0.9805177,108,0,1004,544,122108,362225,0.7,1,362225_122108_1,362225_122108
2456,apple,0.57013875,142,219,345,373,122108,362225,0.0448960248161764,0,362225_122108_0,362225_122108
2457,person,0.98968,142,0,1056,544,122286,362225,0.7140625,0,362225_122286_0,362225_122286
2458,person,0.975321,148,0,993,544,122464,362225,0.66015625,0,362225_122464_0,362225_122464
2459,person,0.99235356,143,17,1091,544,122642,362225,0.71748046875,0,362225_122642_0,362225_122642
2460,person,0.9977671,807,80,1199,533,122820,362225,0.2550206801470588,1,362225_122820_1,362225_122820
2461,person,0.99241346,114,102,558,539,122820,362225,0.2786477481617647,2,362225_122820_2,362225_122820
2462,bench,0.71551895,1212,422,1280,456,122820,362225,0.0033203125,0,362225_122820_0,362225_122820
2463,person,0.99070686,165,1,1075,544,122998,362225,0.7096306295955882,0,362225_122998_0,362225_122998
2464,person,0.9744999,134,0,1014,544,123176,362225,0.6875,1,362225_123176_1,362225_123176
2465,person,0.74306035,381,0,887,544,123176,362225,0.3953125,0,362225_123176_0,362225_123176
2466,person,0.97899044,156,12,1059,543,123354,362225,0.6886101217830882,0,362225_123354_0,362225_123354
2467,person,0.9665375,153,0,1005,544,123532,362225,0.665625,0,362225_123532_0,362225_123532
2468,person,0.98633206,160,11,1083,544,123710,362225,0.7065128102022059,0,362225_123710_0,362225_123710
2469,person,0.98332894,533,216,605,435,123888,362225,0.0226447610294117,1,362225_123888_1,362225_123888
2470,person,0.78165483,633,352,652,448,123888,362225,0.0026194852941176,0,362225_123888_0,362225_123888
2471,person,0.99288976,831,16,1118,544,124066,362225,0.2176240808823529,6,362225_124066_6,362225_124066
2472,person,0.98177403,521,66,857,516,124066,362225,0.217141544117647,5,362225_124066_5,362225_124066
2473,person,0.9443132,0,154,99,319,124066,362225,0.0234590418198529,0,362225_124066_0,362225_124066
2474,person,0.90185314,172,112,529,468,124066,362225,0.18251953125,4,362225_124066_4,362225_124066
2475,person,0.8417040000000001,103,119,272,365,124066,362225,0.0597053079044117,3,362225_124066_3,362225_124066
2476,person,0.7133901,1058,169,1235,290,124066,362225,0.0307574103860294,1,362225_124066_1,362225_124066
2477,person,0.7030346,819,243,898,518,124066,362225,0.0311997357536764,2,362225_124066_2,362225_124066
2478,person,0.53651845,178,67,662,503,124066,362225,0.3030560661764706,7,362225_124066_7,362225_124066
2479,person,0.9835666,510,53,985,534,124244,362225,0.3281178193933824,5,362225_124244_5,362225_124244
2480,person,0.9830156,1118,223,1226,454,124244,362225,0.0358283547794117,2,362225_124244_2,362225_124244
2481,person,0.95517963,12,108,320,423,124244,362225,0.1393324908088235,4,362225_124244_4,362225_124244
2482,person,0.88557094,1052,219,1155,362,124244,362225,0.0211526309742647,0,362225_124244_0,362225_124244
2483,handbag,0.80776024,816,334,1152,544,124244,362225,0.1013327205882353,3,362225_124244_3,362225_124244
2484,person,0.64260566,125,20,231,177,124244,362225,0.0238999310661764,1,362225_124244_1,362225_124244
2485,person,0.99662495,411,32,883,544,124422,362225,0.3470588235294117,9,362225_124422_9,362225_124422
2486,person,0.9851757,1035,96,1280,510,124422,362225,0.1456657858455882,8,362225_124422_8,362225_124422
2487,person,0.7860399,56,201,215,396,124422,362225,0.0445269416360294,4,362225_124422_4,362225_124422
2488,chair,0.7596537,294,414,459,541,124422,362225,0.0300939223345588,3,362225_124422_3,362225_124422
2489,person,0.6923524,153,164,286,319,124422,362225,0.0296056410845588,2,362225_124422_2,362225_124422
2490,person,0.6506564,1189,13,1280,234,124422,362225,0.0288818359375,1,362225_124422_1,362225_124422
2491,person,0.6259654,245,241,462,402,124422,362225,0.050173770680147,5,362225_124422_5,362225_124422
2492,person,0.58850825,1190,16,1277,151,124422,362225,0.0168672449448529,0,362225_124422_0,362225_124422
2493,person,0.5326122,124,176,285,396,124422,362225,0.0508674172794117,6,362225_124422_6,362225_124422
2494,person,0.5058261,179,169,454,390,124422,362225,0.0872802734375,7,362225_124422_7,362225_124422
2495,person,0.99161386,335,58,844,537,124600,362225,0.3501421760110294,11,362225_124600_11,362225_124600
2496,person,0.9681844,969,125,1280,382,124600,362225,0.1147848690257353,10,362225_124600_10,362225_124600
2497,person,0.9086697,133,207,295,473,124600,362225,0.0618853400735294,7,362225_124600_7,362225_124600
2498,person,0.8247249,771,113,881,216,124600,362225,0.0162712545955882,1,362225_124600_1,362225_124600
2499,chair,0.8091799,287,409,383,542,124600,362225,0.0183363970588235,2,362225_124600_2,362225_124600
2500,person,0.80663997,1,171,95,287,124600,362225,0.0156594669117647,0,362225_124600_0,362225_124600
2501,person,0.74074876,856,234,997,370,124600,362225,0.0275390625,4,362225_124600_4,362225_124600
2502,chair,0.72766685,292,273,537,382,124600,362225,0.0383516199448529,6,362225_124600_6,362225_124600
2503,person,0.72282064,152,109,240,259,124600,362225,0.0189568014705882,3,362225_124600_3,362225_124600
2504,person,0.7196111999999999,960,176,1098,322,124600,362225,0.0289349724264705,5,362225_124600_5,362225_124600
2505,chair,0.7095855,869,392,1278,540,124600,362225,0.0869312959558823,9,362225_124600_9,362225_124600
2506,person,0.63724107,0,165,125,528,124600,362225,0.065164005055147,8,362225_124600_8,362225_124600
2507,person,0.9885683,373,77,853,533,124778,362225,0.3143382352941176,10,362225_124778_10,362225_124778
2508,person,0.9806008,10,62,250,404,124778,362225,0.1178768382352941,9,362225_124778_9,362225_124778
2509,person,0.9668637,251,202,417,438,124778,362225,0.0562614889705882,7,362225_124778_7,362225_124778
2510,person,0.91326475,160,336,265,464,124778,362225,0.0193014705882352,0,362225_124778_0,362225_124778
2511,person,0.86752534,737,153,858,331,124778,362225,0.0309311810661764,3,362225_124778_3,362225_124778
2512,person,0.8191758000000001,707,4,854,241,124778,362225,0.0500330307904411,6,362225_124778_6,362225_124778
2513,person,0.79902005,836,36,940,310,124778,362225,0.0409237132352941,5,362225_124778_5,362225_124778
2514,person,0.73186725,674,178,835,336,124778,362225,0.0365320542279411,4,362225_124778_4,362225_124778
2515,person,0.68301874,927,308,1277,536,124778,362225,0.114602481617647,8,362225_124778_8,362225_124778
2516,chair,0.52734095,790,361,888,544,124778,362225,0.0257553998161764,2,362225_124778_2,362225_124778
2517,person,0.5049272,670,202,786,319,124778,362225,0.0194910386029411,1,362225_124778_1,362225_124778
2518,person,0.9929316,23,0,501,539,124956,362225,0.3700051700367647,7,362225_124956_7,362225_124956
2519,person,0.9788898,820,24,957,338,124956,362225,0.0617790670955882,2,362225_124956_2,362225_124956
2520,person,0.9729231,834,71,1125,510,124956,362225,0.1834630629595589,6,362225_124956_6,362225_124956
2521,person,0.93895763,962,22,1062,237,124956,362225,0.0308766084558823,0,362225_124956_0,362225_124956
2522,person,0.9145541,493,174,629,353,124956,362225,0.0349609375,1,362225_124956_1,362225_124956
2523,person,0.82586443,988,86,1203,317,124956,362225,0.0713249655330882,4,362225_124956_4,362225_124956
2524,person,0.7243175000000001,2,30,151,472,124956,362225,0.094580078125,5,362225_124956_5,362225_124956
2525,person,0.71666366,471,173,646,453,124956,362225,0.0703699448529411,3,362225_124956_3,362225_124956
2526,person,0.99872905,450,7,644,534,125134,362225,0.146826171875,4,362225_125134_4,362225_125134
2527,person,0.86940354,0,238,313,536,125134,362225,0.1339527803308823,3,362225_125134_3,362225_125134
2528,person,0.83023065,1,240,104,444,125134,362225,0.03017578125,1,362225_125134_1,362225_125134
2529,chair,0.7345168000000001,93,194,201,323,125134,362225,0.0200080422794117,0,362225_125134_0,362225_125134
2530,person,0.61104697,2,238,198,480,125134,362225,0.068118106617647,2,362225_125134_2,362225_125134
2531,person,0.9952246,445,14,855,543,125312,362225,0.3114803538602941,3,362225_125312_3,362225_125312
2532,person,0.9790508,760,151,1119,542,125312,362225,0.2015869140625,2,362225_125312_2,362225_125312
2533,person,0.7383468000000001,729,168,900,333,125312,362225,0.0405201631433823,0,362225_125312_0,362225_125312
2534,person,0.60192746,723,179,895,486,125312,362225,0.075832950367647,1,362225_125312_1,362225_125312
2535,person,0.99571437,440,44,866,541,125490,362225,0.3040584788602941,6,362225_125490_6,362225_125490
2536,person,0.96671396,786,162,964,472,125490,362225,0.0792451746323529,5,362225_125490_5,362225_125490
2537,person,0.9408543,1185,179,1280,364,125490,362225,0.0252398322610294,1,362225_125490_1,362225_125490
2538,person,0.93553144,992,161,1120,471,125490,362225,0.056985294117647,4,362225_125490_4,362225_125490
2539,person,0.8980572,1141,348,1277,540,125490,362225,0.0375,3,362225_125490_3,362225_125490
2540,person,0.8621668,1016,385,1165,544,125490,362225,0.0340231502757352,2,362225_125490_2,362225_125490
2541,person,0.80695945,1084,171,1167,374,125490,362225,0.024197208180147,0,362225_125490_0,362225_125490
2542,person,0.9950263,24,11,494,528,125668,362225,0.3489631204044117,6,362225_125668_6,362225_125668
2543,person,0.9860408000000002,690,140,929,423,125668,362225,0.0971349379595588,5,362225_125668_5,362225_125668
2544,person,0.97401434,1005,105,1081,384,125668,362225,0.0304515165441176,3,362225_125668_3,362225_125668
2545,person,0.9288959,841,78,953,306,125668,362225,0.036672794117647,4,362225_125668_4,362225_125668
2546,person,0.87809324,600,122,689,283,125668,362225,0.0205781824448529,2,362225_125668_2,362225_125668
2547,person,0.8757504999999999,1237,208,1280,535,125668,362225,0.020193301930147,1,362225_125668_1,362225_125668
2548,person,0.6096186,523,148,588,270,125668,362225,0.0113884420955882,0,362225_125668_0,362225_125668
2549,person,0.98533046,2,3,359,522,125846,362225,0.2660888671875,1,362225_125846_1,362225_125846
2550,person,0.9027037,558,50,1027,441,125846,362225,0.2633544921875,0,362225_125846_0,362225_125846
2551,tv,0.613171,223,0,1222,530,125846,362225,0.7603831571691176,2,362225_125846_2,362225_125846
2552,person,0.99489427,275,0,1074,544,126024,362225,0.62421875,0,362225_126024_0,362225_126024
2553,person,0.9463458,885,0,1280,527,126202,362225,0.2989501953125,3,362225_126202_3,362225_126202
2554,person,0.9147606,369,11,888,531,126202,362225,0.3875804227941176,5,362225_126202_5,362225_126202
2555,person,0.89442176,178,22,400,292,126202,362225,0.0860811121323529,2,362225_126202_2,362225_126202
2556,person,0.87638533,714,158,1263,544,126202,362225,0.3043342141544117,4,362225_126202_4,362225_126202
2557,person,0.81412303,60,34,209,338,126202,362225,0.0650505514705882,1,362225_126202_1,362225_126202
2558,person,0.6843406,368,38,454,168,126202,362225,0.0160558363970588,0,362225_126202_0,362225_126202
2559,person,0.9904827,247,0,1086,529,126380,362225,0.6373951631433824,0,362225_126380_0,362225_126380
2560,person,0.99797934,638,11,855,544,126558,362225,0.1661032284007353,4,362225_126558_4,362225_126558
2561,person,0.9946484,209,19,517,544,126558,362225,0.2322208180147059,5,362225_126558_5,362225_126558
2562,person,0.9718506,522,296,579,438,126558,362225,0.011623965992647,2,362225_126558_2,362225_126558
2563,vase,0.8390644,816,392,943,518,126558,362225,0.0229808134191176,3,362225_126558_3,362225_126558
2564,person,0.701394,562,297,600,424,126558,362225,0.0069307215073529,1,362225_126558_1,362225_126558
2565,person,0.6976245,626,363,668,455,126558,362225,0.0055491727941176,0,362225_126558_0,362225_126558
2566,person,0.9708232,43,6,612,544,126736,362225,0.4396283318014706,1,362225_126736_1,362225_126736
2567,person,0.72656864,1,0,221,544,126736,362225,0.171875,0,362225_126736_0,362225_126736
2568,person,0.9889081,751,4,1164,544,126914,362225,0.3202837775735294,4,362225_126914_4,362225_126914
2569,person,0.98180515,468,28,861,534,126914,362225,0.2855842141544117,3,362225_126914_3,362225_126914
2570,person,0.9522345,60,14,589,536,126914,362225,0.3965676700367647,6,362225_126914_6,362225_126914
2571,person,0.9194578,947,28,1252,531,126914,362225,0.2203225528492647,2,362225_126914_2,362225_126914
2572,person,0.86145025,1047,3,1194,202,126914,362225,0.0420108570772058,0,362225_126914_0,362225_126914
2573,person,0.6669552,228,0,685,540,126914,362225,0.3544060202205882,5,362225_126914_5,362225_126914
2574,person,0.6471093000000001,1172,49,1280,530,126914,362225,0.0746036305147058,1,362225_126914_1,362225_126914
2575,person,0.9855737,473,5,1083,535,127092,362225,0.4642980238970588,4,362225_127092_4,362225_127092
2576,person,0.9640015,65,0,570,540,127092,362225,0.3916302849264705,3,362225_127092_3,362225_127092
2577,person,0.94986206,891,0,1262,531,127092,362225,0.2829173368566176,2,362225_127092_2,362225_127092
2578,person,0.7454310000000001,41,115,261,445,127092,362225,0.1042624080882353,0,362225_127092_0,362225_127092
2579,person,0.72049767,0,106,360,534,127092,362225,0.2212775735294117,1,362225_127092_1,362225_127092
2580,person,0.6719396,235,0,845,544,127092,362225,0.4765625,5,362225_127092_5,362225_127092
2581,person,0.97413516,1056,55,1279,517,127270,362225,0.1479578354779411,4,362225_127270_4,362225_127270
2582,person,0.95831996,606,60,1126,535,127270,362225,0.3547219669117647,5,362225_127270_5,362225_127270
2583,person,0.93356365,24,433,234,541,127270,362225,0.032571231617647,0,362225_127270_0,362225_127270
2584,person,0.83709943,973,42,1200,463,127270,362225,0.1372458065257353,3,362225_127270_3,362225_127270
2585,microwave,0.80996287,314,379,713,537,127270,362225,0.0905359604779411,2,362225_127270_2,362225_127270
2586,person,0.6165459,1129,115,1277,524,127270,362225,0.0869312959558823,1,362225_127270_1,362225_127270
2587,person,0.9459198,518,206,1144,527,127448,362225,0.2885828354779412,0,362225_127448_0,362225_127448
2588,person,0.99116206,491,49,823,528,127626,362225,0.2283835018382353,5,362225_127626_5,362225_127626
2589,person,0.9819249,968,65,1280,535,127626,362225,0.2105928308823528,4,362225_127626_4,362225_127626
2590,person,0.9772668,34,60,630,536,127626,362225,0.407421875,8,362225_127626_8,362225_127626
2591,person,0.91213936,928,96,1087,498,127626,362225,0.0917940027573529,3,362225_127626_3,362225_127626
2592,person,0.7693800999999999,706,140,850,413,127626,362225,0.0564568014705882,1,362225_127626_1,362225_127626
2593,person,0.6895049,1217,8,1280,161,127626,362225,0.0138427734375,0,362225_127626_0,362225_127626
2594,person,0.6336368,316,55,783,500,127626,362225,0.2984475528492647,7,362225_127626_7,362225_127626
2595,person,0.61379826,895,179,1026,515,127626,362225,0.0632123161764705,2,362225_127626_2,362225_127626
2596,person,0.5542557,0,98,401,516,127626,362225,0.2407197840073529,6,362225_127626_6,362225_127626
2597,person,0.8892555,0,0,942,533,127804,362225,0.7210564108455882,0,362225_127804_0,362225_127804
2598,person,0.545088,176,23,1280,524,127982,362225,0.7943244485294118,0,362225_127982_0,362225_127982
2599,tv,0.99344206,103,83,390,261,128160,362225,0.0733656939338235,1,362225_128160_1,362225_128160
2600,person,0.9828569,107,233,386,536,128160,362225,0.1214053883272058,4,362225_128160_4,362225_128160
2601,person,0.9800544,850,183,1119,424,128160,362225,0.0931023092830882,2,362225_128160_2,362225_128160
2602,person,0.96621925,606,234,853,542,128160,362225,0.1092543658088235,3,362225_128160_3,362225_128160
2603,person,0.9441588,1049,211,1225,411,128160,362225,0.0505514705882352,0,362225_128160_0,362225_128160
2604,person,0.9639376,668,47,1069,540,128338,362225,0.2839111328125,2,362225_128338_2,362225_128338
2605,cup,0.7360119,996,33,1280,479,128338,362225,0.1819048713235294,0,362225_128338_0,362225_128338
2606,person,0.6577689999999999,895,53,1238,507,128338,362225,0.223635684742647,1,362225_128338_1,362225_128338
2607,person,0.52249104,475,36,1139,516,128338,362225,0.4577205882352941,3,362225_128338_3,362225_128338
2608,person,0.51894027,207,39,996,539,128338,362225,0.5665498621323529,4,362225_128338_4,362225_128338
2609,person,0.99902594,215,66,605,544,128516,362225,0.2677217371323529,1,362225_128516_1,362225_128516
2610,clock,0.966291,1003,248,1085,398,128516,362225,0.0176642922794117,0,362225_128516_0,362225_128516
2611,person,0.995641,287,21,806,542,128694,362225,0.3883257697610294,2,362225_128694_2,362225_128694
2612,person,0.6349322,917,332,956,404,128694,362225,0.0040326286764705,1,362225_128694_1,362225_128694
2613,car,0.56538284,249,161,312,204,128694,362225,0.0038904526654411,0,362225_128694_0,362225_128694
2614,person,0.99540883,249,24,782,539,128872,362225,0.3942081227022059,1,362225_128872_1,362225_128872
2615,person,0.58538705,844,325,895,415,128872,362225,0.006591796875,0,362225_128872_0,362225_128872
2616,person,0.99433243,177,48,758,534,129050,362225,0.4055118336397059,0,362225_129050_0,362225_129050
2617,person,0.9789956,115,36,882,544,129228,362225,0.5595645680147059,0,362225_129228_0,362225_129228
2618,person,0.99385935,512,17,873,544,129406,362225,0.2732177734375,0,362225_129406_0,362225_129406
2619,person,0.9510305,19,85,442,544,129406,362225,0.2788330078125,1,362225_129406_1,362225_129406
2620,person,0.9965341,684,44,1084,540,129584,362225,0.2849264705882353,0,362225_129584_0,362225_129584
2621,person,0.7579699000000001,33,15,646,544,129584,362225,0.4657011144301471,1,362225_129584_1,362225_129584
2622,person,0.99040097,564,102,743,399,129762,362225,0.0763485179227941,0,362225_129762_0,362225_129762
2623,person,0.98768413,792,289,1080,540,129762,362225,0.1038143382352941,1,362225_129762_1,362225_129762
2624,person,0.99265337,1085,59,1240,450,129940,362225,0.0870361328125,1,362225_129940_1,362225_129940
2625,person,0.90687966,602,59,745,372,129940,362225,0.0642793543198529,0,362225_129940_0,362225_129940
2626,chair,0.74787366,161,184,652,529,129940,362225,0.2432717715992647,2,362225_129940_2,362225_129940
2627,person,0.9725864,1071,137,1191,354,130118,362225,0.0373965992647058,2,362225_130118_2,362225_130118
2628,dog,0.74917805,407,177,543,349,130118,362225,0.03359375,1,362225_130118_1,362225_130118
2629,chair,0.70740825,0,440,138,539,130118,362225,0.0196202895220588,0,362225_130118_0,362225_130118
2630,person,0.99563366,321,0,852,534,130296,362225,0.4072179457720588,3,362225_130296_3,362225_130296
2631,person,0.99354607,26,138,165,534,130296,362225,0.0790498621323529,1,362225_130296_1,362225_130296
2632,cell phone,0.93235826,885,438,946,527,130296,362225,0.0077967026654411,0,362225_130296_0,362225_130296
2633,chair,0.5284174,215,213,483,507,130296,362225,0.1131548713235294,2,362225_130296_2,362225_130296
2634,person,0.98005736,122,0,539,517,130474,362225,0.3096119600183824,0,362225_130474_0,362225_130474
2635,person,0.9972777,444,118,598,543,130652,362225,0.093994140625,3,362225_130652_3,362225_130652
2636,person,0.97043365,762,40,1276,516,130652,362225,0.3513671875,4,362225_130652_4,362225_130652
2637,person,0.94301605,1089,116,1178,353,130652,362225,0.0302921070772058,1,362225_130652_1,362225_130652
2638,person,0.88181394,755,62,856,476,130652,362225,0.0600499770220588,2,362225_130652_2,362225_130652
2639,person,0.61770475,760,73,836,290,130652,362225,0.023684512867647,0,362225_130652_0,362225_130652
2640,person,0.99775714,669,50,792,477,130830,362225,0.0754265280330882,1,362225_130830_1,362225_130830
2641,person,0.9958787,841,22,1258,534,130830,362225,0.3066176470588235,2,362225_130830_2,362225_130830
2642,person,0.9951089,150,64,616,544,130830,362225,0.3212316176470588,3,362225_130830_3,362225_130830
2643,person,0.8929036,790,87,851,307,130830,362225,0.0192727481617647,0,362225_130830_0,362225_130830
2644,person,0.9982668,754,66,941,544,131008,362225,0.128369140625,4,362225_131008_4,362225_131008
2645,person,0.99348205,700,37,787,343,131008,362225,0.038232421875,3,362225_131008_3,362225_131008
2646,person,0.9923505,245,36,771,536,131008,362225,0.3776999080882353,5,362225_131008_5,362225_131008
2647,person,0.8083704,1093,79,1122,147,131008,362225,0.00283203125,0,362225_131008_0,362225_131008
2648,person,0.73661065,1046,83,1079,160,131008,362225,0.0036491842830882,1,362225_131008_1,362225_131008
2649,person,0.7233005,917,82,951,221,131008,362225,0.006787109375,2,362225_131008_2,362225_131008
2650,person,0.9960147,828,51,1243,534,131186,362225,0.2878633386948529,5,362225_131186_5,362225_131186
2651,person,0.982971,531,113,620,387,131186,362225,0.0350212545955882,2,362225_131186_2,362225_131186
2652,person,0.98012495,78,83,512,536,131186,362225,0.2823443244485294,4,362225_131186_4,362225_131186
2653,tie,0.9678581,864,309,985,533,131186,362225,0.0389246323529411,3,362225_131186_3,362225_131186
2654,person,0.82896256,660,126,704,257,131186,362225,0.0082778033088235,1,362225_131186_1,362225_131186
2655,person,0.69738966,630,141,660,259,131186,362225,0.0050838694852941,0,362225_131186_0,362225_131186
2656,person,0.99623114,867,60,1276,540,131364,362225,0.2819393382352941,4,362225_131364_4,362225_131364
2657,person,0.9929715,72,61,534,544,131364,362225,0.3204647288602941,5,362225_131364_5,362225_131364
2658,person,0.9763716999999998,570,112,661,376,131364,362225,0.0345013786764705,2,362225_131364_2,362225_131364
2659,tie,0.84967643,906,339,1023,534,131364,362225,0.0327651079963235,1,362225_131364_1,362225_131364
2660,tie,0.56934977,902,279,1087,522,131364,362225,0.0645608340992647,3,362225_131364_3,362225_131364
2661,person,0.55673647,559,104,634,349,131364,362225,0.0263887293198529,0,362225_131364_0,362225_131364
2662,person,0.99518377,840,35,1276,544,131542,362225,0.3187097886029412,3,362225_131542_3,362225_131542
2663,person,0.9934228,576,77,666,348,131542,362225,0.0350269990808823,0,362225_131542_0,362225_131542
2664,person,0.99018914,81,47,570,538,131542,362225,0.3448112936580882,4,362225_131542_4,362225_131542
2665,tie,0.86173594,870,338,1002,542,131542,362225,0.038671875,1,362225_131542_1,362225_131542
2666,tie,0.77118975,872,283,1059,544,131542,362225,0.0700927734375,2,362225_131542_2,362225_131542
2667,person,0.9952727,822,51,1252,538,131720,362225,0.3007381663602941,4,362225_131720_4,362225_131720
2668,person,0.9946327,575,91,652,363,131720,362225,0.030078125,0,362225_131720_0,362225_131720
2669,person,0.99248743,14,57,473,529,131720,362225,0.3111328125,5,362225_131720_5,362225_131720
2670,tie,0.8116267,853,349,974,537,131720,362225,0.032668887867647,2,362225_131720_2,362225_131720
2671,tie,0.6921717,848,280,1045,540,131720,362225,0.0735581341911764,3,362225_131720_3,362225_131720
2672,tie,0.5623871,300,332,410,526,131720,362225,0.0306468290441176,1,362225_131720_1,362225_131720
2673,person,0.99230826,829,45,1280,540,131898,362225,0.3206069048713235,5,362225_131898_5,362225_131898
2674,person,0.9875822,35,82,476,538,131898,362225,0.2887982536764706,4,362225_131898_4,362225_131898
2675,person,0.9711357,595,78,677,354,131898,362225,0.0325022977941176,1,362225_131898_1,362225_131898
2676,tie,0.79742205,872,269,1086,521,131898,362225,0.0774471507352941,3,362225_131898_3,362225_131898
2677,tie,0.78906226,877,339,1018,536,131898,362225,0.0398911420036764,2,362225_131898_2,362225_131898
2678,tie,0.5682524,303,374,415,534,131898,362225,0.025735294117647,0,362225_131898_0,362225_131898
2679,person,0.99400806,161,66,389,544,132076,362225,0.1565142463235294,2,362225_132076_2,362225_132076
2680,dog,0.98351073,326,347,462,544,132076,362225,0.0384765625,1,362225_132076_1,362225_132076
2681,tie,0.6430753,251,177,297,311,132076,362225,0.0088522518382352,0,362225_132076_0,362225_132076
2682,person,0.9958681,185,39,512,532,132254,362225,0.2315185546875,1,362225_132254_1,362225_132254
2683,person,0.9812819,603,62,926,543,132254,362225,0.2231201171875,0,362225_132254_0,362225_132254
2684,person,0.75312614,37,0,779,544,132432,362225,0.5796875,1,362225_132432_1,362225_132432
2685,person,0.70915437,187,31,1169,540,132432,362225,0.7178280101102941,2,362225_132432_2,362225_132432
2686,person,0.52750725,1003,4,1260,544,132432,362225,0.1993049172794117,0,362225_132432_0,362225_132432
2687,person,0.9967526,221,38,621,536,132610,362225,0.2860753676470588,1,362225_132610_1,362225_132610
2688,person,0.971135,571,61,945,543,132610,362225,0.25888671875,0,362225_132610_0,362225_132610
2689,person,0.9914886,480,21,1005,525,132788,362225,0.3799977022058824,4,362225_132788_4,362225_132788
2690,person,0.9906452,310,53,676,532,132788,362225,0.2517721737132353,2,362225_132788_2,362225_132788
2691,person,0.9725591,1153,110,1248,329,132788,362225,0.0298785041360294,0,362225_132788_0,362225_132788
2692,person,0.97008485,343,37,851,534,132788,362225,0.3625861672794118,3,362225_132788_3,362225_132788
2693,handbag,0.63581747,570,287,784,544,132788,362225,0.0789838005514705,1,362225_132788_1,362225_132788
2694,person,0.99714845,160,27,597,534,132966,362225,0.3181856043198529,1,362225_132966_1,362225_132966
2695,person,0.98845214,569,54,945,538,132966,362225,0.2613511029411765,0,362225_132966_0,362225_132966
2696,person,0.9968983,102,44,553,535,133144,362225,0.3180161420036764,2,362225_133144_2,362225_133144
2697,person,0.9847077,642,65,960,533,133144,362225,0.2137293198529412,1,362225_133144_1,362225_133144
2698,handbag,0.8889275999999999,809,293,982,532,133144,362225,0.0593793083639705,0,362225_133144_0,362225_133144
2699,person,0.9968341,125,19,565,536,133322,362225,0.3266888786764705,4,362225_133322_4,362225_133322
2700,person,0.99054366,659,53,998,532,133322,362225,0.2331988166360294,3,362225_133322_3,362225_133322
2701,handbag,0.8832485999999999,781,197,987,538,133322,362225,0.100881778492647,2,362225_133322_2,362225_133322
2702,handbag,0.70295393,695,218,888,528,133322,362225,0.0859231387867647,1,362225_133322_1,362225_133322
2703,handbag,0.5429075,890,431,1005,544,133322,362225,0.0186623965992647,0,362225_133322_0,362225_133322
2704,person,0.98039514,176,17,852,544,133500,362225,0.51162109375,1,362225_133500_1,362225_133500
2705,person,0.95657295,716,35,1274,544,133500,362225,0.4078900505514706,0,362225_133500_0,362225_133500
2706,person,0.9981274,591,29,855,479,133678,362225,0.1706112132352941,2,362225_133678_2,362225_133678
2707,oven,0.91058916,303,63,506,435,133678,362225,0.108450137867647,1,362225_133678_1,362225_133678
2708,oven,0.74624896,312,27,497,221,133678,362225,0.0515423943014705,0,362225_133678_0,362225_133678
2709,person,0.9871241,613,32,1047,544,133856,362225,0.3191176470588235,2,362225_133856_2,362225_133856
2710,person,0.9517081,782,19,1084,542,133856,362225,0.2268296185661765,1,362225_133856_1,362225_133856
2711,person,0.7485059000000001,880,109,1070,544,133856,362225,0.1186954273897058,0,362225_133856_0,362225_133856
2712,person,0.9962961,389,13,1016,534,134034,362225,0.4691334443933824,0,362225_134034_0,362225_134034
2713,person,0.99135345,437,19,1013,535,134212,362225,0.4268382352941176,1,362225_134212_1,362225_134212
2714,person,0.9780727,23,70,403,541,134212,362225,0.2570369944852941,0,362225_134212_0,362225_134212
2715,person,0.9885556,339,0,957,539,134390,362225,0.4783748851102941,2,362225_134390_2,362225_134390
2716,person,0.96714145,0,62,443,542,134390,362225,0.3053768382352941,1,362225_134390_1,362225_134390
2717,person,0.6791531999999999,235,88,374,402,134390,362225,0.0626809512867647,0,362225_134390_0,362225_134390
2718,person,0.9907856,374,5,981,544,134568,362225,0.4698601217830882,3,362225_134568_3,362225_134568
2719,person,0.9900012,0,62,449,544,134568,362225,0.3108025045955882,1,362225_134568_1,362225_134568
2720,person,0.7621541000000001,227,62,367,396,134568,362225,0.0671530330882353,0,362225_134568_0,362225_134568
2721,person,0.56977606,56,44,664,544,134568,362225,0.4365808823529412,2,362225_134568_2,362225_134568
2722,person,0.9898061,382,11,1004,544,134746,362225,0.4761115579044118,2,362225_134746_2,362225_134746
2723,person,0.98371214,0,65,473,544,134746,362225,0.3253776999080882,1,362225_134746_1,362225_134746
2724,person,0.66664326,296,67,380,380,134746,362225,0.0377585018382352,0,362225_134746_0,362225_134746
2725,person,0.99447834,319,5,976,539,134924,362225,0.5038459329044118,2,362225_134924_2,362225_134924
2726,person,0.9807091999999998,6,37,398,534,134924,362225,0.2797909007352941,1,362225_134924_1,362225_134924
2727,person,0.784602,200,70,359,406,134924,362225,0.0767233455882352,0,362225_134924_0,362225_134924
2728,person,0.77284527,6,53,735,538,134924,362225,0.5077622357536765,3,362225_134924_3,362225_134924
2729,person,0.996467,487,0,1167,544,135102,362225,0.53125,0,362225_135102_0,362225_135102
2730,person,0.99573696,486,26,1189,532,135280,362225,0.5108542049632353,1,362225_135280_1,362225_135280
2731,toilet,0.6754475999999999,86,0,212,534,135280,362225,0.0966279871323529,0,362225_135280_0,362225_135280
2732,person,0.9969913,586,1,1263,544,135458,362225,0.5279339958639706,0,362225_135458_0,362225_135458
2733,person,0.9947936,17,12,641,535,135636,362225,0.4686810661764706,1,362225_135636_1,362225_135636
2734,person,0.9788088,770,22,1280,542,135636,362225,0.380859375,0,362225_135636_0,362225_135636
2735,person,0.9941314,88,0,656,536,135814,362225,0.4372242647058823,1,362225_135814_1,362225_135814
2736,person,0.9500218,680,5,1156,544,135814,362225,0.36845703125,0,362225_135814_0,362225_135814
2737,person,0.9933815,56,17,611,544,135992,362225,0.4200439453125,1,362225_135992_1,362225_135992
2738,person,0.96687263,678,21,1162,544,135992,362225,0.3635282628676471,0,362225_135992_0,362225_135992
2739,person,0.99569714,383,13,1136,537,136348,362225,0.5666532628676471,1,362225_136348_1,362225_136348
2740,person,0.6597083,1123,253,1280,544,136348,362225,0.0656120749080882,0,362225_136348_0,362225_136348
2741,person,0.8263111999999999,352,0,1127,544,136526,362225,0.60546875,0,362225_136526_0,362225_136526
2742,person,0.98037523,0,0,413,544,136704,362225,0.32265625,1,362225_136704_1,362225_136704
2743,person,0.9609937,814,49,1245,544,136704,362225,0.3063893037683824,0,362225_136704_0,362225_136704
2744,person,0.84128296,288,7,770,527,136882,362225,0.3599494485294117,1,362225_136882_1,362225_136882
2745,cat,0.6926521,284,13,727,513,136882,362225,0.3181008731617647,0,362225_136882_0,362225_136882
2746,person,0.9958841,388,63,770,541,137060,362225,0.2622300091911764,1,362225_137060_1,362225_137060
2747,chair,0.6938805,1088,106,1207,296,137060,362225,0.032470703125,0,362225_137060_0,362225_137060
2748,person,0.98004204,657,91,1005,539,137238,362225,0.2238970588235294,2,362225_137238_2,362225_137238
2749,person,0.927271,143,13,730,536,137238,362225,0.4408906824448529,4,362225_137238_4,362225_137238
2750,person,0.7767682,256,105,848,544,137238,362225,0.3732306985294117,3,362225_137238_3,362225_137238
2751,chair,0.6796863000000001,976,412,1108,539,137238,362225,0.024075137867647,0,362225_137238_0,362225_137238
2752,person,0.5295837,168,241,636,525,137238,362225,0.1908777573529412,1,362225_137238_1,362225_137238
2753,person,0.9757178,683,85,1004,537,137416,362225,0.2083697150735294,1,362225_137416_1,362225_137416
2754,person,0.9725965,157,9,879,544,137416,362225,0.5547305836397058,3,362225_137416_3,362225_137416
2755,person,0.59829694,466,62,962,544,137416,362225,0.3433363970588235,2,362225_137416_2,362225_137416
2756,chair,0.5351541999999999,981,412,1100,535,137416,362225,0.0210205078125,0,362225_137416_0,362225_137416
2757,person,0.8211413000000001,647,0,1274,517,137594,362225,0.4655316521139706,1,362225_137594_1,362225_137594
2758,person,0.53112966,645,0,976,121,137594,362225,0.0575180951286764,0,362225_137594_0,362225_137594
2759,person,0.99551815,405,24,932,544,137772,362225,0.3935546875,1,362225_137772_1,362225_137772
2760,chair,0.87147635,206,281,587,538,137772,362225,0.1406206916360294,0,362225_137772_0,362225_137772
2761,person,0.96619517,84,0,794,544,137950,362225,0.5546875,0,362225_137950_0,362225_137950
2762,person,0.9353632,29,19,817,543,138128,362225,0.5929917279411765,0,362225_138128_0,362225_138128
2763,person,0.9808431,176,48,604,488,138306,362225,0.2704503676470588,9,362225_138306_9,362225_138306
2764,chair,0.9803705,3,212,197,520,138306,362225,0.0858111213235294,3,362225_138306_3,362225_138306
2765,person,0.97752005,638,23,821,267,138306,362225,0.0641256893382353,2,362225_138306_2,362225_138306
2766,laptop,0.96284944,429,128,605,249,138306,362225,0.0305836397058823,0,362225_138306_0,362225_138306
2767,chair,0.9332814,155,243,490,539,138306,362225,0.1424057904411764,6,362225_138306_6,362225_138306
2768,chair,0.9029632,809,17,936,266,138306,362225,0.0454144646139705,1,362225_138306_1,362225_138306
2769,dining table,0.6340751,702,255,1038,486,138306,362225,0.1114659926470588,4,362225_138306_4,362225_138306
2770,dining table,0.62726545,628,241,970,509,138306,362225,0.1316291360294117,5,362225_138306_5,362225_138306
2771,person,0.6257590000000001,177,26,473,440,138306,362225,0.1759880514705882,7,362225_138306_7,362225_138306
2772,chair,0.55064404,123,208,616,544,138306,362225,0.237890625,8,362225_138306_8,362225_138306
2773,person,0.9958941,499,19,1004,536,138484,362225,0.3749497357536765,1,362225_138484_1,362225_138484
2774,tie,0.95508313,649,341,738,512,138484,362225,0.0218563304227941,0,362225_138484_0,362225_138484
2775,person,0.9938698,571,8,1046,544,138662,362225,0.3656364889705882,1,362225_138662_1,362225_138662
2776,tie,0.98816663,620,356,738,544,138662,362225,0.0318589154411764,0,362225_138662_0,362225_138662
2777,person,0.9976712,267,16,788,532,138840,362225,0.3860811121323529,0,362225_138840_0,362225_138840
2778,person,0.99653506,448,11,1018,541,139018,362225,0.4338522518382353,1,362225_139018_1,362225_139018
2779,tie,0.96177465,581,379,647,541,139018,362225,0.0153550091911764,0,362225_139018_0,362225_139018
2780,person,0.99522024,473,4,971,541,139196,362225,0.3840561810661765,2,362225_139196_2,362225_139196
2781,tie,0.9393731,571,362,677,537,139196,362225,0.0266400505514705,1,362225_139196_1,362225_139196
2782,chair,0.7523641999999999,198,468,407,544,139196,362225,0.0228113511029411,0,362225_139196_0,362225_139196
2783,person,0.99703985,268,27,735,534,139374,362225,0.3400290096507353,0,362225_139374_0,362225_139374
2784,person,0.99624556,296,24,749,536,139552,362225,0.3330882352941176,0,362225_139552_0,362225_139552
2785,person,0.9947285,254,13,657,538,139730,362225,0.3038473690257353,0,362225_139730_0,362225_139730
2786,person,0.9964156,550,3,1061,536,139908,362225,0.3911463120404412,2,362225_139908_2,362225_139908
2787,tie,0.95437384,651,367,765,535,139908,362225,0.0275045955882352,1,362225_139908_1,362225_139908
2788,chair,0.68712574,258,483,481,542,139908,362225,0.0188950482536764,0,362225_139908_0,362225_139908
2789,person,0.99665076,473,7,1013,534,140086,362225,0.40869140625,2,362225_140086_2,362225_140086
2790,tie,0.9617108,591,368,709,538,140086,362225,0.02880859375,1,362225_140086_1,362225_140086
2791,chair,0.634606,205,483,434,538,140086,362225,0.0180879480698529,0,362225_140086_0,362225_140086
2792,person,0.98278403,453,0,851,527,140264,362225,0.301220703125,0,362225_140264_0,362225_140264
2793,person,0.9974322,534,52,800,543,140442,362225,0.1875660615808823,2,362225_140442_2,362225_140442
2794,book,0.6610071999999999,530,194,566,303,140442,362225,0.0056353400735294,0,362225_140442_0,362225_140442
2795,book,0.6393954000000001,490,170,530,301,140442,362225,0.0075252757352941,1,362225_140442_1,362225_140442
2796,person,0.91350234,658,24,1255,533,140620,362225,0.4363984949448529,0,362225_140620_0,362225_140620
2797,person,0.69306827,160,18,1061,541,140620,362225,0.6767333984375,1,362225_140620_1,362225_140620
2798,person,0.8151689999999999,164,5,1039,544,140798,362225,0.6773107192095589,2,362225_140798_2,362225_140798
2799,person,0.7766899,538,14,1256,541,140798,362225,0.543408203125,1,362225_140798_1,362225_140798
2800,person,0.51631254,795,391,1276,530,140798,362225,0.0960176355698529,0,362225_140798_0,362225_140798
2801,person,0.5292218000000001,163,9,1276,470,140976,362225,0.7368637982536764,1,362225_140976_1,362225_140976
2802,dog,0.51847076,683,18,1280,433,140976,362225,0.3558062385110294,0,362225_140976_0,362225_140976
2803,person,0.9525642,13,16,980,521,141154,362225,0.7013083065257353,2,362225_141154_2,362225_141154
2804,person,0.8498386999999998,804,2,1265,537,141154,362225,0.3541977826286765,0,362225_141154_0,362225_141154
2805,person,0.7175602,291,12,869,539,141154,362225,0.437451171875,1,362225_141154_1,362225_141154
2806,person,0.9404049,111,2,923,540,141332,362225,0.6273782169117647,1,362225_141332_1,362225_141332
2807,person,0.7616364000000001,750,23,1280,540,141332,362225,0.3935116038602941,0,362225_141332_0,362225_141332
2808,person,0.99313873,274,130,537,537,141510,362225,0.1537238625919117,1,362225_141510_1,362225_141510
2809,sink,0.520679,572,362,847,540,141510,362225,0.0702981387867647,0,362225_141510_0,362225_141510
2810,person,0.9890337,172,0,952,544,141688,362225,0.609375,1,362225_141688_1,362225_141688
2811,person,0.7877601,503,0,944,544,141688,362225,0.34453125,0,362225_141688_0,362225_141688
2812,person,0.9944072,154,22,865,540,141866,362225,0.5289206112132353,1,362225_141866_1,362225_141866
2813,person,0.6502687,888,8,1280,544,141866,362225,0.3017463235294118,0,362225_141866_0,362225_141866
2814,person,0.93773395,159,0,930,544,142044,362225,0.60234375,0,362225_142044_0,362225_142044
2815,person,0.81700397,368,0,1258,523,142044,362225,0.6684713924632353,1,362225_142044_1,362225_142044
2816,person,0.99475914,433,31,946,537,142222,362225,0.3727855009191177,1,362225_142222_1,362225_142222
2817,person,0.9828593,279,28,660,544,142222,362225,0.2823357077205882,0,362225_142222_0,362225_142222
2818,person,0.9887356,183,15,780,543,142400,362225,0.4526884191176471,4,362225_142400_4,362225_142400
2819,person,0.9813348,535,44,1167,535,142400,362225,0.4456456801470588,3,362225_142400_3,362225_142400
2820,chair,0.85541147,1187,367,1275,542,142400,362225,0.0221162683823529,1,362225_142400_1,362225_142400
2821,potted plant,0.7105785,1151,5,1280,313,142400,362225,0.0570599724264705,2,362225_142400_2,362225_142400
2822,potted plant,0.67776424,1194,172,1280,308,142400,362225,0.016796875,0,362225_142400_0,362225_142400
2823,person,0.9985852,527,36,702,514,142578,362225,0.1201315487132353,2,362225_142578_2,362225_142578
2824,person,0.99735767,689,32,888,537,142578,362225,0.1443230124080882,3,362225_142578_3,362225_142578
2825,person,0.97444737,4,20,503,543,142578,362225,0.3747946346507353,5,362225_142578_5,362225_142578
2826,person,0.9296511,933,8,1277,536,142578,362225,0.2608455882352941,4,362225_142578_4,362225_142578
2827,chair,0.8970167,428,162,519,311,142578,362225,0.0194723690257352,0,362225_142578_0,362225_142578
2828,couch,0.7862866999999999,295,296,559,514,142578,362225,0.0826516544117647,1,362225_142578_1,362225_142578
2829,person,0.9864092,8,0,532,544,142756,362225,0.409375,3,362225_142756_3,362225_142756
2830,couch,0.96283406,175,299,1034,525,142756,362225,0.2787999770220588,2,362225_142756_2,362225_142756
2831,couch,0.8348855,338,299,851,518,142756,362225,0.1613439223345588,1,362225_142756_1,362225_142756
2832,couch,0.73326045,505,302,978,532,142756,362225,0.1562356387867647,0,362225_142756_0,362225_142756
2833,person,0.99668735,546,19,1020,544,142934,362225,0.3573787913602941,0,362225_142934_0,362225_142934
2834,laptop,0.87961626,395,6,1007,487,143112,362225,0.42275390625,2,362225_143112_2,362225_143112
2835,book,0.7182038000000001,113,129,443,251,143112,362225,0.0578182444852941,1,362225_143112_1,362225_143112
2836,book,0.5711835,191,118,424,200,143112,362225,0.0274385340073529,0,362225_143112_0,362225_143112
2837,person,0.99781656,419,63,861,543,143290,362225,0.3046875,7,362225_143290_7,362225_143290
2838,chair,0.97432536,1004,65,1220,270,143290,362225,0.0635914522058823,4,362225_143290_4,362225_143290
2839,couch,0.9736386,714,241,1274,544,143290,362225,0.2436810661764706,6,362225_143290_6,362225_143290
2840,couch,0.8810131999999999,0,214,903,530,143290,362225,0.4097943474264706,8,362225_143290_8,362225_143290
2841,couch,0.8152100999999999,27,204,514,529,143290,362225,0.2273021024816176,5,362225_143290_5,362225_143290
2842,potted plant,0.78797597,105,13,295,243,143290,362225,0.0627585018382353,3,362225_143290_3,362225_143290
2843,couch,0.7714568,291,241,1280,542,143290,362225,0.427517520680147,9,362225_143290_9,362225_143290
2844,vase,0.6614161999999999,0,140,157,288,143290,362225,0.0333697150735294,1,362225_143290_1,362225_143290
2845,chair,0.64951545,799,64,974,254,143290,362225,0.0477510340073529,2,362225_143290_2,362225_143290
2846,potted plant,0.636808,719,126,792,244,143290,362225,0.0123707490808823,0,362225_143290_0,362225_143290
2847,person,0.9711609,805,13,1280,527,143468,362225,0.3506290211397059,1,362225_143468_1,362225_143468
2848,book,0.9449573,332,0,915,534,143468,362225,0.4470961626838235,2,362225_143468_2,362225_143468
2849,cup,0.6107476,3,23,93,148,143468,362225,0.0161563648897058,0,362225_143468_0,362225_143468
2850,person,0.99334466,198,7,1026,542,143824,362225,0.6361730238970589,0,362225_143824_0,362225_143824
2851,person,0.99619883,264,0,995,541,144002,362225,0.5679443359375,0,362225_144002_0,362225_144002
2852,person,0.99412966,199,7,1051,544,144180,362225,0.6570599724264706,0,362225_144180_0,362225_144180
2853,person,0.99693286,52,24,505,536,144358,362225,0.3330882352941176,4,362225_144358_4,362225_144358
2854,person,0.9964715,743,14,1111,536,144358,362225,0.2758731617647059,3,362225_144358_3,362225_144358
2855,book,0.68183136,19,9,63,141,144358,362225,0.0083409926470588,0,362225_144358_0,362225_144358
2856,book,0.653035,25,9,91,141,144358,362225,0.0125114889705882,2,362225_144358_2,362225_144358
2857,book,0.59526163,74,13,141,137,144358,362225,0.0119312959558823,1,362225_144358_1,362225_144358
2858,person,0.9969217,403,40,681,544,144536,362225,0.2012178308823529,1,362225_144536_1,362225_144536
2859,person,0.99690646,13,0,370,532,144536,362225,0.27275390625,3,362225_144536_3,362225_144536
2860,person,0.9966107,961,41,1280,542,144536,362225,0.229519473805147,2,362225_144536_2,362225_144536
2861,person,0.9868001,830,42,1023,538,144536,362225,0.1374770220588235,0,362225_144536_0,362225_144536
2862,person,0.99748945,545,26,949,540,144714,362225,0.2982192095588235,6,362225_144714_6,362225_144714
2863,person,0.9923206,78,15,511,542,144714,362225,0.3277099609375,7,362225_144714_7,362225_144714
2864,vase,0.9639159,1067,382,1113,451,144714,362225,0.0045582490808823,0,362225_144714_0,362225_144714
2865,potted plant,0.9016174,998,293,1144,457,144714,362225,0.0343864889705882,5,362225_144714_5,362225_144714
2866,book,0.56587064,10,4,54,139,144714,362225,0.0085305606617647,3,362225_144714_3,362225_144714
2867,book,0.55492127,20,2,100,137,144714,362225,0.0155101102941176,4,362225_144714_4,362225_144714
2868,book,0.52797794,108,18,147,135,144714,362225,0.0065530215992647,2,362225_144714_2,362225_144714
2869,book,0.52400553,125,22,157,126,144714,362225,0.0047794117647058,1,362225_144714_1,362225_144714
2870,person,0.9966017,881,54,1269,540,144892,362225,0.2708065257352941,2,362225_144892_2,362225_144892
2871,person,0.9960736,426,29,757,539,144892,362225,0.242431640625,1,362225_144892_1,362225_144892
2872,person,0.9935615,54,26,380,535,144892,362225,0.2383013556985294,0,362225_144892_0,362225_144892
2873,person,0.9886824,211,3,932,540,145070,362225,0.5560331456801471,0,362225_145070_0,362225_145070
2874,person,0.9941257,660,15,1279,540,145248,362225,0.4667035271139706,1,362225_145248_1,362225_145248
2875,person,0.9885274,1,13,395,540,145248,362225,0.298193359375,0,362225_145248_0,362225_145248
2876,person,0.98880893,233,0,966,544,145426,362225,0.57265625,0,362225_145426_0,362225_145426
2877,person,0.9864249,0,31,447,535,145604,362225,0.3235409007352941,0,362225_145604_0,362225_145604
2878,person,0.97981125,629,14,1280,541,145604,362225,0.4927001953125,1,362225_145604_1,362225_145604
2879,person,0.99450904,340,13,971,544,145782,362225,0.4811882467830882,0,362225_145782_0,362225_145782
2880,person,0.99063677,315,5,989,537,145960,362225,0.5149471507352941,0,362225_145960_0,362225_145960
2881,person,0.96429706,875,0,1277,544,146138,362225,0.3140625,1,362225_146138_1,362225_146138
2882,person,0.95278436,8,0,371,536,146138,362225,0.2794232536764706,0,362225_146138_0,362225_146138
2883,person,0.99689555,193,69,423,544,146316,362225,0.1568962545955882,0,362225_146316_0,362225_146316
2884,person,0.99228114,784,0,1201,531,146316,362225,0.317996036305147,1,362225_146316_1,362225_146316
2885,person,0.9961433,9,27,471,537,146494,362225,0.33837890625,0,362225_146494_0,362225_146494
2886,person,0.99383307,777,10,1243,535,146494,362225,0.3513470818014705,1,362225_146494_1,362225_146494
2887,person,0.9931827,379,0,1000,538,146494,362225,0.4798052619485294,3,362225_146494_3,362225_146494
2888,person,0.5468229,575,20,1170,544,146494,362225,0.44775390625,2,362225_146494_2,362225_146494
2889,person,0.99669015,8,0,373,525,146672,362225,0.2751967486213235,1,362225_146672_1,362225_146672
2890,person,0.9920499,720,0,1280,540,146672,362225,0.4342830882352941,2,362225_146672_2,362225_146672
2891,person,0.97823375,337,74,650,542,146672,362225,0.2103687959558823,0,362225_146672_0,362225_146672
2892,person,0.9920002,4,0,393,537,146850,362225,0.2999956916360294,1,362225_146850_1,362225_146850
2893,person,0.9889669,690,0,1280,534,146850,362225,0.4524643841911765,2,362225_146850_2,362225_146850
2894,person,0.9856215,331,30,665,541,146850,362225,0.2451085707720589,0,362225_146850_0,362225_146850
2895,person,0.99473566,679,46,1206,543,147028,362225,0.3761474609375,1,362225_147028_1,362225_147028
2896,person,0.9938719,19,61,469,541,147028,362225,0.3102022058823529,0,362225_147028_0,362225_147028
2897,person,0.99158317,271,26,885,544,147028,362225,0.4567612591911765,2,362225_147028_2,362225_147028
2898,person,0.9955988,362,32,770,541,147206,362225,0.2982421875,1,362225_147206_1,362225_147206
2899,person,0.99521554,657,0,1280,539,147206,362225,0.4822452320772059,2,362225_147206_2,362225_147206
2900,person,0.99204516,10,5,253,541,147206,362225,0.1870519301470588,0,362225_147206_0,362225_147206
2901,person,0.9959109,8,0,390,523,147384,362225,0.2869169347426471,1,362225_147384_1,362225_147384
2902,person,0.9901097,619,4,1267,536,147384,362225,0.4950827205882353,2,362225_147384_2,362225_147384
2903,person,0.9887449,356,49,668,544,147384,362225,0.2217945772058824,0,362225_147384_0,362225_147384
2904,person,0.9974716,3,0,365,521,147562,362225,0.2708553538602941,1,362225_147562_1,362225_147562
2905,person,0.9879061,317,59,635,544,147562,362225,0.2214929917279412,0,362225_147562_0,362225_147562
2906,person,0.9836962,629,0,1280,540,147562,362225,0.5048540900735294,2,362225_147562_2,362225_147562
2907,person,0.99795616,8,0,388,531,147740,362225,0.2897805606617647,1,362225_147740_1,362225_147740
2908,person,0.9907526,622,3,1276,544,147740,362225,0.5081198299632353,2,362225_147740_2,362225_147740
2909,person,0.9865394,318,59,649,540,147740,362225,0.2286463120404412,0,362225_147740_0,362225_147740
2910,car,0.7088345,507,205,570,241,147918,362225,0.0032571231617647,0,362225_147918_0,362225_147918
2911,person,0.62249315,64,8,469,302,147918,362225,0.170998965992647,1,362225_147918_1,362225_147918
2912,person,0.5317723000000001,56,7,589,481,147918,362225,0.3628245634191177,2,362225_147918_2,362225_147918
2913,person,0.9243266,0,6,844,542,148096,362225,0.6496783088235294,2,362225_148096_2,362225_148096
2914,person,0.8838906999999999,336,229,1260,542,148096,362225,0.4153435202205881,1,362225_148096_1,362225_148096
2915,person,0.5082528000000001,649,203,1271,525,148096,362225,0.2876321231617647,0,362225_148096_0,362225_148096
2916,car,0.8887316999999999,0,89,1052,544,148274,362225,0.6874138327205882,2,362225_148274_2,362225_148274
2917,person,0.8713837999999999,592,160,791,303,148274,362225,0.0408677045036764,0,362225_148274_0,362225_148274
2918,car,0.5622891,482,76,1049,541,148274,362225,0.3786405675551471,1,362225_148274_1,362225_148274
2919,person,0.9891417,307,51,618,531,148452,362225,0.2143841911764706,0,362225_148452_0,362225_148452
2920,person,0.8472755,0,91,628,392,148630,362225,0.2714671415441177,0,362225_148630_0,362225_148630
2921,oven,0.69674265,0,0,714,543,148630,362225,0.556787109375,1,362225_148630_1,362225_148630
2922,person,0.9969932,440,55,750,534,148986,362225,0.2132496553308824,0,362225_148986_0,362225_148986
2923,horse,0.6515609,273,7,347,78,149164,362225,0.0075453814338235,1,362225_149164_1,362225_149164
2924,dog,0.61488205,314,101,383,165,149164,362225,0.0063419117647058,0,362225_149164_0,362225_149164
2925,person,0.9939167,472,0,998,543,149342,362225,0.4101821001838235,0,362225_149342_0,362225_149342
2926,bed,0.8145669,5,15,693,544,149520,362225,0.5226792279411765,0,362225_149520_0,362225_149520
2927,person,0.9764713,551,11,1205,544,149698,362225,0.5006060431985294,1,362225_149698_1,362225_149698
2928,person,0.86281383,213,0,949,544,149698,362225,0.575,2,362225_149698_2,362225_149698
2929,person,0.64762074,395,0,924,431,149698,362225,0.3274342256433824,0,362225_149698_0,362225_149698
2930,person,0.9977062,243,5,681,537,149876,362225,0.3346392463235294,3,362225_149876_3,362225_149876
2931,person,0.9953094,667,88,880,537,149876,362225,0.1373463350183823,2,362225_149876_2,362225_149876
2932,bottle,0.76627,1251,395,1275,457,149876,362225,0.0021369485294117,0,362225_149876_0,362225_149876
2933,backpack,0.5297028,847,480,975,541,149876,362225,0.0112132352941176,1,362225_149876_1,362225_149876
2934,person,0.9972088,832,45,1092,536,150054,362225,0.1833352481617647,2,362225_150054_2,362225_150054
2935,person,0.9962773,121,21,537,530,150054,362225,0.3040900735294117,3,362225_150054_3,362225_150054
2936,couch,0.75209534,558,368,918,537,150054,362225,0.0873736213235294,1,362225_150054_1,362225_150054
2937,couch,0.5480335999999999,1102,353,1275,541,150054,362225,0.0467084099264705,0,362225_150054_0,362225_150054
2938,person,0.99778384,160,93,397,543,150232,362225,0.1531623391544117,1,362225_150232_1,362225_150232
2939,person,0.9947896,979,25,1249,539,150232,362225,0.1993049172794117,2,362225_150232_2,362225_150232
2940,chair,0.76630116,843,438,1009,543,150232,362225,0.0250315946691176,0,362225_150232_0,362225_150232
2941,person,0.9963308,514,92,790,528,150410,362225,0.1728170955882353,8,362225_150410_8,362225_150410
2942,bottle,0.98799044,267,425,321,541,150410,362225,0.0089958639705882,4,362225_150410_4,362225_150410
2943,chair,0.8555636999999999,328,221,419,395,150410,362225,0.0227395450367647,5,362225_150410_5,362225_150410
2944,bottle,0.83614093,570,207,595,269,150410,362225,0.0022259880514705,1,362225_150410_1,362225_150410
2945,bottle,0.7671699000000001,596,191,618,263,150410,362225,0.0022748161764705,2,362225_150410_2,362225_150410
2946,cup,0.69897306,337,451,388,522,150410,362225,0.0052001953125,3,362225_150410_3,362225_150410
2947,bottle,0.6945279999999999,588,197,607,266,150410,362225,0.001882755055147,0,362225_150410_0,362225_150410
2948,chair,0.67636704,917,386,1271,541,150410,362225,0.0787999770220588,7,362225_150410_7,362225_150410
2949,chair,0.5926368000000001,179,267,435,464,150410,362225,0.0724264705882353,6,362225_150410_6,362225_150410
2950,person,0.99411243,803,249,1122,524,150588,362225,0.1259837431066176,8,362225_150588_8,362225_150588
2951,person,0.9816691,375,51,474,313,150588,362225,0.0372501148897058,4,362225_150588_4,362225_150588
2952,chair,0.9083886,611,222,714,404,150588,362225,0.0269215303308823,3,362225_150588_3,362225_150588
2953,bottle,0.89728165,673,437,708,525,150588,362225,0.0044232536764705,2,362225_150588_2,362225_150588
2954,bottle,0.7975605,720,484,742,542,150588,362225,0.0018324908088235,0,362225_150588_0,362225_150588
2955,couch,0.756903,351,302,627,538,150588,362225,0.0935431985294117,6,362225_150588_6,362225_150588
2956,chair,0.7081928000000001,355,267,626,541,150588,362225,0.1066377527573529,7,362225_150588_7,362225_150588
2957,chair,0.61956036,15,403,303,536,150588,362225,0.0550091911764705,5,362225_150588_5,362225_150588
2958,cup,0.5948058,1219,176,1258,223,150588,362225,0.0026324103860294,1,362225_150588_1,362225_150588
2959,person,0.99564856,492,57,766,531,150766,362225,0.1865176930147059,10,362225_150766_10,362225_150766
2960,bottle,0.9768698,240,386,289,515,150766,362225,0.0090777228860294,4,362225_150766_4,362225_150766
2961,chair,0.9268498,303,182,399,353,150766,362225,0.0235753676470588,5,362225_150766_5,362225_150766
2962,bottle,0.8029076,545,167,568,224,150766,362225,0.001882755055147,1,362225_150766_1,362225_150766
2963,bottle,0.780992,570,147,592,216,150766,362225,0.0021800321691176,2,362225_150766_2,362225_150766
2964,bottle,0.67427963,553,161,574,223,150766,362225,0.0018698299632352,0,362225_150766_0,362225_150766
2965,chair,0.67082155,795,336,1268,538,150766,362225,0.1372156479779411,8,362225_150766_8,362225_150766
2966,chair,0.6232234999999999,736,326,845,537,150766,362225,0.0330293543198529,6,362225_150766_6,362225_150766
2967,cup,0.5975024,376,478,412,537,150766,362225,0.0030503216911764,3,362225_150766_3,362225_150766
2968,couch,0.59094846,649,332,1280,537,150766,362225,0.185769473805147,9,362225_150766_9,362225_150766
2969,chair,0.5639266,154,218,403,416,150766,362225,0.070803653492647,7,362225_150766_7,362225_150766
2970,person,0.9972253,375,36,502,400,150944,362225,0.0663890165441176,5,362225_150944_5,362225_150944
2971,person,0.99574417,787,269,1088,531,150944,362225,0.1132553998161764,8,362225_150944_8,362225_150944
2972,bottle,0.9356393,598,444,633,544,150944,362225,0.0050264246323529,2,362225_150944_2,362225_150944
2973,chair,0.83973587,507,214,621,417,150944,362225,0.0332347196691176,4,362225_150944_4,362225_150944
2974,chair,0.81962925,253,310,539,544,150944,362225,0.0961109834558823,7,362225_150944_7,362225_150944
2975,bottle,0.7720117,835,142,856,196,150944,362225,0.0016285615808823,0,362225_150944_0,362225_150944
2976,chair,0.6682276999999999,8,435,185,542,150944,362225,0.0271987017463235,3,362225_150944_3,362225_150944
2977,couch,0.5146793,258,307,533,544,150944,362225,0.0935992072610294,6,362225_150944_6,362225_150944
2978,tv,0.5002201000000001,1210,189,1258,231,150944,362225,0.0028952205882352,1,362225_150944_1,362225_150944
2979,person,0.9990766,62,0,525,540,151122,362225,0.3590590533088235,3,362225_151122_3,362225_151122
2980,person,0.9979746,662,73,928,544,151122,362225,0.1799258961397059,2,362225_151122_2,362225_151122
2981,chair,0.8895026,470,438,567,544,151122,362225,0.0147661994485294,0,362225_151122_0,362225_151122
2982,chair,0.8290565999999999,355,437,559,542,151122,362225,0.03076171875,1,362225_151122_1,362225_151122
2983,person,0.9993793,67,0,543,542,151300,362225,0.3705078125,4,362225_151300_4,362225_151300
2984,person,0.9981159,651,67,906,539,151300,362225,0.1728515625,3,362225_151300_3,362225_151300
2985,chair,0.77713555,457,432,559,544,151300,362225,0.01640625,1,362225_151300_1,362225_151300
2986,microwave,0.5992831999999999,0,243,43,328,151300,362225,0.0052490234375,0,362225_151300_0,362225_151300
2987,chair,0.5832396,341,437,566,541,151300,362225,0.0336052389705882,2,362225_151300_2,362225_151300
2988,person,0.9988205,697,17,908,544,151478,362225,0.1596923828125,2,362225_151478_2,362225_151478
2989,person,0.99766845,504,32,724,524,151478,362225,0.1554457720588235,1,362225_151478_1,362225_151478
2990,chair,0.8966459999999999,209,397,507,542,151478,362225,0.0620548023897058,0,362225_151478_0,362225_151478
2991,person,0.99783903,453,44,685,541,151656,362225,0.1655905330882353,2,362225_151656_2,362225_151656
2992,person,0.9974904,650,23,860,544,151656,362225,0.1571260340073529,1,362225_151656_1,362225_151656
2993,chair,0.7977749,168,406,465,541,151656,362225,0.0575812844669117,0,362225_151656_0,362225_151656
2994,person,0.99854714,682,15,893,541,151834,362225,0.1593893612132353,1,362225_151834_1,362225_151834
2995,person,0.9979578,442,57,701,541,151834,362225,0.1800264246323529,2,362225_151834_2,362225_151834
2996,chair,0.82324934,196,396,472,536,151834,362225,0.0554917279411764,0,362225_151834_0,362225_151834
2997,person,0.99874973,719,47,1001,544,152012,362225,0.2012781479779412,6,362225_152012_6,362225_152012
2998,person,0.9981908000000002,52,57,335,534,152012,362225,0.1938634535845588,5,362225_152012_5,362225_152012
2999,bottle,0.87991774,616,449,644,507,152012,362225,0.0023322610294117,2,362225_152012_2,362225_152012
3000,bottle,0.8720206,651,432,674,506,152012,362225,0.002444278492647,3,362225_152012_3,362225_152012
3001,chair,0.8219405999999999,409,467,501,544,152012,362225,0.0101734834558823,4,362225_152012_4,362225_152012
3002,bottle,0.66141635,625,447,647,506,152012,362225,0.0018640854779411,0,362225_152012_0,362225_152012
3003,bottle,0.50233775,641,442,663,506,152012,362225,0.0020220588235294,1,362225_152012_1,362225_152012
3004,person,0.99795425,384,29,511,479,152190,362225,0.0820743336397058,7,362225_152190_7,362225_152190
3005,person,0.99720037,789,127,1136,530,152190,362225,0.2008286420036764,9,362225_152190_9,362225_152190
3006,bottle,0.9687667,232,469,286,544,152190,362225,0.0058162913602941,5,362225_152190_5,362225_152190
3007,chair,0.94741464,500,307,809,544,152190,362225,0.1051714728860294,8,362225_152190_8,362225_152190
3008,bottle,0.84266585,527,236,547,310,152190,362225,0.0021254595588235,3,362225_152190_3,362225_152190
3009,bottle,0.8316466999999998,533,236,553,310,152190,362225,0.0021254595588235,4,362225_152190_4,362225_152190
3010,chair,0.7176534000000001,291,273,383,447,152190,362225,0.0229894301470588,6,362225_152190_6,362225_152190
3011,bottle,0.528122,557,362,573,408,152190,362225,0.0010569852941176,0,362225_152190_0,362225_152190
3012,bottle,0.5230224,508,249,525,309,152190,362225,0.00146484375,2,362225_152190_2,362225_152190
3013,bottle,0.516724,505,256,519,311,152190,362225,0.0011058134191176,1,362225_152190_1,362225_152190
3014,person,0.9973596,805,144,1140,534,152368,362225,0.1876292509191176,10,362225_152368_10,362225_152368
3015,person,0.9968927,376,34,518,493,152368,362225,0.093603515625,8,362225_152368_8,362225_152368
3016,chair,0.91811305,506,315,833,544,152368,362225,0.1075410730698529,9,362225_152368_9,362225_152368
3017,bottle,0.90763485,535,245,557,321,152368,362225,0.0024011948529411,3,362225_152368_3,362225_152368
3018,bottle,0.87894344,240,478,295,543,152368,362225,0.0051341337316176,4,362225_152368_4,362225_152368
3019,bottle,0.7288008,502,270,521,317,152368,362225,0.0012824563419117,0,362225_152368_0,362225_152368
3020,chair,0.7246495,295,272,390,448,152368,362225,0.0240119485294117,6,362225_152368_6,362225_152368
3021,couch,0.69509476,523,348,1208,544,152368,362225,0.1928136488970588,11,362225_152368_11,362225_152368
3022,chair,0.5272893,1134,431,1260,542,152368,362225,0.0200855928308823,5,362225_152368_5,362225_152368
3023,bottle,0.52305317,541,244,562,319,152368,362225,0.0022618910845588,2,362225_152368_2,362225_152368
3024,suitcase,0.5109867,157,314,356,504,152368,362225,0.054299747242647,7,362225_152368_7,362225_152368
3025,bottle,0.50005335,528,251,547,317,152368,362225,0.0018008961397058,1,362225_152368_1,362225_152368
3026,person,0.99938023,315,55,609,544,152546,362225,0.2064654181985294,5,362225_152546_5,362225_152546
3027,person,0.9916534,744,175,1030,538,152546,362225,0.1490952435661764,4,362225_152546_4,362225_152546
3028,chair,0.86522216,186,310,281,480,152546,362225,0.023193359375,1,362225_152546_1,362225_152546
3029,chair,0.56391186,512,357,705,521,152546,362225,0.0454561121323529,3,362225_152546_3,362225_152546
3030,backpack,0.5524564000000001,68,436,262,536,152546,362225,0.0278607536764705,2,362225_152546_2,362225_152546
3031,chair,0.53108555,1020,473,1145,540,152546,362225,0.0120275160845588,0,362225_152546_0,362225_152546
3032,person,0.99877125,526,21,981,544,152724,362225,0.3417466107536765,2,362225_152724_2,362225_152724
3033,person,0.710097,0,0,627,532,152724,362225,0.4790383731617647,4,362225_152724_4,362225_152724
3034,couch,0.6902335,878,398,1075,542,152724,362225,0.0407398897058823,0,362225_152724_0,362225_152724
3035,couch,0.5824895999999999,734,384,1070,538,152724,362225,0.0743106617647058,1,362225_152724_1,362225_152724
3036,bed,0.58244866,25,8,634,518,152724,362225,0.446044921875,3,362225_152724_3,362225_152724
3037,person,0.9882061,370,47,788,530,152902,362225,0.289944278492647,3,362225_152902_3,362225_152902
3038,person,0.94286513,616,0,1271,523,152902,362225,0.4919649011948529,4,362225_152902_4,362225_152902
3039,couch,0.8183369,47,349,317,534,152902,362225,0.0717342601102941,1,362225_152902_1,362225_152902
3040,chair,0.6809028,279,312,424,459,152902,362225,0.0306109260110294,0,362225_152902_0,362225_152902
3041,couch,0.5529411,28,346,713,528,152902,362225,0.1790412454044117,2,362225_152902_2,362225_152902
3042,person,0.99291635,287,42,758,538,153080,362225,0.3355009191176471,5,362225_153080_5,362225_153080
3043,person,0.9684614,562,7,1263,527,153080,362225,0.5234949448529411,6,362225_153080_6,362225_153080
3044,couch,0.87211424,27,344,300,530,153080,362225,0.0729233685661764,3,362225_153080_3,362225_153080
3045,couch,0.7214826999999999,5,337,670,522,153080,362225,0.1766788258272058,4,362225_153080_4,362225_153080
3046,chair,0.6954925000000001,266,307,395,455,153080,362225,0.0274184283088235,2,362225_153080_2,362225_153080
3047,cup,0.6348891999999999,382,409,456,489,153080,362225,0.0085018382352941,1,362225_153080_1,362225_153080
3048,cell phone,0.5327941999999999,238,425,330,453,153080,362225,0.0036994485294117,0,362225_153080_0,362225_153080
3049,person,0.9910772,313,44,726,543,153258,362225,0.2959659352022059,3,362225_153258_3,362225_153258
3050,person,0.96632963,592,0,1269,533,153258,362225,0.5182114545036764,4,362225_153258_4,362225_153258
3051,couch,0.7365361999999999,23,359,283,530,153258,362225,0.0638499540441176,1,362225_153258_1,362225_153258
3052,chair,0.7318534000000001,264,313,390,463,153258,362225,0.0271426930147058,0,362225_153258_0,362225_153258
3053,couch,0.64748025,0,363,627,526,153258,362225,0.1467730353860294,2,362225_153258_2,362225_153258
3054,person,0.986329,239,33,740,534,153436,362225,0.3604678883272059,5,362225_153436_5,362225_153436
3055,person,0.94308317,573,0,1273,531,153436,362225,0.5338062959558824,6,362225_153436_6,362225_153436
3056,couch,0.87714183,0,331,327,526,153436,362225,0.0915742761948529,2,362225_153436_2,362225_153436
3057,chair,0.7870439,244,291,374,436,153436,362225,0.0270708869485294,1,362225_153436_1,362225_153436
3058,couch,0.6263671,42,323,786,531,153436,362225,0.2222426470588235,4,362225_153436_4,362225_153436
3059,wine glass,0.5883411000000001,355,392,417,475,153436,362225,0.0073902803308823,0,362225_153436_0,362225_153436
3060,couch,0.58174384,6,306,467,516,153436,362225,0.1390309053308823,3,362225_153436_3,362225_153436
3061,person,0.98832685,218,147,695,544,153614,362225,0.2719568589154412,3,362225_153614_3,362225_153614
3062,person,0.9774424,578,3,868,539,153614,362225,0.2232306985294117,2,362225_153614_2,362225_153614
3063,person,0.69068444,295,67,792,544,153614,362225,0.3404598460477941,4,362225_153614_4,362225_153614
3064,person,0.59557796,245,390,307,462,153614,362225,0.0064108455882352,0,362225_153614_0,362225_153614
3065,bottle,0.50261056,1219,158,1275,537,153614,362225,0.0304802389705882,1,362225_153614_1,362225_153614
3066,person,0.9910306,36,103,774,544,153792,362225,0.4673971737132353,2,362225_153792_2,362225_153792
3067,person,0.98476946,739,0,1231,515,153792,362225,0.3638844209558824,1,362225_153792_1,362225_153792
3068,person,0.6694491,447,0,1161,544,153792,362225,0.5578125,3,362225_153792_3,362225_153792
3069,person,0.5824151999999999,17,91,496,542,153792,362225,0.3102438534007353,0,362225_153792_0,362225_153792
3070,person,0.9580559,176,20,585,521,153970,362225,0.2942741842830882,0,362225_153970_0,362225_153970
3071,person,0.87973636,413,8,1039,530,153970,362225,0.469284237132353,3,362225_153970_3,362225_153970
3072,person,0.7771759,713,1,1169,526,153970,362225,0.3438074448529412,1,362225_153970_1,362225_153970
3073,person,0.64002746,216,12,808,525,153970,362225,0.4361443014705882,2,362225_153970_2,362225_153970
3074,person,0.9928536,382,21,840,540,154148,362225,0.3413689108455882,0,362225_154148_0,362225_154148
3075,person,0.8105995,131,82,1065,544,154326,362225,0.6196978400735295,0,362225_154326_0,362225_154326
3076,person,0.6954776999999999,334,29,1269,544,154326,362225,0.6915283203125,1,362225_154326_1,362225_154326
3077,person,0.99269414,585,26,801,543,154504,362225,0.1603745404411764,0,362225_154504_0,362225_154504
3078,person,0.9974904,468,18,927,536,154682,362225,0.341455078125,1,362225_154682_1,362225_154682
3079,bed,0.65020984,0,32,596,529,154682,362225,0.4253963694852941,2,362225_154682_2,362225_154682
3080,chair,0.6420866999999999,822,431,1063,537,154682,362225,0.0366871553308823,0,362225_154682_0,362225_154682
3081,person,0.9570673,173,9,979,471,154860,362225,0.5347713694852941,1,362225_154860_1,362225_154860
3082,person,0.7398007,420,16,905,457,154860,362225,0.3071648092830882,0,362225_154860_0,362225_154860
3083,person,0.9779454,0,0,789,535,155038,362225,0.6062083524816176,4,362225_155038_4,362225_155038
3084,person,0.9643476,687,12,1204,535,155038,362225,0.3883142807904412,3,362225_155038_3,362225_155038
3085,car,0.5582714,2,6,70,239,155038,362225,0.02275390625,0,362225_155038_0,362225_155038
3086,person,0.5537105999999999,610,14,1026,534,155038,362225,0.3106617647058824,1,362225_155038_1,362225_155038
3087,person,0.5261243,355,11,790,542,155038,362225,0.3317224839154412,2,362225_155038_2,362225_155038
3088,person,0.96115386,27,0,794,544,155216,362225,0.59921875,3,362225_155216_3,362225_155216
3089,person,0.9602556,610,17,1272,532,155216,362225,0.4896168428308824,2,362225_155216_2,362225_155216
3090,person,0.8019765999999999,243,0,891,506,155216,362225,0.4708869485294118,1,362225_155216_1,362225_155216
3091,person,0.5021166,1098,185,1277,541,155216,362225,0.0915153952205882,0,362225_155216_0,362225_155216
3092,person,0.9206241,94,9,1175,514,155394,362225,0.7839858111213235,0,362225_155394_0,362225_155394
3093,person,0.9471547,569,0,1234,526,155572,362225,0.5023408777573529,2,362225_155572_2,362225_155572
3094,person,0.9074687,159,0,763,544,155572,362225,0.471875,1,362225_155572_1,362225_155572
3095,person,0.80792636,131,32,472,538,155572,362225,0.2477969898897059,0,362225_155572_0,362225_155572
3096,person,0.9908518,0,210,164,536,155750,362225,0.0767807904411764,10,362225_155750_10,362225_155750
3097,person,0.98261684,197,201,330,403,155750,362225,0.0385828354779411,5,362225_155750_5,362225_155750
3098,person,0.9616583,363,131,654,540,155750,362225,0.170925723805147,12,362225_155750_12,362225_155750
3099,person,0.943677,1011,97,1198,366,155750,362225,0.0722412109375,9,362225_155750_9,362225_155750
3100,person,0.9054466999999998,722,212,828,351,155750,362225,0.0211598115808823,1,362225_155750_1,362225_155750
3101,person,0.8592841,844,222,976,384,155750,362225,0.0307100183823529,3,362225_155750_3,362225_155750
3102,person,0.8542214,936,191,1052,366,155750,362225,0.029153262867647,2,362225_155750_2,362225_155750
3103,person,0.81803596,506,78,635,395,155750,362225,0.0587273092830882,8,362225_155750_8,362225_155750
3104,potted plant,0.7398918000000001,600,212,720,406,155750,362225,0.0334329044117647,4,362225_155750_4,362225_155750
3105,person,0.66315615,479,95,658,528,155750,362225,0.1113094554227941,11,362225_155750_11,362225_155750
3106,person,0.54819816,815,113,1266,518,155750,362225,0.2623147403492647,13,362225_155750_13,362225_155750
3107,person,0.51611406,879,196,1053,382,155750,362225,0.0464786305147058,6,362225_155750_6,362225_155750
3108,person,0.5134818,1056,100,1184,204,155750,362225,0.0191176470588235,0,362225_155750_0,362225_155750
3109,chair,0.5128785,87,348,281,540,155750,362225,0.0534926470588235,7,362225_155750_7,362225_155750
3110,person,0.9934814,20,0,794,538,155928,362225,0.5980181525735294,0,362225_155928_0,362225_155928
3111,person,0.99771595,363,11,1073,540,156106,362225,0.5393928079044118,0,362225_156106_0,362225_156106
3112,person,0.9845796999999998,505,0,1272,522,156284,362225,0.5749856387867647,3,362225_156284_3,362225_156284
3113,cup,0.9202941,583,186,812,452,156284,362225,0.0874798943014705,0,362225_156284_0,362225_156284
3114,person,0.54309905,205,247,691,533,156284,362225,0.199615119485294,2,362225_156284_2,362225_156284
3115,wine glass,0.5216003,523,137,832,447,156284,362225,0.1375660615808823,1,362225_156284_1,362225_156284
3116,person,0.9952662,187,20,932,542,156462,362225,0.5584932215073529,0,362225_156462_0,362225_156462
3117,person,0.9976035,380,8,1115,544,156640,362225,0.5657743566176471,0,362225_156640_0,362225_156640
3118,person,0.9953349,347,0,1042,539,156818,362225,0.5379782284007353,0,362225_156818_0,362225_156818
3119,cat,0.62139696,92,113,450,412,156996,362225,0.1537252987132353,0,362225_156996_0,362225_156996
3120,person,0.6299058000000001,172,0,756,523,157174,362225,0.4386374080882353,0,362225_157174_0,362225_157174
3121,person,0.9486652,518,138,636,385,157530,362225,0.0418571920955882,0,362225_157530_0,362225_157530
3122,person,0.9382951,652,90,772,406,157530,362225,0.0544577205882352,1,362225_157530_1,362225_157530
3123,person,0.9965868,351,11,1100,539,157708,362225,0.5679457720588236,0,362225_157708_0,362225_157708
3124,car,0.9101713,20,216,590,413,157886,362225,0.1612620634191176,1,362225_157886_1,362225_157886
3125,car,0.5950826,301,228,700,377,157886,362225,0.085378848805147,0,362225_157886_0,362225_157886
3126,person,0.54806226,186,6,1068,506,158064,362225,0.6333295036764706,0,362225_158064_0,362225_158064
3127,person,0.83460265,488,0,868,532,158420,362225,0.2903262867647059,1,362225_158420_1,362225_158420
3128,person,0.63155043,509,222,553,353,158420,362225,0.0082778033088235,0,362225_158420_0,362225_158420
3129,car,0.98779327,10,217,595,405,158598,362225,0.1579446231617647,0,362225_158598_0,362225_158598
3130,person,0.9958968,385,12,1060,532,158776,362225,0.5040785845588235,0,362225_158776_0,362225_158776
3131,person,0.6947717,321,2,570,371,158954,362225,0.1319522633272059,2,362225_158954_2,362225_158954
3132,person,0.5798188,246,2,326,191,158954,362225,0.0217141544117647,0,362225_158954_0,362225_158954
3133,person,0.5505803000000001,264,0,498,335,158954,362225,0.1125775505514706,1,362225_158954_1,362225_158954
3134,person,0.9207407,378,26,846,532,159132,362225,0.3400850183823529,0,362225_159132_0,362225_159132
3135,person,0.85521746,65,40,676,527,159132,362225,0.4273279526654412,1,362225_159132_1,362225_159132
3136,person,0.7148955,524,23,1280,520,159310,362225,0.5395967371323529,1,362225_159310_1,362225_159310
3137,person,0.58555704,0,89,365,483,159310,362225,0.2065286075367647,0,362225_159310_0,362225_159310
3138,person,0.7137454000000001,221,7,626,337,159488,362225,0.1919376148897058,0,362225_159488_0,362225_159488
3139,person,0.6536251000000001,269,4,835,366,159488,362225,0.2942497702205882,1,362225_159488_1,362225_159488
3140,person,0.5060746,216,0,731,487,159488,362225,0.3601864085477941,2,362225_159488_2,362225_159488
3141,person,0.9924204,202,0,926,544,159666,362225,0.565625,0,362225_159666_0,362225_159666
3142,person,0.99419904,179,18,1014,537,159844,362225,0.6223647173713235,0,362225_159844_0,362225_159844
3143,person,0.9955979,105,30,955,533,160022,362225,0.614013671875,0,362225_160022_0,362225_160022
3144,person,0.98953396,297,0,1112,543,160200,362225,0.6355483111213235,1,362225_160200_1,362225_160200
3145,backpack,0.6428728,763,306,1063,522,160200,362225,0.0930606617647058,0,362225_160200_0,362225_160200
3146,person,0.9963678,229,11,1025,531,160378,362225,0.5944393382352942,0,362225_160378_0,362225_160378
3147,person,0.9636927,13,0,748,523,160556,362225,0.5520522173713235,1,362225_160556_1,362225_160556
3148,person,0.86689943,875,51,1280,538,160556,362225,0.2832533892463235,0,362225_160556_0,362225_160556
3149,person,0.9720962,781,0,1265,538,160734,362225,0.3739545036764706,5,362225_160734_5,362225_160734
3150,person,0.96150124,502,110,808,537,160734,362225,0.187646484375,1,362225_160734_1,362225_160734
3151,person,0.9476463,198,142,573,532,160734,362225,0.2100327435661765,2,362225_160734_2,362225_160734
3152,person,0.9341998,22,60,434,535,160734,362225,0.2810489430147059,4,362225_160734_4,362225_160734
3153,person,0.6278328000000001,896,0,1156,214,160734,362225,0.0799057904411764,0,362225_160734_0,362225_160734
3154,person,0.5311409,339,114,782,537,160734,362225,0.2691133386948529,3,362225_160734_3,362225_160734
3155,person,0.9976265,166,34,979,538,160912,362225,0.5884535845588236,0,362225_160912_0,362225_160912
3156,person,0.9981141,389,10,1090,530,161090,362225,0.5234949448529411,0,362225_161090_0,362225_161090
3157,person,0.9962327,133,28,931,539,161268,362225,0.5856186810661764,0,362225_161268_0,362225_161268
3158,person,0.99785465,168,28,926,534,161446,362225,0.5508214613970588,0,362225_161446_0,362225_161446
3159,person,0.938922,562,179,913,537,161624,362225,0.1804601332720588,0,362225_161624_0,362225_161624
3160,car,0.7417384,498,0,1280,533,161624,362225,0.598583984375,3,362225_161624_3,362225_161624
3161,person,0.67631847,77,82,705,531,161624,362225,0.4049460018382353,2,362225_161624_2,362225_161624
3162,person,0.66559625,90,41,479,508,161624,362225,0.2608901079963235,1,362225_161624_1,362225_161624
3163,person,0.9609579,291,53,905,544,161802,362225,0.4329532398897059,0,362225_161802_0,362225_161802
3164,person,0.99643964,239,37,999,531,161980,362225,0.5391773897058824,0,362225_161980_0,362225_161980
3165,person,0.9961151,361,131,1077,536,162158,362225,0.4164464613970588,0,362225_162158_0,362225_162158
3166,person,0.99822646,367,69,616,539,162336,362225,0.168069278492647,1,362225_162336_1,362225_162336
3167,person,0.9455554,660,226,1049,526,162336,362225,0.1675953584558823,0,362225_162336_0,362225_162336
3168,person,0.9983006,395,106,654,544,162514,362225,0.1629164751838235,0,362225_162514_0,362225_162514
3169,person,0.9910137,210,28,731,544,163048,362225,0.3860811121323529,0,362225_163048_0,362225_163048
3170,person,0.9969798,126,12,908,540,163226,362225,0.59296875,2,362225_163226_2,362225_163226
3171,bottle,0.78575855,5,18,57,209,163226,362225,0.0142635569852941,0,362225_163226_0,362225_163226
3172,bottle,0.7412058000000001,39,3,115,213,163226,362225,0.0229204963235294,1,362225_163226_1,362225_163226
3173,person,0.9859007,306,34,855,544,163404,362225,0.402099609375,1,362225_163404_1,362225_163404
3174,person,0.6359092,422,29,626,148,163404,362225,0.03486328125,0,362225_163404_0,362225_163404
3175,person,0.99764305,364,39,974,544,163582,362225,0.4423971737132353,2,362225_163582_2,362225_163582
3176,bottle,0.93455756,89,0,155,216,163582,362225,0.0204733455882352,1,362225_163582_1,362225_163582
3177,bottle,0.93340605,54,16,107,211,163582,362225,0.0148423138786764,0,362225_163582_0,362225_163582
3178,person,0.99567395,568,9,898,539,163760,362225,0.2511776194852941,0,362225_163760_0,362225_163760
3179,person,0.89760876,97,39,717,531,163938,362225,0.4380744485294117,1,362225_163938_1,362225_163938
3180,person,0.579292,232,40,512,393,163938,362225,0.141946231617647,0,362225_163938_0,362225_163938
3181,person,0.97452945,770,193,1048,544,164294,362225,0.1401338465073529,0,362225_164294_0,362225_164294
3182,person,0.9632559000000002,58,130,290,534,164472,362225,0.1346047794117647,0,362225_164472_0,362225_164472
3183,person,0.9864096,725,71,915,474,164650,362225,0.109963809742647,0,362225_164650_0,362225_164650
3184,person,0.9797593,273,108,830,527,164828,362225,0.3351663028492647,1,362225_164828_1,362225_164828
3185,person,0.6959008000000001,489,126,822,527,164828,362225,0.1917695886948529,0,362225_164828_0,362225_164828
3186,person,0.9677697,1057,76,1280,542,165006,362225,0.1492388556985294,1,362225_165006_1,362225_165006
3187,person,0.92036766,143,57,469,399,165006,362225,0.1601160386029412,2,362225_165006_2,362225_165006
3188,person,0.74963444,388,65,469,390,165006,362225,0.0378058938419117,0,362225_165006_0,362225_165006
3189,person,0.9631516,348,120,1120,544,165184,362225,0.4700827205882353,1,362225_165184_1,362225_165184
3190,person,0.82002497,308,56,809,489,165184,362225,0.3115421070772059,0,362225_165184_0,362225_165184
3191,person,0.9965481,260,71,898,532,165362,362225,0.4223891314338235,1,362225_165362_1,362225_165362
3192,bottle,0.90515274,17,86,78,310,165362,362225,0.0196231617647058,0,362225_165362_0,362225_165362
3193,person,0.99536926,316,63,465,532,165540,362225,0.1003575942095588,0,362225_165540_0,362225_165540
3194,person,0.9398309,600,68,855,484,165540,362225,0.15234375,1,362225_165540_1,362225_165540
3195,person,0.99396133,485,19,1265,535,165718,362225,0.5780101102941176,2,362225_165718_2,362225_165718
3196,person,0.9084558,441,59,761,294,165718,362225,0.1079963235294117,0,362225_165718_0,362225_165718
3197,person,0.7319974,383,52,772,464,165718,362225,0.2301642922794117,1,362225_165718_1,362225_165718
3198,person,0.98600686,347,62,1076,484,165896,362225,0.4418054917279412,0,362225_165896_0,362225_165896
3199,person,0.7696861,886,412,1213,540,166074,362225,0.060110294117647,0,362225_166074_0,362225_166074
3200,person,0.9935861,286,31,960,538,166252,362225,0.4907485064338235,2,362225_166252_2,362225_166252
3201,laptop,0.7614974,470,307,786,536,166252,362225,0.1039234834558823,1,362225_166252_1,362225_166252
3202,potted plant,0.69381684,765,2,901,162,166252,362225,0.03125,0,362225_166252_0,362225_166252
3203,person,0.9837659,4,0,624,521,166430,362225,0.4638959099264706,0,362225_166430_0,362225_166430
3204,person,0.9624366,554,121,616,313,166608,362225,0.0170955882352941,2,362225_166608_2,362225_166608
3205,person,0.8908709999999999,514,108,565,290,166608,362225,0.013330078125,1,362225_166608_1,362225_166608
3206,chair,0.54727703,411,188,490,297,166608,362225,0.0123664407169117,0,362225_166608_0,362225_166608
3207,person,0.96522516,341,19,1139,539,166786,362225,0.5959329044117647,0,362225_166786_0,362225_166786
3208,person,0.90064293,393,66,846,533,166964,362225,0.3038129021139706,0,362225_166964_0,362225_166964
3209,person,0.9150102,359,15,831,526,167142,362225,0.3463809742647059,0,362225_167142_0,362225_167142
3210,person,0.5990568000000001,71,22,871,543,167142,362225,0.5985753676470589,1,362225_167142_1,362225_167142
3211,person,0.98890173,616,0,1280,533,167320,362225,0.5082605698529412,4,362225_167320_4,362225_167320
3212,person,0.78296345,82,116,174,281,167320,362225,0.0218003216911764,0,362225_167320_0,362225_167320
3213,tv,0.73048425,47,74,218,323,167320,362225,0.0611486098345588,1,362225_167320_1,362225_167320
3214,oven,0.7065326999999999,0,310,285,544,167320,362225,0.0957749310661764,3,362225_167320_3,362225_167320
3215,tv,0.64492166,348,30,513,298,167320,362225,0.0635052849264705,2,362225_167320_2,362225_167320
3216,person,0.9955521,271,4,975,536,167498,362225,0.5378676470588235,2,362225_167498_2,362225_167498
3217,chair,0.5803144,272,215,456,498,167498,362225,0.0747817095588235,1,362225_167498_1,362225_167498
3218,chair,0.5440236999999999,283,233,433,420,167498,362225,0.040283203125,0,362225_167498_0,362225_167498
3219,person,0.99457943,215,0,779,534,167676,362225,0.4325252757352941,0,362225_167676_0,362225_167676
3220,person,0.9954151,179,0,717,537,167854,362225,0.4149040670955882,0,362225_167854_0,362225_167854
3221,person,0.99062014,355,247,695,537,168032,362225,0.1416015625,4,362225_168032_4,362225_168032
3222,person,0.98010075,5,182,351,542,168032,362225,0.1788832720588235,5,362225_168032_5,362225_168032
3223,person,0.97481143,735,57,1063,528,168032,362225,0.2218635110294117,6,362225_168032_6,362225_168032
3224,person,0.95041066,314,276,477,509,168032,362225,0.0545424517463235,1,362225_168032_1,362225_168032
3225,person,0.94792134,621,243,787,516,168032,362225,0.0650821461397058,2,362225_168032_2,362225_168032
3226,person,0.7251434,0,245,41,381,168032,362225,0.0080078125,0,362225_168032_0,362225_168032
3227,person,0.6224592,1067,95,1280,544,168032,362225,0.1373463350183823,3,362225_168032_3,362225_168032
3228,bottle,0.99035627,209,15,302,299,168210,362225,0.0379308363970588,2,362225_168210_2,362225_168210
3229,bottle,0.95763505,138,199,237,488,168210,362225,0.0410888671875,3,362225_168210_3,362225_168210
3230,cup,0.95211506,464,401,568,539,168210,362225,0.0206112132352941,1,362225_168210_1,362225_168210
3231,bottle,0.78929883,64,226,235,492,168210,362225,0.0653234145220588,4,362225_168210_4,362225_168210
3232,person,0.72570574,493,0,967,498,168210,362225,0.3389993106617647,7,362225_168210_7,362225_168210
3233,person,0.6070038000000001,316,11,839,332,168210,362225,0.2411003561580882,6,362225_168210_6,362225_168210
3234,bowl,0.5642279,260,290,348,334,168210,362225,0.0055606617647058,0,362225_168210_0,362225_168210
3235,person,0.52041805,600,0,845,295,168210,362225,0.1037956686580882,5,362225_168210_5,362225_168210
3236,person,0.9968226,190,38,885,534,168388,362225,0.4950597426470588,1,362225_168388_1,362225_168388
3237,bottle,0.9083395,31,33,98,254,168388,362225,0.0212646484375,0,362225_168388_0,362225_168388
3238,person,0.99841416,224,31,913,544,168566,362225,0.5076071346507353,3,362225_168566_3,362225_168566
3239,bottle,0.9676011,61,35,124,248,168566,362225,0.0192713120404411,2,362225_168566_2,362225_168566
3240,bottle,0.7554746,22,64,73,251,168566,362225,0.0136962890625,1,362225_168566_1,362225_168566
3241,chair,0.6393821999999999,882,379,920,466,168566,362225,0.0047478170955882,0,362225_168566_0,362225_168566
3242,person,0.9576424,40,0,924,544,168744,362225,0.690625,0,362225_168744_0,362225_168744
3243,person,0.82804763,417,80,839,499,168922,362225,0.2539321001838235,0,362225_168922_0,362225_168922
3244,person,0.99020314,100,93,1012,538,169100,362225,0.5828354779411765,4,362225_169100_4,362225_169100
3245,person,0.956533,929,0,1273,534,169100,362225,0.2638097426470588,3,362225_169100_3,362225_169100
3246,person,0.9335058,767,180,1015,406,169100,362225,0.0804917279411764,1,362225_169100_1,362225_169100
3247,person,0.8736940000000001,334,178,397,254,169100,362225,0.0068761488970588,0,362225_169100_0,362225_169100
3248,person,0.55570114,1063,8,1277,504,169100,362225,0.1524356617647058,2,362225_169100_2,362225_169100
3249,person,0.99885046,496,38,884,532,169278,362225,0.2752642463235294,0,362225_169278_0,362225_169278
3250,person,0.9984164,524,35,890,538,169456,362225,0.2643870634191177,0,362225_169456_0,362225_169456
3251,person,0.9978138,522,35,919,544,169634,362225,0.2902013442095588,0,362225_169634_0,362225_169634
3252,person,0.99426264,631,30,1077,537,169812,362225,0.3247386259191177,2,362225_169812_2,362225_169812
3253,person,0.98815143,43,8,690,530,169812,362225,0.4850269990808824,3,362225_169812_3,362225_169812
3254,person,0.9786981,1101,209,1275,544,169812,362225,0.0837115119485294,0,362225_169812_0,362225_169812
3255,bed,0.5858979,30,267,722,531,169812,362225,0.2623621323529412,1,362225_169812_1,362225_169812
3256,person,0.99644667,187,50,739,544,169990,362225,0.3916130514705882,1,362225_169990_1,362225_169990
3257,person,0.99525553,590,0,1231,536,169990,362225,0.4934168198529412,2,362225_169990_2,362225_169990
3258,person,0.5808833000000001,985,187,1178,415,169990,362225,0.0631950827205882,0,362225_169990_0,362225_169990
3259,person,0.99814236,637,34,936,541,170168,362225,0.217705939797794,5,362225_170168_5,362225_170168
3260,person,0.99137443,347,89,654,539,170168,362225,0.1984001608455882,4,362225_170168_4,362225_170168
3261,person,0.93340534,970,18,1278,534,170168,362225,0.2282398897058823,6,362225_170168_6,362225_170168
3262,person,0.9054572,156,5,403,351,170168,362225,0.1227338005514705,3,362225_170168_3,362225_170168
3263,person,0.5822010999999999,150,58,219,127,170168,362225,0.0068373736213235,0,362225_170168_0,362225_170168
3264,person,0.58005947,36,99,209,293,170168,362225,0.0481991038602941,1,362225_170168_1,362225_170168
3265,person,0.56337947,43,76,320,345,170168,362225,0.107009708180147,2,362225_170168_2,362225_170168
3266,person,0.9901876,407,245,661,540,170346,362225,0.1076085707720588,0,362225_170346_0,362225_170346
3267,person,0.9838457,302,426,468,544,170524,362225,0.0281307444852941,10,362225_170524_10,362225_170524
3268,person,0.9833838,167,419,275,543,170524,362225,0.0192325367647058,7,362225_170524_7,362225_170524
3269,person,0.97213787,1,436,102,544,170524,362225,0.0156652113970588,6,362225_170524_6,362225_170524
3270,person,0.95079064,507,398,669,540,170524,362225,0.0330365349264705,11,362225_170524_11,362225_170524
3271,person,0.9453437,649,446,814,539,170524,362225,0.0220372817095588,9,362225_170524_9,362225_170524
3272,person,0.9451855,774,333,927,544,170524,362225,0.0463623046875,14,362225_170524_14,362225_170524
3273,person,0.9333076,911,357,1076,536,170524,362225,0.0424158432904411,13,362225_170524_13,362225_170524
3274,person,0.91949266,404,432,480,530,170524,362225,0.010696231617647,4,362225_170524_4,362225_170524
3275,person,0.8786315999999998,1059,379,1213,537,170524,362225,0.0349437040441176,12,362225_170524_12,362225_170524
3276,person,0.83125275,132,490,185,539,170524,362225,0.0037296070772058,2,362225_170524_2,362225_170524
3277,person,0.8197359000000001,1218,268,1280,492,170524,362225,0.0199448529411764,8,362225_170524_8,362225_170524
3278,person,0.8086526999999999,1207,335,1242,381,170524,362225,0.0023121553308823,1,362225_170524_1,362225_170524
3279,person,0.80219823,880,384,937,468,170524,362225,0.0068761488970588,3,362225_170524_3,362225_170524
3280,person,0.6307938,743,181,767,235,170524,362225,0.0018612132352941,0,362225_170524_0,362225_170524
3281,person,0.53996265,371,436,473,538,170524,362225,0.01494140625,5,362225_170524_5,362225_170524
3282,person,0.95530504,0,146,112,379,170702,362225,0.0374770220588235,11,362225_170702_11,362225_170702
3283,potted plant,0.86703205,1081,212,1216,396,170702,362225,0.0356732536764705,10,362225_170702_10,362225_170702
3284,person,0.84839046,929,207,991,300,170702,362225,0.0082806755514705,5,362225_170702_5,362225_170702
3285,person,0.82385945,788,223,870,314,170702,362225,0.0107163373161764,7,362225_170702_7,362225_170702
3286,person,0.7563481,990,226,1054,297,170702,362225,0.0065257352941176,1,362225_170702_1,362225_170702
3287,person,0.72377205,872,226,952,307,170702,362225,0.0093060661764705,6,362225_170702_6,362225_170702
3288,person,0.6825733,1048,215,1114,292,170702,362225,0.0072983685661764,4,362225_170702_4,362225_170702
3289,person,0.66826296,1188,205,1252,369,170702,362225,0.0150735294117647,9,362225_170702_9,362225_170702
3290,person,0.63141406,735,213,788,304,170702,362225,0.0069264131433823,2,362225_170702_2,362225_170702
3291,person,0.561805,866,216,922,304,170702,362225,0.0070772058823529,3,362225_170702_3,362225_170702
3292,person,0.51908255,889,212,969,307,170702,362225,0.0109145220588235,8,362225_170702_8,362225_170702
3293,person,0.5114093,697,262,778,312,170702,362225,0.0058162913602941,0,362225_170702_0,362225_170702
3294,person,0.9650813,1169,415,1274,537,170880,362225,0.0183967141544117,4,362225_170880_4,362225_170880
3295,person,0.9552399,983,469,1137,542,170880,362225,0.0161448759191176,3,362225_170880_3,362225_170880
3296,person,0.8627815999999999,350,485,496,538,170880,362225,0.0111127068014705,2,362225_170880_2,362225_170880
3297,person,0.84980065,1002,273,1041,365,170880,362225,0.0051528033088235,0,362225_170880_0,362225_170880
3298,person,0.8026576999999999,97,160,155,278,170880,362225,0.0098288143382352,1,362225_170880_1,362225_170880
3299,horse,0.7336215,542,234,686,384,170880,362225,0.0310202205882352,6,362225_170880_6,362225_170880
3300,car,0.66959697,850,255,1010,340,170880,362225,0.01953125,5,362225_170880_5,362225_170880
3301,person,0.98370266,27,0,278,508,171058,362225,0.1831169577205882,8,362225_171058_8,362225_171058
3302,person,0.9606546,1089,101,1228,411,171058,362225,0.0618824678308823,5,362225_171058_5,362225_171058
3303,person,0.9410556,815,91,1144,466,171058,362225,0.1771814682904411,7,362225_171058_7,362225_171058
3304,person,0.9283198,252,78,670,441,171058,362225,0.2179084329044117,9,362225_171058_9,362225_171058
3305,person,0.8323495999999999,1221,186,1280,424,171058,362225,0.020166015625,3,362225_171058_3,362225_171058
3306,person,0.82982755,252,142,358,306,171058,362225,0.0249655330882352,4,362225_171058_4,362225_171058
3307,wine glass,0.80136037,790,395,834,473,171058,362225,0.0049287683823529,1,362225_171058_1,362225_171058
3308,person,0.75776684,306,160,401,282,171058,362225,0.0166446461397058,2,362225_171058_2,362225_171058
3309,person,0.6831934000000001,577,217,773,495,171058,362225,0.0782513786764705,6,362225_171058_6,362225_171058
3310,tie,0.52208835,123,73,161,158,171058,362225,0.004638671875,0,362225_171058_0,362225_171058
3311,person,0.9945117,62,126,412,534,171236,362225,0.205078125,11,362225_171236_11,362225_171236
3312,person,0.9914526,1037,183,1279,539,171236,362225,0.1237247242647058,10,362225_171236_10,362225_171236
3313,person,0.984574,465,146,829,544,171236,362225,0.2080537683823529,12,362225_171236_12,362225_171236
3314,person,0.9442677,314,150,487,543,171236,362225,0.0976404526654411,8,362225_171236_8,362225_171236
3315,person,0.93718165,968,77,1161,379,171236,362225,0.0837057674632353,7,362225_171236_7,362225_171236
3316,person,0.92815846,786,153,925,541,171236,362225,0.0774528952205882,6,362225_171236_6,362225_171236
3317,backpack,0.86727077,568,290,773,540,171236,362225,0.0736012178308823,5,362225_171236_5,362225_171236
3318,person,0.82461494,1,312,81,539,171236,362225,0.0260799632352941,3,362225_171236_3,362225_171236
3319,person,0.7749909,446,168,571,385,171236,362225,0.0389547909007352,4,362225_171236_4,362225_171236
3320,person,0.7165802,868,163,1081,544,171236,362225,0.1165455537683823,9,362225_171236_9,362225_171236
3321,person,0.5824845000000001,824,101,921,221,171236,362225,0.0167164522058823,2,362225_171236_2,362225_171236
3322,person,0.56163406,1142,94,1226,186,171236,362225,0.0110983455882352,0,362225_171236_0,362225_171236
3323,person,0.5379719000000001,1227,138,1280,344,171236,362225,0.0156795726102941,1,362225_171236_1,362225_171236
3324,person,0.9733951,2,65,318,540,171414,362225,0.2155618106617647,1,362225_171414_1,362225_171414
3325,person,0.9226593,189,1,1080,544,171414,362225,0.6948141659007353,3,362225_171414_3,362225_171414
3326,person,0.8972372999999999,789,186,1187,540,171414,362225,0.2023380055147058,0,362225_171414_0,362225_171414
3327,person,0.5505180000000001,683,96,1218,539,171414,362225,0.3403679342830882,2,362225_171414_2,362225_171414
3328,person,0.8225809999999999,1060,17,1275,526,171592,362225,0.1571619370404411,1,362225_171592_1,362225_171592
3329,person,0.7283738000000001,1050,5,1274,233,171592,362225,0.0733455882352941,0,362225_171592_0,362225_171592
3330,person,0.64984643,9,19,689,544,171592,362225,0.5126953125,2,362225_171592_2,362225_171592
3331,person,0.93774635,1086,370,1232,543,171770,362225,0.0362735523897058,18,362225_171770_18,362225_171770
3332,person,0.914059,1170,328,1259,507,171770,362225,0.022878848805147,16,362225_171770_16,362225_171770
3333,person,0.8962468000000001,827,417,901,517,171770,362225,0.0106272977941176,14,362225_171770_14,362225_171770
3334,person,0.8942739,882,420,932,507,171770,362225,0.0062471277573529,9,362225_171770_9,362225_171770
3335,person,0.88762486,727,463,816,544,171770,362225,0.0103529986213235,12,362225_171770_12,362225_171770
3336,person,0.855767,931,430,1096,540,171770,362225,0.0260656020220588,17,362225_171770_17,362225_171770
3337,person,0.84188104,320,478,400,543,171770,362225,0.0074678308823529,10,362225_171770_10,362225_171770
3338,potted plant,0.77510077,0,424,39,476,171770,362225,0.0029124540441176,3,362225_171770_3,362225_171770
3339,person,0.7652529,667,460,731,542,171770,362225,0.0075367647058823,11,362225_171770_11,362225_171770
3340,sheep,0.72602624,98,504,141,544,171770,362225,0.0024701286764705,1,362225_171770_1,362225_171770
3341,person,0.71456057,1039,423,1098,495,171770,362225,0.0061006433823529,8,362225_171770_8,362225_171770
3342,person,0.712594,256,496,298,542,171770,362225,0.0027745863970588,2,362225_171770_2,362225_171770
3343,person,0.69090116,782,423,856,534,171770,362225,0.0117963005514705,15,362225_171770_15,362225_171770
3344,person,0.661342,935,375,1017,464,171770,362225,0.0104808134191176,13,362225_171770_13,362225_171770
3345,person,0.6535958000000001,460,484,521,544,171770,362225,0.0052562040441176,6,362225_171770_6,362225_171770
3346,person,0.6380985,366,486,416,536,171770,362225,0.0035903033088235,4,362225_171770_4,362225_171770
3347,person,0.5778494000000001,1019,412,1067,480,171770,362225,0.0046875,5,362225_171770_5,362225_171770
3348,person,0.55735534,1144,501,1239,544,171770,362225,0.0058665556066176,7,362225_171770_7,362225_171770
3349,person,0.5382640999999999,715,224,742,249,171770,362225,0.0009693818933823,0,362225_171770_0,362225_171770
3350,person,0.9970541,115,35,473,539,171948,362225,0.2591222426470588,6,362225_171948_6,362225_171948
3351,person,0.9853527,960,309,1275,544,171948,362225,0.1063088809742647,4,362225_171948_4,362225_171948
3352,person,0.98392534,327,261,686,544,171948,362225,0.1459056181066176,5,362225_171948_5,362225_171948
3353,person,0.981167,884,248,1071,533,171948,362225,0.0765380859375,2,362225_171948_2,362225_171948
3354,person,0.95214266,20,343,146,536,171948,362225,0.0349235983455882,1,362225_171948_1,362225_171948
3355,person,0.89669895,643,421,760,542,171948,362225,0.0203311695772058,0,362225_171948_0,362225_171948
3356,person,0.8145142,918,273,1134,544,171948,362225,0.0840647977941176,3,362225_171948_3,362225_171948
3357,person,0.9908139,2,125,155,537,172126,362225,0.09052734375,4,362225_172126_4,362225_172126
3358,person,0.9838345,272,233,668,538,172126,362225,0.1734547334558823,7,362225_172126_7,362225_172126
3359,person,0.982532,115,11,399,538,172126,362225,0.21494140625,8,362225_172126_8,362225_172126
3360,person,0.9801415,900,237,1228,542,172126,362225,0.1436695772058823,5,362225_172126_5,362225_172126
3361,tie,0.94733554,454,443,491,539,172126,362225,0.0051011029411764,1,362225_172126_1,362225_172126
3362,person,0.9363018,833,250,987,525,172126,362225,0.0608197380514705,3,362225_172126_3,362225_172126
3363,person,0.91907036,319,35,670,527,172126,362225,0.2480066636029412,10,362225_172126_10,362225_172126
3364,person,0.83343863,348,24,603,432,172126,362225,0.1494140625,6,362225_172126_6,362225_172126
3365,person,0.6441564000000001,603,392,718,534,172126,362225,0.0234518612132352,2,362225_172126_2,362225_172126
3366,person,0.64024454,229,34,556,534,172126,362225,0.2348058363970588,9,362225_172126_9,362225_172126
3367,remote,0.58338964,42,428,96,479,172126,362225,0.003955078125,0,362225_172126_0,362225_172126
3368,person,0.9897424,626,56,881,535,172304,362225,0.1754150390625,6,362225_172304_6,362225_172304
3369,person,0.98668706,0,246,210,543,172304,362225,0.0895708869485294,4,362225_172304_4,362225_172304
3370,person,0.9792718,369,439,501,540,172304,362225,0.0191463694852941,1,362225_172304_1,362225_172304
3371,person,0.9637852,508,247,651,540,172304,362225,0.0601720473345588,3,362225_172304_3,362225_172304
3372,person,0.9350014,98,438,240,542,172304,362225,0.0212086397058823,2,362225_172304_2,362225_172304
3373,person,0.9189085,838,170,1030,537,172304,362225,0.1011948529411764,5,362225_172304_5,362225_172304
3374,person,0.8254915999999999,1141,473,1218,541,172304,362225,0.00751953125,0,362225_172304_0,362225_172304
3375,person,0.5491090000000001,497,77,949,543,172304,362225,0.302493106617647,7,362225_172304_7,362225_172304
3376,person,0.9862918,69,428,193,544,172482,362225,0.020657169117647,15,362225_172482_15,362225_172482
3377,person,0.9813799,463,417,569,544,172482,362225,0.0193330652573529,13,362225_172482_13,362225_172482
3378,person,0.9743284,288,434,413,544,172482,362225,0.0197466681985294,14,362225_172482_14,362225_172482
3379,person,0.9728271,671,407,755,544,172482,362225,0.0165268841911764,10,362225_172482_10,362225_172482
3380,person,0.970022,545,396,634,544,172482,362225,0.0189165900735294,12,362225_172482_12,362225_172482
3381,person,0.95636123,222,461,314,538,172482,362225,0.0101734834558823,7,362225_172482_7,362225_172482
3382,potted plant,0.9346699,137,325,181,390,172482,362225,0.0041073069852941,3,362225_172482_3,362225_172482
3383,person,0.9200076,1120,312,1271,536,172482,362225,0.0485753676470588,19,362225_172482_19,362225_172482
3384,person,0.8830992,1058,453,1198,540,172482,362225,0.0174919577205882,11,362225_172482_11,362225_172482
3385,person,0.87474823,1053,354,1132,467,172482,362225,0.012820255055147,8,362225_172482_8,362225_172482
3386,person,0.87161815,1130,355,1180,436,172482,362225,0.0058162913602941,4,362225_172482_4,362225_172482
3387,potted plant,0.78483343,221,339,259,396,172482,362225,0.0031106387867647,1,362225_172482_1,362225_172482
3388,person,0.77338934,872,390,1071,538,172482,362225,0.0422966452205882,18,362225_172482_18,362225_172482
3389,person,0.747753,681,139,732,226,172482,362225,0.0063720703125,5,362225_172482_5,362225_172482
3390,car,0.7302367,735,124,776,144,172482,362225,0.0011776194852941,0,362225_172482_0,362225_172482
3391,person,0.6436807,942,389,1064,544,172482,362225,0.0271570542279411,17,362225_172482_17,362225_172482
3392,person,0.6361121999999999,609,416,651,539,172482,362225,0.0074190027573529,6,362225_172482_6,362225_172482
3393,person,0.6318526,1250,355,1280,435,172482,362225,0.0034466911764705,2,362225_172482_2,362225_172482
3394,person,0.57469076,894,411,1006,541,172482,362225,0.0209099264705882,16,362225_172482_16,362225_172482
3395,person,0.5246651,897,390,993,505,172482,362225,0.0158547794117647,9,362225_172482_9,362225_172482
3396,person,0.9618728,791,183,1229,537,172660,362225,0.2226734834558824,2,362225_172660_2,362225_172660
3397,person,0.9601647,553,36,980,544,172660,362225,0.3115176930147059,3,362225_172660_3,362225_172660
3398,person,0.95523083,629,81,1226,542,172660,362225,0.3952450022977941,4,362225_172660_4,362225_172660
3399,person,0.9350348,410,269,656,544,172660,362225,0.0971536075367647,1,362225_172660_1,362225_172660
3400,tie,0.77273786,723,444,782,544,172660,362225,0.0084731158088235,0,362225_172660_0,362225_172660
3401,dog,0.89527774,134,29,876,517,172838,362225,0.5200137867647059,0,362225_172838_0,362225_172838
3402,person,0.70537305,36,14,832,523,172838,362225,0.5818646599264706,1,362225_172838_1,362225_172838
3403,horse,0.5064386,0,14,816,526,172838,362225,0.6,2,362225_172838_2,362225_172838
3404,person,0.97006273,223,9,1009,543,173016,362225,0.6027745863970588,1,362225_173016_1,362225_173016
3405,person,0.7994432,97,23,747,533,173016,362225,0.47607421875,0,362225_173016_0,362225_173016
3406,person,0.8925496999999999,149,9,1115,504,173194,362225,0.6867101332720589,1,362225_173194_1,362225_173194
3407,person,0.5168687,108,398,427,536,173194,362225,0.0632209329044117,0,362225_173194_0,362225_173194
3408,person,0.9054336,0,7,839,517,173372,362225,0.614501953125,0,362225_173372_0,362225_173372
3409,person,0.998792,487,0,998,537,173550,362225,0.3940817440257353,2,362225_173550_2,362225_173550
3410,book,0.5663199999999999,21,109,89,308,173550,362225,0.01943359375,1,362225_173550_1,362225_173550
3411,book,0.51838744,74,126,114,297,173550,362225,0.0098230698529411,0,362225_173550_0,362225_173550
3412,person,0.99864906,438,24,920,544,173728,362225,0.3599494485294117,1,362225_173728_1,362225_173728
3413,person,0.7450724,316,456,381,537,173728,362225,0.0075611787683823,0,362225_173728_0,362225_173728
3414,person,0.98786247,908,1,1267,537,173906,362225,0.2763442095588235,4,362225_173906_4,362225_173906
3415,bottle,0.9767561,1038,379,1172,542,173906,362225,0.0313677619485294,2,362225_173906_2,362225_173906
3416,tv,0.9235519,275,56,817,500,173906,362225,0.3455997242647059,5,362225_173906_5,362225_173906
3417,book,0.7930135,9,43,67,294,173906,362225,0.0209070542279411,0,362225_173906_0,362225_173906
3418,book,0.7238777,52,63,136,280,173906,362225,0.0261776194852941,1,362225_173906_1,362225_173906
3419,person,0.60051244,764,3,967,188,173906,362225,0.053933536305147,3,362225_173906_3,362225_173906
3420,person,0.9953832,287,70,861,538,174084,362225,0.3857881433823529,0,362225_174084_0,362225_174084
3421,person,0.99879396,220,51,551,533,174262,362225,0.2291216681985294,3,362225_174262_3,362225_174262
3422,bottle,0.8779167,558,71,584,125,174262,362225,0.0020163143382352,1,362225_174262_1,362225_174262
3423,bottle,0.8558734,532,71,557,124,174262,362225,0.0019028607536764,0,362225_174262_0,362225_174262
3424,couch,0.55282545,509,413,900,530,174262,362225,0.0656982421875,2,362225_174262_2,362225_174262
3425,person,0.7739505999999999,537,0,1037,543,174618,362225,0.3899069393382353,0,362225_174618_0,362225_174618
3426,person,0.6716112,0,1,603,544,174618,362225,0.4702277688419118,1,362225_174618_1,362225_174618
3427,person,0.9951422,361,31,665,541,174796,362225,0.22265625,0,362225_174796_0,362225_174796
3428,person,0.88118595,573,351,770,510,174974,362225,0.0449836282169117,0,362225_174974_0,362225_174974
3429,car,0.79727024,125,11,635,299,174974,362225,0.2109375,1,362225_174974_1,362225_174974
3430,truck,0.60751015,80,11,634,305,174974,362225,0.2339096966911765,2,362225_174974_2,362225_174974
3431,person,0.76680744,761,95,1078,309,175152,362225,0.0974235983455882,0,362225_175152_0,362225_175152
3432,person,0.9450921999999998,630,296,714,411,175330,362225,0.0138729319852941,1,362225_175330_1,362225_175330
3433,person,0.8505154,538,297,774,464,175330,362225,0.0566004136029411,2,362225_175330_2,362225_175330
3434,car,0.69749194,974,221,1280,493,175330,362225,0.11953125,3,362225_175330_3,362225_175330
3435,dog,0.52222157,675,413,795,465,175330,362225,0.0089613970588235,0,362225_175330_0,362225_175330
3436,person,0.9385433,621,272,699,388,175508,362225,0.0129940257352941,0,362225_175508_0,362225_175508
3437,person,0.81654763,534,230,654,381,175508,362225,0.0260225183823529,1,362225_175508_1,362225_175508
3438,car,0.7097524000000001,948,190,1263,474,175508,362225,0.1284754136029411,2,362225_175508_2,362225_175508
3439,person,0.8410605,274,23,1020,524,175686,362225,0.5367446001838235,0,362225_175686_0,362225_175686
3440,car,0.8252031999999999,607,209,711,289,175864,362225,0.0119485294117647,0,362225_175864_0,362225_175864
3441,car,0.97229093,667,289,947,383,176042,362225,0.0377987132352941,0,362225_176042_0,362225_176042
3442,car,0.9275987,43,108,724,483,176220,362225,0.3667494829963235,1,362225_176220_1,362225_176220
3443,person,0.71573967,373,151,420,216,176220,362225,0.0043873506433823,0,362225_176220_0,362225_176220
3444,person,0.89915824,0,0,837,525,176398,362225,0.6310676125919118,0,362225_176398_0,362225_176398
3445,oven,0.56181514,42,138,1122,538,176576,362225,0.6204044117647058,0,362225_176576_0,362225_176576
3446,person,0.88939714,488,91,649,426,177110,362225,0.0774572035845588,0,362225_177110_0,362225_177110
3447,horse,0.73565376,446,177,720,456,177110,362225,0.1097857306985294,1,362225_177110_1,362225_177110
3448,person,0.99721634,567,41,741,468,177288,362225,0.1067009420955882,1,362225_177288_1,362225_177288
3449,car,0.68854064,648,162,936,415,177288,362225,0.104641544117647,0,362225_177288_0,362225_177288
3450,person,0.986101,593,163,652,310,177466,362225,0.0124554802389705,1,362225_177466_1,362225_177466
3451,dog,0.77357817,1106,270,1166,338,177466,362225,0.005859375,0,362225_177466_0,362225_177466
3452,truck,0.6518429,921,154,1278,408,177466,362225,0.130224609375,3,362225_177466_3,362225_177466
3453,car,0.6445267,904,151,1278,400,177466,362225,0.133740234375,4,362225_177466_4,362225_177466
3454,teddy bear,0.58568084,492,352,609,468,177466,362225,0.0194910386029411,2,362225_177466_2,362225_177466
3455,person,0.99033654,691,2,1278,531,177644,362225,0.4459487017463235,1,362225_177644_1,362225_177644
3456,dog,0.6933056,609,188,885,510,177644,362225,0.1276309742647058,0,362225_177644_0,362225_177644
3457,person,0.9862238,137,0,843,542,177822,362225,0.5495346966911765,0,362225_177822_0,362225_177822
3458,boat,0.64525664,684,325,811,369,178000,362225,0.0080250459558823,0,362225_178000_0,362225_178000
3459,person,0.99037814,245,87,789,538,178356,362225,0.35234375,0,362225_178356_0,362225_178356
3460,person,0.57797337,185,76,1084,533,178356,362225,0.5900203929227941,1,362225_178356_1,362225_178356
3461,person,0.9590196,458,67,996,527,178534,362225,0.3554113051470588,0,362225_178534_0,362225_178534
3462,person,0.99062073,383,36,1018,543,178712,362225,0.4623520795036765,3,362225_178712_3,362225_178712
3463,potted plant,0.7956114000000001,844,0,1270,514,178712,362225,0.3144588694852941,0,362225_178712_0,362225_178712
3464,potted plant,0.7548048,0,0,446,542,178712,362225,0.3471564797794118,2,362225_178712_2,362225_178712
3465,potted plant,0.51865923,98,0,562,511,178712,362225,0.3405101102941176,1,362225_178712_1,362225_178712
3466,person,0.9945621,370,31,1029,544,178890,362225,0.4855052274816177,2,362225_178890_2,362225_178890
3467,potted plant,0.80784714,760,5,1276,503,178890,362225,0.3690372242647058,0,362225_178890_0,362225_178890
3468,potted plant,0.79007685,0,0,600,518,178890,362225,0.4463465073529412,1,362225_178890_1,362225_178890
3469,person,0.9968142,475,69,947,540,179068,362225,0.3192670036764706,0,362225_179068_0,362225_179068
3470,person,0.99636734,380,10,1019,540,179246,362225,0.4863712086397059,1,362225_179246_1,362225_179246
3471,cake,0.6008472,0,0,394,531,179246,362225,0.3004566865808824,0,362225_179246_0,362225_179246
3472,person,0.9809396,89,0,954,539,179424,362225,0.6695700252757353,0,362225_179424_0,362225_179424
3473,person,0.99396235,154,0,863,544,179602,362225,0.55390625,1,362225_179602_1,362225_179602
3474,person,0.9796752,1080,243,1177,481,179602,362225,0.033154296875,0,362225_179602_0,362225_179602
3475,person,0.99800104,246,39,716,535,179780,362225,0.3347886029411765,1,362225_179780_1,362225_179780
3476,person,0.9928116,965,189,1095,535,179780,362225,0.0645967371323529,0,362225_179780_0,362225_179780
3477,person,0.99910444,339,46,687,537,179958,362225,0.2453871783088236,1,362225_179958_1,362225_179958
3478,person,0.99423814,651,133,793,538,179958,362225,0.0825913373161764,0,362225_179958_0,362225_179958
3479,person,0.9980982,568,0,747,506,180136,362225,0.1300752527573529,1,362225_180136_1,362225_180136
3480,person,0.93787265,345,340,602,544,180136,362225,0.07529296875,0,362225_180136_0,362225_180136
3481,potted plant,0.5647625,728,0,1258,221,180136,362225,0.168212890625,2,362225_180136_2,362225_180136
3482,person,0.97481585,412,194,619,523,180314,362225,0.0978041704963235,0,362225_180314_0,362225_180314
3483,person,0.95439065,482,144,765,531,180314,362225,0.1572854434742647,1,362225_180314_1,362225_180314
3484,person,0.99654573,191,21,752,538,180492,362225,0.4165283203125,0,362225_180492_0,362225_180492
3485,person,0.9823731,593,0,1196,543,180492,362225,0.4702277688419118,1,362225_180492_1,362225_180492
3486,person,0.96920735,249,19,1023,544,180670,362225,0.5835678998161765,1,362225_180670_1,362225_180670
3487,person,0.95295346,529,38,1128,539,180670,362225,0.4309785730698529,0,362225_180670_0,362225_180670
3488,person,0.9957911,375,94,793,540,180848,362225,0.2677332261029412,1,362225_180848_1,362225_180848
3489,person,0.93158686,273,145,475,539,180848,362225,0.1142980238970588,0,362225_180848_0,362225_180848
3490,cake,0.6657743,72,13,988,355,181204,362225,0.4498965992647059,0,362225_181204_0,362225_181204
3491,person,0.9865573,670,149,796,536,181738,362225,0.0700281479779411,0,362225_181738_0,362225_181738
3492,person,0.9792291,753,117,896,537,181738,362225,0.0862534466911764,1,362225_181738_1,362225_181738
3493,person,0.98777753,682,43,868,532,181916,362225,0.1306209788602941,2,362225_181916_2,362225_181916
3494,person,0.98714674,562,70,741,544,181916,362225,0.1218491498161764,1,362225_181916_1,362225_181916
3495,chair,0.5585385,935,437,1089,535,181916,362225,0.0216739430147058,0,362225_181916_0,362225_181916
3496,person,0.9962042,630,204,886,541,182094,362225,0.1238970588235294,1,362225_182094_1,362225_182094
3497,person,0.99043804,501,231,681,535,182094,362225,0.0785845588235294,0,362225_182094_0,362225_182094
