,class,score,x1,y1,x2,y2,frame_num,imdb_id,pct_of_frame,instance_num,instance_id,frame_id
0,stop sign,0.7597098000000001,84,7,435,313,1155,38640,0.6215625,0,38640_1155_0,38640_1155
1,book,0.8897143,4,8,480,311,1309,38640,0.8346527777777778,0,38640_1309_0,38640_1309
2,book,0.8570588,8,0,480,313,1386,38640,0.8549537037037037,1,38640_1386_1,38640_1386
3,book,0.5351646,1,1,149,235,1386,38640,0.2004166666666666,0,38640_1386_0,38640_1386
4,book,0.85383856,23,0,479,316,1463,38640,0.8338888888888889,1,38640_1463_1,38640_1463
5,book,0.6085334,2,5,152,243,1463,38640,0.2065972222222222,0,38640_1463_0,38640_1463
6,book,0.9126546999999998,2,0,480,319,1540,38640,0.8824189814814815,0,38640_1540_0,38640_1540
7,keyboard,0.7075066,5,0,62,92,1617,38640,0.0303472222222222,0,38640_1617_0,38640_1617
8,cow,0.5912212,10,29,422,360,1848,38640,0.7891898148148148,0,38640_1848_0,38640_1848
9,dog,0.52552795,28,33,473,352,1925,38640,0.8214988425925925,0,38640_1925_0,38640_1925
10,person,0.8218211,123,16,480,335,2002,38640,0.6590451388888889,1,38640_2002_1,38640_2002
11,person,0.79672307,142,1,474,179,2002,38640,0.3419907407407408,0,38640_2002_0,38640_2002
12,person,0.9198246,117,13,480,300,2079,38640,0.6028993055555556,1,38640_2079_1,38640_2079
13,person,0.7002474,153,0,474,194,2079,38640,0.3603819444444445,0,38640_2079_0,38640_2079
14,person,0.9000079,141,5,479,273,2156,38640,0.5242129629629629,1,38640_2156_1,38640_2156
15,person,0.6625601,269,5,477,165,2156,38640,0.1925925925925926,0,38640_2156_0,38640_2156
16,person,0.9340471,39,0,474,360,2233,38640,0.90625,0,38640_2233_0,38640_2233
17,person,0.98965794,8,0,467,357,2310,38640,0.94828125,0,38640_2310_0,38640_2310
18,person,0.99117565,15,0,472,357,2387,38640,0.9441493055555557,0,38640_2387_0,38640_2387
19,person,0.9916248,31,0,476,353,2464,38640,0.909056712962963,0,38640_2464_0,38640_2464
20,person,0.9916072,16,0,480,359,2541,38640,0.9639814814814814,0,38640_2541_0,38640_2541
21,person,0.9880321,21,0,473,354,2618,38640,0.9259722222222222,0,38640_2618_0,38640_2618
22,person,0.9918154,41,0,471,354,2695,38640,0.8809027777777778,0,38640_2695_0,38640_2695
23,person,0.98710257,17,0,480,358,2772,38640,0.959224537037037,0,38640_2772_0,38640_2772
24,person,0.9807623,24,9,449,354,2849,38640,0.8485243055555556,1,38640_2849_1,38640_2849
25,person,0.69538486,198,31,476,353,2849,38640,0.5180324074074074,0,38640_2849_0,38640_2849
26,person,0.9721081,221,121,471,353,2926,38640,0.3356481481481481,1,38640_2926_1,38640_2926
27,person,0.93904835,112,0,330,338,2926,38640,0.426412037037037,2,38640_2926_2,38640_2926
28,person,0.67094123,327,122,463,343,2926,38640,0.1739351851851852,0,38640_2926_0,38640_2926
29,person,0.5164802,140,66,403,355,2926,38640,0.4398553240740741,3,38640_2926_3,38640_2926
30,person,0.97364026,92,140,375,347,3003,38640,0.3390104166666666,2,38640_3003_2,38640_3003
31,chair,0.9317313,318,249,423,356,3003,38640,0.0650173611111111,0,38640_3003_0,38640_3003
32,person,0.89831066,108,17,248,272,3003,38640,0.2065972222222222,1,38640_3003_1,38640_3003
33,person,0.993768,33,153,309,360,3080,38640,0.330625,3,38640_3080_3,38640_3080
34,person,0.91433173,321,0,472,360,3080,38640,0.3145833333333333,2,38640_3080_2,38640_3080
35,tie,0.59850496,194,236,225,327,3080,38640,0.0163252314814814,1,38640_3080_1,38640_3080
36,tie,0.5262611,191,239,211,326,3080,38640,0.0100694444444444,0,38640_3080_0,38640_3080
37,person,0.99397486,176,173,439,359,3157,38640,0.2830902777777778,0,38640_3157_0,38640_3157
38,person,0.964575,17,39,218,351,3157,38640,0.3629166666666666,1,38640_3157_1,38640_3157
39,person,0.9683668,274,127,477,350,3234,38640,0.2619733796296296,0,38640_3234_0,38640_3234
40,person,0.78229237,44,16,390,346,3234,38640,0.6607638888888889,3,38640_3234_3,38640_3234
41,person,0.68967724,34,4,263,349,3234,38640,0.4572048611111112,2,38640_3234_2,38640_3234
42,person,0.6547319,136,119,467,352,3234,38640,0.4463136574074074,1,38640_3234_1,38640_3234
43,person,0.9839701,101,0,427,360,3311,38640,0.6791666666666667,0,38640_3311_0,38640_3311
44,person,0.99159485,142,5,402,360,3388,38640,0.5341435185185185,0,38640_3388_0,38640_3388
45,person,0.9916435,140,7,412,360,3465,38640,0.5556481481481481,0,38640_3465_0,38640_3465
46,person,0.96554095,123,19,408,354,3542,38640,0.5525173611111112,1,38640_3542_1,38640_3542
47,person,0.6836076,97,164,180,354,3542,38640,0.091261574074074,0,38640_3542_0,38640_3542
48,person,0.98077756,143,34,417,356,3619,38640,0.5105787037037037,0,38640_3619_0,38640_3619
49,person,0.9950368,214,90,480,356,3696,38640,0.4094675925925926,2,38640_3696_2,38640_3696
50,person,0.9253056,0,0,155,354,3696,38640,0.3175347222222222,1,38640_3696_1,38640_3696
51,tie,0.8199232,347,197,396,319,3696,38640,0.0345949074074074,0,38640_3696_0,38640_3696
52,person,0.98845834,228,94,478,352,3773,38640,0.3732638888888889,1,38640_3773_1,38640_3773
53,person,0.96612453,8,5,176,352,3773,38640,0.3373611111111111,0,38640_3773_0,38640_3773
54,person,0.9905742,226,91,480,353,3850,38640,0.3851157407407407,1,38640_3850_1,38640_3850
55,person,0.8176844,3,1,160,354,3850,38640,0.3207233796296297,0,38640_3850_0,38640_3850
56,person,0.9978059,215,86,477,357,3927,38640,0.4108912037037037,1,38640_3927_1,38640_3927
57,person,0.98258144,0,0,160,349,3927,38640,0.3231481481481481,0,38640_3927_0,38640_3927
58,person,0.98115337,43,2,325,353,4004,38640,0.5728125,2,38640_4004_2,38640_4004
59,person,0.7054416,337,120,473,356,4004,38640,0.1857407407407408,0,38640_4004_0,38640_4004
60,person,0.67685527,155,9,353,352,4004,38640,0.3930208333333333,1,38640_4004_1,38640_4004
61,person,0.97826654,103,1,305,357,4081,38640,0.4161574074074074,1,38640_4081_1,38640_4081
62,person,0.74441576,315,125,470,350,4081,38640,0.2018229166666666,0,38640_4081_0,38640_4081
63,person,0.98857075,124,14,440,357,4158,38640,0.6272453703703704,0,38640_4158_0,38640_4158
64,person,0.99510527,119,14,449,354,4235,38640,0.6493055555555556,0,38640_4235_0,38640_4235
65,person,0.9820679,162,17,419,358,4312,38640,0.5071585648148148,0,38640_4312_0,38640_4312
66,person,0.9890455,115,15,447,353,4389,38640,0.6493981481481481,1,38640_4389_1,38640_4389
67,tie,0.58759624,273,173,309,210,4389,38640,0.0077083333333333,0,38640_4389_0,38640_4389
68,person,0.96952426,163,19,402,355,4466,38640,0.4647222222222222,1,38640_4466_1,38640_4466
69,person,0.5512229999999999,229,101,426,357,4466,38640,0.2918518518518518,0,38640_4466_0,38640_4466
70,person,0.93298936,245,131,471,345,4543,38640,0.2798842592592592,1,38640_4543_1,38640_4543
71,person,0.9020268,28,18,203,330,4543,38640,0.3159722222222222,2,38640_4543_2,38640_4543
72,person,0.61710066,43,30,166,246,4543,38640,0.15375,0,38640_4543_0,38640_4543
73,person,0.5750703,47,34,362,347,4543,38640,0.5705729166666667,3,38640_4543_3,38640_4543
74,person,0.93309563,242,133,469,333,4620,38640,0.2627314814814814,0,38640_4620_0,38640_4620
75,person,0.7022189,33,20,248,346,4620,38640,0.4056134259259259,1,38640_4620_1,38640_4620
76,person,0.55456215,108,125,437,349,4620,38640,0.4264814814814815,2,38640_4620_2,38640_4620
77,person,0.9931926,104,26,466,358,4697,38640,0.6955092592592592,1,38640_4697_1,38640_4697
78,chair,0.55134815,381,68,476,252,4697,38640,0.1011574074074074,0,38640_4697_0,38640_4697
79,person,0.9964935,80,13,480,357,4774,38640,0.7962962962962963,2,38640_4774_2,38640_4774
80,tie,0.7407531999999999,248,170,310,342,4774,38640,0.0617129629629629,1,38640_4774_1,38640_4774
81,tie,0.6638289,265,174,306,311,4774,38640,0.032505787037037,0,38640_4774_0,38640_4774
82,person,0.98204917,161,14,408,353,4851,38640,0.4845659722222222,0,38640_4851_0,38640_4851
83,person,0.98651123,310,133,477,350,4928,38640,0.2097164351851852,0,38640_4928_0,38640_4928
84,person,0.9578599,148,165,337,360,4928,38640,0.21328125,1,38640_4928_1,38640_4928
85,person,0.8721753000000001,38,0,186,356,4928,38640,0.3049074074074074,2,38640_4928_2,38640_4928
86,person,0.96935207,303,136,474,352,5005,38640,0.21375,0,38640_5005_0,38640_5005
87,person,0.7814576999999999,12,27,187,355,5005,38640,0.3321759259259259,1,38640_5005_1,38640_5005
88,person,0.994886,313,23,475,360,5082,38640,0.3159375,1,38640_5082_1,38640_5082
89,person,0.99417925,88,163,329,359,5082,38640,0.2733564814814815,0,38640_5082_0,38640_5082
90,person,0.98948276,215,119,398,358,5159,38640,0.2531076388888889,3,38640_5159_3,38640_5159
91,person,0.9530421,158,0,300,339,5159,38640,0.2785763888888889,4,38640_5159_4,38640_5159
92,chair,0.88322455,370,244,467,354,5159,38640,0.0617476851851851,1,38640_5159_1,38640_5159
93,car,0.587545,11,256,147,305,5159,38640,0.0385648148148148,0,38640_5159_0,38640_5159
94,car,0.5246913000000001,9,259,186,354,5159,38640,0.0973090277777777,2,38640_5159_2,38640_5159
95,person,0.97858286,199,131,393,355,5236,38640,0.2514814814814815,3,38640_5236_3,38640_5236
96,person,0.95820343,121,0,274,325,5236,38640,0.2877604166666667,4,38640_5236_4,38640_5236
97,chair,0.8996629999999999,364,251,458,357,5236,38640,0.057662037037037,1,38640_5236_1,38640_5236
98,tie,0.7960562,286,215,320,340,5236,38640,0.0245949074074074,0,38640_5236_0,38640_5236
99,car,0.5756173000000001,7,268,177,358,5236,38640,0.0885416666666666,2,38640_5236_2,38640_5236
100,person,0.97621584,200,116,386,359,5313,38640,0.2615625,3,38640_5313_3,38640_5313
101,person,0.94470394,133,12,244,350,5313,38640,0.2171180555555555,2,38640_5313_2,38640_5313
102,chair,0.84587044,368,252,462,353,5313,38640,0.0549421296296296,0,38640_5313_0,38640_5313
103,car,0.58791,0,255,174,353,5313,38640,0.0986805555555555,1,38640_5313_1,38640_5313
104,person,0.9880162,161,6,294,353,5390,38640,0.2670775462962963,3,38640_5390_3,38640_5390
105,person,0.97923607,220,121,389,357,5390,38640,0.2308101851851852,2,38640_5390_2,38640_5390
106,chair,0.8681091000000001,372,248,465,354,5390,38640,0.0570486111111111,1,38640_5390_1,38640_5390
107,car,0.5752979,10,301,179,354,5390,38640,0.0518344907407407,0,38640_5390_0,38640_5390
108,person,0.9931677,213,121,449,355,5467,38640,0.3195833333333333,1,38640_5467_1,38640_5467
109,person,0.9185515,141,20,245,345,5467,38640,0.1956018518518518,0,38640_5467_0,38640_5467
110,person,0.99451244,233,119,427,360,5544,38640,0.2705671296296296,3,38640_5544_3,38640_5544
111,tie,0.9603892,299,210,331,342,5544,38640,0.0244444444444444,0,38640_5544_0,38640_5544
112,chair,0.9315115,373,251,457,355,5544,38640,0.0505555555555555,1,38640_5544_1,38640_5544
113,chair,0.56609124,325,254,467,360,5544,38640,0.0871064814814814,2,38640_5544_2,38640_5544
114,person,0.98287386,308,31,458,311,5621,38640,0.2430555555555555,1,38640_5621_1,38640_5621
115,person,0.92104006,99,125,209,284,5621,38640,0.1012152777777777,0,38640_5621_0,38640_5621
116,person,0.9673895,352,25,470,319,5698,38640,0.2007638888888888,1,38640_5698_1,38640_5698
117,person,0.9566656,106,125,207,264,5698,38640,0.0812442129629629,0,38640_5698_0,38640_5698
118,person,0.9364907,152,122,345,350,5775,38640,0.2546527777777778,2,38640_5775_2,38640_5775
119,person,0.91052395,299,48,380,233,5775,38640,0.08671875,0,38640_5775_0,38640_5775
120,person,0.5206792,188,127,340,286,5775,38640,0.1398611111111111,1,38640_5775_1,38640_5775
121,person,0.99489486,255,130,431,352,5852,38640,0.2261111111111111,1,38640_5852_1,38640_5852
122,person,0.891584,92,53,216,299,5852,38640,0.1765277777777777,0,38640_5852_0,38640_5852
123,person,0.99242824,244,137,412,352,5929,38640,0.2090277777777777,1,38640_5929_1,38640_5929
124,person,0.9484515,72,106,247,320,5929,38640,0.216724537037037,2,38640_5929_2,38640_5929
125,chair,0.5177742999999999,393,242,472,354,5929,38640,0.0512037037037037,0,38640_5929_0,38640_5929
126,person,0.99680907,246,132,435,354,6006,38640,0.2428125,1,38640_6006_1,38640_6006
127,person,0.9767223,59,39,216,288,6006,38640,0.2262326388888889,0,38640_6006_0,38640_6006
128,person,0.99624014,261,139,422,357,6083,38640,0.203113425925926,1,38640_6083_1,38640_6083
129,person,0.959535,74,50,178,264,6083,38640,0.1287962962962963,0,38640_6083_0,38640_6083
130,person,0.9756742,98,37,243,315,6160,38640,0.2332754629629629,0,38640_6160_0,38640_6160
131,person,0.9382582,227,119,472,360,6160,38640,0.3416956018518518,1,38640_6160_1,38640_6160
132,person,0.9938107,216,82,479,357,6237,38640,0.4185474537037037,1,38640_6237_1,38640_6237
133,person,0.9814649,95,43,217,319,6237,38640,0.1948611111111111,0,38640_6237_0,38640_6237
134,person,0.9859211,284,94,478,357,6314,38640,0.2952662037037037,1,38640_6314_1,38640_6314
135,person,0.95147866,94,62,216,318,6314,38640,0.1807407407407408,0,38640_6314_0,38640_6314
136,person,0.9840837,284,92,474,360,6391,38640,0.2946759259259259,1,38640_6391_1,38640_6391
137,person,0.9664442,99,47,225,320,6391,38640,0.1990625,0,38640_6391_0,38640_6391
138,person,0.9684579,143,33,307,327,6468,38640,0.2790277777777777,0,38640_6468_0,38640_6468
139,person,0.9355842,256,93,472,360,6468,38640,0.33375,1,38640_6468_1,38640_6468
140,person,0.9789442,123,15,262,353,6545,38640,0.2718865740740741,1,38640_6545_1,38640_6545
141,person,0.9763871,299,100,475,352,6545,38640,0.2566666666666666,0,38640_6545_0,38640_6545
142,person,0.98538834,307,111,480,352,6622,38640,0.2412789351851852,0,38640_6622_0,38640_6622
143,person,0.974068,110,29,250,360,6622,38640,0.2681712962962963,1,38640_6622_1,38640_6622
144,person,0.9840491,308,108,478,354,6699,38640,0.2420138888888889,0,38640_6699_0,38640_6699
145,person,0.9829176,107,13,310,360,6699,38640,0.4076446759259259,1,38640_6699_1,38640_6699
146,person,0.9854893,310,109,477,355,6776,38640,0.2377430555555555,0,38640_6776_0,38640_6776
147,person,0.9809318,106,1,317,360,6776,38640,0.4383622685185185,1,38640_6776_1,38640_6776
148,person,0.9946742,99,0,453,355,6853,38640,0.7272569444444444,1,38640_6853_1,38640_6853
149,tie,0.56212556,165,141,195,316,6853,38640,0.0303819444444444,0,38640_6853_0,38640_6853
150,person,0.98826796,220,4,416,353,6930,38640,0.3958564814814815,1,38640_6930_1,38640_6930
151,person,0.9882287,112,17,273,353,6930,38640,0.3130555555555555,0,38640_6930_0,38640_6930
152,person,0.98117983,236,23,399,343,7007,38640,0.3018518518518519,3,38640_7007_3,38640_7007
153,person,0.9787426,151,38,295,360,7007,38640,0.2683333333333333,2,38640_7007_2,38640_7007
154,tie,0.56890583,198,110,224,145,7007,38640,0.0052662037037037,0,38640_7007_0,38640_7007
155,handbag,0.5326289000000001,292,106,411,344,7007,38640,0.1639004629629629,1,38640_7007_1,38640_7007
156,person,0.966783,130,1,327,360,7084,38640,0.4092766203703704,1,38640_7084_1,38640_7084
157,person,0.5376935,62,308,115,360,7084,38640,0.015949074074074,0,38640_7084_0,38640_7084
158,person,0.94428915,271,36,462,355,7161,38640,0.3525983796296296,1,38640_7161_1,38640_7161
159,person,0.9304073,73,60,319,349,7161,38640,0.4114236111111111,2,38640_7161_2,38640_7161
160,person,0.68116724,127,69,391,360,7161,38640,0.4445833333333333,3,38640_7161_3,38640_7161
161,tie,0.6403788,349,236,399,357,7161,38640,0.035011574074074,0,38640_7161_0,38640_7161
162,person,0.98690295,271,18,472,360,7238,38640,0.3978125,1,38640_7238_1,38640_7238
163,person,0.94124514,67,58,296,350,7238,38640,0.3869675925925926,0,38640_7238_0,38640_7238
164,person,0.9886559,283,0,477,354,7315,38640,0.3974305555555556,0,38640_7315_0,38640_7315
165,person,0.96485084,55,33,296,350,7315,38640,0.4421122685185185,1,38640_7315_1,38640_7315
166,person,0.9903971,228,3,433,355,7392,38640,0.4175925925925925,1,38640_7392_1,38640_7392
167,person,0.9781636,32,38,165,352,7392,38640,0.2416782407407408,0,38640_7392_0,38640_7392
168,person,0.98251027,150,25,292,353,7469,38640,0.2695370370370369,1,38640_7469_1,38640_7469
169,person,0.9757303,250,134,400,356,7469,38640,0.1927083333333333,0,38640_7469_0,38640_7469
170,person,0.9913225,136,21,292,352,7546,38640,0.2988194444444445,2,38640_7546_2,38640_7546
171,person,0.97730833,248,138,396,360,7546,38640,0.1901388888888888,1,38640_7546_1,38640_7546
172,handbag,0.54644656,255,205,357,360,7546,38640,0.0914930555555555,0,38640_7546_0,38640_7546
173,person,0.98584425,119,18,287,355,7623,38640,0.3276388888888889,1,38640_7623_1,38640_7623
174,person,0.9547739,312,114,477,356,7623,38640,0.2310763888888889,0,38640_7623_0,38640_7623
175,person,0.9796633,128,31,284,357,7700,38640,0.2943055555555555,1,38640_7700_1,38640_7700
176,person,0.97008914,313,108,480,356,7700,38640,0.239675925925926,0,38640_7700_0,38640_7700
177,person,0.98623556,110,12,285,360,7777,38640,0.3524305555555556,1,38640_7777_1,38640_7777
178,person,0.9803554,316,104,478,359,7777,38640,0.2390625,0,38640_7777_0,38640_7777
179,person,0.988658,120,21,272,354,7854,38640,0.2929166666666666,1,38640_7854_1,38640_7854
180,person,0.9812041,310,105,480,358,7854,38640,0.2489004629629629,0,38640_7854_0,38640_7854
181,person,0.9928693,131,1,452,354,7931,38640,0.6557465277777778,0,38640_7931_0,38640_7931
182,person,0.97540635,106,43,386,357,8008,38640,0.5087962962962963,0,38640_8008_0,38640_8008
183,person,0.9750615,86,42,378,355,8085,38640,0.528912037037037,1,38640_8085_1,38640_8085
184,cell phone,0.50413436,185,176,211,215,8085,38640,0.0058680555555555,0,38640_8085_0,38640_8085
185,person,0.9955235999999998,135,7,442,358,8162,38640,0.62359375,0,38640_8162_0,38640_8162
186,person,0.9898128,286,117,477,360,8239,38640,0.26859375,0,38640_8239_0,38640_8239
187,person,0.9635052,113,22,272,360,8239,38640,0.3110069444444444,1,38640_8239_1,38640_8239
188,person,0.98759717,297,98,475,353,8316,38640,0.2626736111111111,0,38640_8316_0,38640_8316
189,person,0.9843577,107,20,274,354,8316,38640,0.3227893518518519,1,38640_8316_1,38640_8316
190,person,0.9845226,287,98,478,357,8393,38640,0.2862789351851852,1,38640_8393_1,38640_8393
191,person,0.96381074,133,25,281,358,8393,38640,0.2852083333333333,0,38640_8393_0,38640_8393
192,person,0.98184144,91,17,277,360,8470,38640,0.3692013888888889,1,38640_8470_1,38640_8470
193,person,0.9782216,287,92,473,353,8470,38640,0.2809375,0,38640_8470_0,38640_8470
194,person,0.980269,94,22,279,354,8547,38640,0.3554398148148148,1,38640_8547_1,38640_8547
195,person,0.9785735,275,108,472,349,8547,38640,0.2747511574074074,0,38640_8547_0,38640_8547
196,person,0.9822291,115,20,278,352,8624,38640,0.3131712962962963,1,38640_8624_1,38640_8624
197,person,0.96610093,310,105,473,360,8624,38640,0.2405381944444444,0,38640_8624_0,38640_8624
198,person,0.97587174,111,23,377,338,8701,38640,0.4848958333333334,1,38640_8701_1,38640_8701
199,tie,0.6401823,253,114,288,224,8701,38640,0.0222800925925925,0,38640_8701_0,38640_8701
200,person,0.9856737,143,67,233,309,8778,38640,0.1260416666666666,1,38640_8778_1,38640_8778
201,person,0.9403392,203,63,287,319,8778,38640,0.1244444444444444,0,38640_8778_0,38640_8778
202,chair,0.5514706,252,197,449,355,8778,38640,0.1801273148148148,2,38640_8778_2,38640_8778
203,couch,0.5073378,248,190,455,356,8778,38640,0.1988541666666666,3,38640_8778_3,38640_8778
204,person,0.9906537,5,11,136,333,8855,38640,0.2441087962962963,2,38640_8855_2,38640_8855
205,person,0.9812805,233,41,368,343,8855,38640,0.2359375,1,38640_8855_1,38640_8855
206,chair,0.7356776999999999,379,243,474,347,8855,38640,0.0571759259259259,0,38640_8855_0,38640_8855
207,person,0.9834432,37,30,203,335,8932,38640,0.2929976851851852,2,38640_8932_2,38640_8932
208,person,0.9807076,298,91,454,333,8932,38640,0.2184722222222222,1,38640_8932_1,38640_8932
209,sports ball,0.72755575,259,80,292,109,8932,38640,0.0055381944444444,0,38640_8932_0,38640_8932
210,person,0.9761704,138,78,256,322,9009,38640,0.1666203703703703,4,38640_9009_4,38640_9009
211,person,0.90376145,210,57,298,234,9009,38640,0.0901388888888889,2,38640_9009_2,38640_9009
212,chair,0.5579997,280,157,391,262,9009,38640,0.0674479166666666,1,38640_9009_1,38640_9009
213,book,0.5417350000000001,13,0,67,214,9009,38640,0.066875,0,38640_9009_0,38640_9009
214,dining table,0.5232867999999999,27,192,191,333,9009,38640,0.1338194444444444,3,38640_9009_3,38640_9009
215,person,0.9890716,82,53,229,329,9086,38640,0.2347916666666667,2,38640_9086_2,38640_9086
216,person,0.9290084,329,106,465,331,9086,38640,0.1770833333333333,1,38640_9086_1,38640_9086
217,sports ball,0.6332255999999999,302,88,338,117,9086,38640,0.0060416666666666,0,38640_9086_0,38640_9086
218,person,0.99508387,25,33,190,332,9163,38640,0.2855034722222222,0,38640_9163_0,38640_9163
219,person,0.97638184,253,18,409,343,9163,38640,0.2934027777777778,1,38640_9163_1,38640_9163
220,person,0.98774546,54,20,203,331,9240,38640,0.2681655092592592,0,38640_9240_0,38640_9240
221,person,0.81254697,280,16,442,341,9240,38640,0.3046875,1,38640_9240_1,38640_9240
222,person,0.99403054,56,0,269,345,9317,38640,0.4252604166666665,1,38640_9317_1,38640_9317
223,person,0.95606196,244,0,471,352,9317,38640,0.4624074074074074,2,38640_9317_2,38640_9317
224,tie,0.94399196,188,129,220,268,9317,38640,0.0257407407407407,0,38640_9317_0,38640_9317
225,person,0.5073746,125,0,385,354,9317,38640,0.5326388888888889,3,38640_9317_3,38640_9317
226,person,0.977219,175,39,325,336,9394,38640,0.2578125,1,38640_9394_1,38640_9394
227,person,0.9115278,129,55,219,306,9394,38640,0.1307291666666666,0,38640_9394_0,38640_9394
228,person,0.98292315,145,80,264,322,9471,38640,0.1666550925925926,2,38640_9471_2,38640_9471
229,person,0.95262015,294,34,444,263,9471,38640,0.1987847222222222,3,38640_9471_3,38640_9471
230,sports ball,0.8080496,428,86,461,115,9471,38640,0.0055381944444444,0,38640_9471_0,38640_9471
231,tie,0.5235662999999999,331,110,364,206,9471,38640,0.0183333333333333,1,38640_9471_1,38640_9471
232,person,0.98579025,1,0,229,348,9548,38640,0.4591666666666666,1,38640_9548_1,38640_9548
233,person,0.8325626,238,99,424,352,9548,38640,0.2723263888888889,0,38640_9548_0,38640_9548
234,person,0.98757637,1,1,250,351,9625,38640,0.5043402777777778,1,38640_9625_1,38640_9625
235,person,0.9826034,234,37,474,357,9625,38640,0.4444444444444444,0,38640_9625_0,38640_9625
236,person,0.98695564,8,0,261,345,9702,38640,0.5051215277777777,1,38640_9702_1,38640_9702
237,person,0.97019064,248,41,441,360,9702,38640,0.3562905092592593,0,38640_9702_0,38640_9702
238,person,0.98782045,212,35,437,357,9779,38640,0.4192708333333333,1,38640_9779_1,38640_9779
239,person,0.98583627,4,0,199,342,9779,38640,0.3859375,0,38640_9779_0,38640_9779
240,person,0.9802582,31,8,249,360,9856,38640,0.4440740740740741,4,38640_9856_4,38640_9856
241,person,0.8705767,208,49,421,334,9856,38640,0.3513020833333333,2,38640_9856_2,38640_9856
242,person,0.8427082,242,76,472,348,9856,38640,0.362037037037037,3,38640_9856_3,38640_9856
243,person,0.81358415,270,156,479,357,9856,38640,0.2431076388888889,1,38640_9856_1,38640_9856
244,tie,0.6823621999999999,163,161,229,351,9856,38640,0.0725694444444444,0,38640_9856_0,38640_9856
245,person,0.9627175,154,5,463,354,9933,38640,0.6240798611111111,1,38640_9933_1,38640_9933
246,person,0.740376,184,124,474,354,9933,38640,0.3859953703703704,0,38640_9933_0,38640_9933
247,person,0.56824285,291,185,334,255,10010,38640,0.0174189814814814,1,38640_10010_1,38640_10010
248,person,0.56061417,108,149,134,228,10010,38640,0.011886574074074,0,38640_10010_0,38640_10010
249,car,0.80194664,163,210,478,360,10087,38640,0.2734375,3,38640_10087_3,38640_10087
250,person,0.703252,219,161,250,202,10087,38640,0.007355324074074,1,38640_10087_1,38640_10087
251,car,0.6276732,373,186,449,248,10087,38640,0.0272685185185185,2,38640_10087_2,38640_10087
252,person,0.5785624,242,156,266,203,10087,38640,0.0065277777777777,0,38640_10087_0,38640_10087
253,person,0.98908585,14,9,152,359,10164,38640,0.2795138888888889,3,38640_10164_3,38640_10164
254,person,0.9042003,268,105,465,314,10164,38640,0.238269675925926,2,38640_10164_2,38640_10164
255,fire hydrant,0.8267376000000001,144,236,197,338,10164,38640,0.0312847222222222,0,38640_10164_0,38640_10164
256,person,0.5446770000000001,116,7,264,276,10164,38640,0.2303935185185185,1,38640_10164_1,38640_10164
257,person,0.5337930000000001,207,23,476,341,10164,38640,0.4950347222222222,4,38640_10164_4,38640_10164
258,person,0.9905753,10,10,152,348,10241,38640,0.2777546296296297,4,38640_10241_4,38640_10241
259,person,0.90082526,291,116,474,334,10241,38640,0.2308680555555556,3,38640_10241_3,38640_10241
260,person,0.8459206,210,78,292,305,10241,38640,0.1077199074074074,2,38640_10241_2,38640_10241
261,fire hydrant,0.6741416,142,230,197,343,10241,38640,0.0359664351851851,0,38640_10241_0,38640_10241
262,person,0.65593404,103,155,167,341,10241,38640,0.0688888888888888,1,38640_10241_1,38640_10241
263,person,0.9641125,21,6,141,357,10318,38640,0.24375,2,38640_10318_2,38640_10318
264,person,0.7343324999999999,87,8,236,344,10318,38640,0.2897222222222222,3,38640_10318_3,38640_10318
265,fire hydrant,0.6232416000000001,142,237,197,337,10318,38640,0.0318287037037037,0,38640_10318_0,38640_10318
266,person,0.60473216,291,118,474,260,10318,38640,0.1503819444444444,1,38640_10318_1,38640_10318
267,person,0.99358505,12,11,179,353,10395,38640,0.3305208333333333,2,38640_10395_2,38640_10395
268,person,0.8609616,286,133,462,264,10395,38640,0.1334259259259259,0,38640_10395_0,38640_10395
269,person,0.7381894,284,103,455,333,10395,38640,0.2276041666666666,1,38640_10395_1,38640_10395
270,person,0.9922125,18,4,165,358,10472,38640,0.3011458333333333,3,38640_10472_3,38640_10472
271,person,0.8958265,251,42,472,349,10472,38640,0.3926331018518519,4,38640_10472_4,38640_10472
272,fire hydrant,0.73120314,141,233,196,338,10472,38640,0.0334201388888888,0,38640_10472_0,38640_10472
273,person,0.66294837,288,99,470,256,10472,38640,0.1653587962962963,1,38640_10472_1,38640_10472
274,person,0.60095453,122,8,249,273,10472,38640,0.1947627314814815,2,38640_10472_2,38640_10472
275,person,0.98894995,27,9,202,350,10549,38640,0.3453414351851852,1,38640_10549_1,38640_10549
276,person,0.6777021,150,4,286,304,10549,38640,0.2361111111111111,0,38640_10549_0,38640_10549
277,person,0.9959876,66,7,224,357,10626,38640,0.3200231481481481,4,38640_10626_4,38640_10626
278,person,0.89298725,231,20,390,317,10626,38640,0.27328125,3,38640_10626_3,38640_10626
279,person,0.80920196,373,117,460,274,10626,38640,0.0790451388888889,0,38640_10626_0,38640_10626
280,person,0.6081684,234,10,326,334,10626,38640,0.1725,2,38640_10626_2,38640_10626
281,person,0.5755559,278,81,397,268,10626,38640,0.1287789351851851,1,38640_10626_1,38640_10626
282,person,0.9972063,57,3,196,360,10703,38640,0.2871701388888889,2,38640_10703_2,38640_10703
283,person,0.83102286,230,0,364,327,10703,38640,0.2535763888888889,1,38640_10703_1,38640_10703
284,person,0.55361456,158,4,264,333,10703,38640,0.2018171296296296,0,38640_10703_0,38640_10703
285,person,0.523616,233,0,440,309,10703,38640,0.37015625,3,38640_10703_3,38640_10703
286,person,0.93018794,55,100,169,322,10780,38640,0.1464583333333333,3,38640_10780_3,38640_10780
287,person,0.9236412,274,22,368,134,10780,38640,0.0609259259259259,2,38640_10780_2,38640_10780
288,person,0.9205541,371,63,431,165,10780,38640,0.0354166666666666,0,38640_10780_0,38640_10780
289,person,0.7839733,54,103,100,314,10780,38640,0.0561689814814814,1,38640_10780_1,38640_10780
290,person,0.69420254,44,97,221,346,10780,38640,0.2550520833333333,4,38640_10780_4,38640_10780
291,person,0.91783226,72,19,165,191,10857,38640,0.0925694444444444,1,38640_10857_1,38640_10857
292,person,0.7129147,6,65,67,151,10857,38640,0.0303587962962962,0,38640_10857_0,38640_10857
293,chair,0.6149308000000001,183,92,385,216,10857,38640,0.1449537037037037,3,38640_10857_3,38640_10857
294,person,0.5573556,304,34,415,214,10857,38640,0.115625,2,38640_10857_2,38640_10857
295,person,0.6542533,92,8,422,352,10934,38640,0.6569444444444444,0,38640_10934_0,38640_10934
296,car,0.91010886,31,7,437,291,11011,38640,0.6672685185185185,0,38640_11011_0,38640_11011
297,person,0.94159865,57,26,153,198,11088,38640,0.0955555555555555,0,38640_11088_0,38640_11088
298,chair,0.5435615,155,98,361,224,11088,38640,0.1502083333333333,1,38640_11088_1,38640_11088
299,person,0.9371183,78,28,184,206,11165,38640,0.1091898148148148,1,38640_11165_1,38640_11165
300,person,0.5511954000000001,258,22,394,148,11165,38640,0.0991666666666666,0,38640_11165_0,38640_11165
301,person,0.7061959,103,24,199,182,11242,38640,0.0877777777777777,1,38640_11242_1,38640_11242
302,person,0.54728514,233,18,316,133,11242,38640,0.0552372685185185,0,38640_11242_0,38640_11242
303,car,0.54433453,248,73,480,360,11242,38640,0.3853240740740741,2,38640_11242_2,38640_11242
304,person,0.9495531,176,21,296,212,11319,38640,0.1326388888888889,2,38640_11319_2,38640_11319
305,tie,0.71895856,223,88,256,193,11319,38640,0.0200520833333333,1,38640_11319_1,38640_11319
306,tie,0.67669535,222,89,245,165,11319,38640,0.0101157407407407,0,38640_11319_0,38640_11319
307,person,0.81408256,24,108,102,334,11396,38640,0.1020138888888888,1,38640_11396_1,38640_11396
308,person,0.7831836,94,87,178,343,11396,38640,0.1244444444444444,2,38640_11396_2,38640_11396
309,person,0.6584416000000001,161,129,227,281,11396,38640,0.0580555555555555,0,38640_11396_0,38640_11396
310,person,0.99257666,135,19,290,359,11473,38640,0.3049768518518518,3,38640_11473_3,38640_11473
311,person,0.8698353999999999,23,74,99,293,11473,38640,0.0963194444444444,1,38640_11473_1,38640_11473
312,person,0.5840474,26,83,154,344,11473,38640,0.1933333333333333,2,38640_11473_2,38640_11473
313,person,0.51599306,70,69,137,289,11473,38640,0.0853009259259259,0,38640_11473_0,38640_11473
314,person,0.98110366,151,14,347,360,11550,38640,0.3924537037037037,0,38640_11550_0,38640_11550
315,person,0.9819218,256,5,437,335,11627,38640,0.3456597222222222,2,38640_11627_2,38640_11627
316,person,0.8765583,161,53,220,173,11627,38640,0.0409722222222222,1,38640_11627_1,38640_11627
317,person,0.7023919,109,77,176,180,11627,38640,0.0399363425925925,0,38640_11627_0,38640_11627
318,person,0.9341099,199,57,408,312,11781,38640,0.3084201388888889,0,38640_11781_0,38640_11781
319,person,0.8980731,238,80,451,318,11858,38640,0.2933680555555556,0,38640_11858_0,38640_11858
320,person,0.92905575,238,50,458,332,12012,38640,0.3590277777777778,0,38640_12012_0,38640_12012
321,chair,0.70096844,2,39,260,346,12012,38640,0.4583680555555555,1,38640_12012_1,38640_12012
322,person,0.9675426,277,63,462,294,12089,38640,0.2473090277777777,0,38640_12089_0,38640_12089
323,person,0.8632376,198,56,460,347,12089,38640,0.4412152777777778,2,38640_12089_2,38640_12089
324,chair,0.8433954,0,25,204,346,12089,38640,0.3789583333333333,1,38640_12089_1,38640_12089
325,person,0.81876165,343,15,439,176,12166,38640,0.0894444444444444,0,38640_12166_0,38640_12166
326,person,0.7683901999999999,282,29,446,285,12166,38640,0.2429629629629629,1,38640_12166_1,38640_12166
327,chair,0.6900630999999999,11,29,177,336,12166,38640,0.2949189814814815,2,38640_12166_2,38640_12166
328,person,0.84445584,377,34,440,178,12243,38640,0.0525,0,38640_12243_0,38640_12243
329,chair,0.78225553,7,38,208,354,12320,38640,0.3675694444444445,0,38640_12320_0,38640_12320
330,person,0.90180993,263,51,470,303,12397,38640,0.301875,0,38640_12397_0,38640_12397
331,chair,0.77883345,3,31,220,349,12474,38640,0.3993402777777777,0,38640_12474_0,38640_12474
332,car,0.83170927,27,153,419,345,12628,38640,0.4355555555555555,2,38640_12628_2,38640_12628
333,car,0.81286216,7,71,364,348,12628,38640,0.5722743055555556,3,38640_12628_3,38640_12628
334,car,0.7707980999999999,50,196,303,325,12628,38640,0.1888715277777777,1,38640_12628_1,38640_12628
335,person,0.7429554,344,159,377,255,12628,38640,0.0183333333333333,0,38640_12628_0,38640_12628
336,person,0.64739436,348,132,403,227,12782,38640,0.0302372685185185,0,38640_12782_0,38640_12782
337,person,0.9023867,244,95,313,351,12859,38640,0.1022222222222222,2,38640_12859_2,38640_12859
338,person,0.7360968000000001,295,116,350,343,12859,38640,0.0722511574074074,1,38640_12859_1,38640_12859
339,person,0.6121201000000001,210,131,235,184,12859,38640,0.007667824074074,0,38640_12859_0,38640_12859
340,person,0.9136526,292,90,476,345,12936,38640,0.2715277777777777,2,38640_12936_2,38640_12936
341,person,0.9049968,225,87,307,324,12936,38640,0.1124652777777777,1,38640_12936_1,38640_12936
342,person,0.8884421,139,75,218,314,12936,38640,0.1092650462962963,0,38640_12936_0,38640_12936
343,person,0.9521532,142,83,210,319,13013,38640,0.0928703703703703,1,38640_13013_1,38640_13013
344,person,0.8492211,225,87,293,292,13013,38640,0.0806712962962963,0,38640_13013_0,38640_13013
345,person,0.7373202,303,61,468,356,13013,38640,0.2816840277777778,2,38640_13013_2,38640_13013
346,person,0.95512086,146,67,213,319,13090,38640,0.0977083333333333,1,38640_13090_1,38640_13090
347,person,0.74170685,229,87,297,281,13090,38640,0.0763425925925925,0,38640_13090_0,38640_13090
348,person,0.6942353,298,94,464,342,13090,38640,0.2382407407407407,2,38640_13090_2,38640_13090
349,person,0.8131764,109,70,190,351,13167,38640,0.13171875,2,38640_13167_2,38640_13167
350,person,0.8028914,276,88,386,340,13167,38640,0.1604166666666666,3,38640_13167_3,38640_13167
351,person,0.70846874,306,84,372,210,13167,38640,0.048125,1,38640_13167_1,38640_13167
352,person,0.5627999,393,165,431,242,13167,38640,0.0169328703703703,0,38640_13167_0,38640_13167
353,person,0.96728855,286,77,374,349,13244,38640,0.1385185185185185,1,38640_13244_1,38640_13244
354,person,0.93010914,103,60,186,330,13244,38640,0.1296875,0,38640_13244_0,38640_13244
355,person,0.9711266,287,78,370,352,13321,38640,0.1316087962962963,1,38640_13321_1,38640_13321
356,person,0.8555648000000001,101,74,188,342,13321,38640,0.1349305555555555,2,38640_13321_2,38640_13321
357,person,0.62595105,344,198,428,358,13321,38640,0.0777777777777777,0,38640_13321_0,38640_13321
358,person,0.92506963,87,79,184,309,13398,38640,0.1291087962962963,0,38640_13398_0,38640_13398
359,person,0.86412096,280,78,373,336,13398,38640,0.1388541666666666,1,38640_13398_1,38640_13398
360,person,0.9746108,266,66,365,249,13475,38640,0.10484375,0,38640_13475_0,38640_13475
361,person,0.9395994,91,67,221,286,13475,38640,0.1647569444444444,1,38640_13475_1,38640_13475
362,person,0.83208835,248,59,331,306,13552,38640,0.1186400462962962,3,38640_13552_3,38640_13552
363,person,0.7184498,5,147,85,346,13552,38640,0.0921296296296296,2,38640_13552_2,38640_13552
364,potted plant,0.6998901999999999,159,64,227,126,13552,38640,0.0243981481481481,1,38640_13552_1,38640_13552
365,person,0.6542021,328,35,376,92,13552,38640,0.0158333333333333,0,38640_13552_0,38640_13552
366,person,0.9672943000000002,247,62,333,283,13629,38640,0.1099884259259259,2,38640_13629_2,38640_13629
367,person,0.5507885,51,40,157,81,13629,38640,0.0251504629629629,0,38640_13629_0,38640_13629
368,person,0.5287663,6,137,89,348,13629,38640,0.1013483796296296,1,38640_13629_1,38640_13629
369,person,0.9857612,55,51,172,346,13706,38640,0.1997395833333333,0,38640_13706_0,38640_13706
370,person,0.9597113000000002,250,21,410,354,13706,38640,0.3083333333333333,1,38640_13706_1,38640_13706
371,person,0.94432795,239,16,414,325,13783,38640,0.3129340277777778,4,38640_13783_4,38640_13783
372,person,0.9233162,148,42,266,344,13783,38640,0.2062268518518518,3,38640_13783_3,38640_13783
373,person,0.6028283,146,179,255,349,13783,38640,0.1072337962962963,2,38640_13783_2,38640_13783
374,person,0.57134825,98,54,144,113,13783,38640,0.0157060185185185,0,38640_13783_0,38640_13783
375,bottle,0.55318767,291,196,390,348,13783,38640,0.0870833333333333,1,38640_13783_1,38640_13783
376,person,0.94240713,144,25,289,314,13860,38640,0.242505787037037,4,38640_13860_4,38640_13860
377,person,0.7174242,381,164,465,345,13860,38640,0.0879861111111111,2,38640_13860_2,38640_13860
378,person,0.7007131,415,164,456,247,13860,38640,0.019693287037037,1,38640_13860_1,38640_13860
379,tie,0.6890304,195,108,209,172,13860,38640,0.0051851851851851,0,38640_13860_0,38640_13860
380,person,0.68571675,240,32,370,347,13860,38640,0.2369791666666666,3,38640_13860_3,38640_13860
381,person,0.59349847,190,52,341,350,13860,38640,0.2604050925925926,5,38640_13860_5,38640_13860
382,person,0.9479462,219,28,300,251,13937,38640,0.10453125,0,38640_13937_0,38640_13937
383,person,0.87312895,131,19,236,234,13937,38640,0.1306423611111111,1,38640_13937_1,38640_13937
384,person,0.8955315,216,20,285,258,14014,38640,0.0950347222222222,0,38640_14014_0,38640_14014
385,person,0.87447155,140,10,225,219,14014,38640,0.1028067129629629,1,38640_14014_1,38640_14014
386,person,0.98657167,63,7,251,344,14091,38640,0.3666435185185185,3,38640_14091_3,38640_14091
387,person,0.90945715,280,15,451,349,14091,38640,0.3305208333333333,2,38640_14091_2,38640_14091
388,cup,0.77213854,129,303,189,356,14091,38640,0.0184027777777777,0,38640_14091_0,38640_14091
389,person,0.67183393,203,170,248,244,14091,38640,0.0192708333333333,1,38640_14091_1,38640_14091
390,person,0.9949503,75,8,280,345,14168,38640,0.3997974537037037,3,38640_14168_3,38640_14168
391,person,0.93410283,278,25,439,352,14168,38640,0.3046701388888889,2,38640_14168_2,38640_14168
392,tie,0.8268431999999999,172,112,192,200,14168,38640,0.0101851851851851,0,38640_14168_0,38640_14168
393,cup,0.72143155,107,300,196,359,14168,38640,0.0303877314814814,1,38640_14168_1,38640_14168
394,person,0.99009246,85,12,282,346,14245,38640,0.3807754629629629,3,38640_14245_3,38640_14245
395,person,0.92960316,279,27,441,351,14245,38640,0.30375,2,38640_14245_2,38640_14245
396,tie,0.6374926,145,118,175,229,14245,38640,0.0192708333333333,0,38640_14245_0,38640_14245
397,cup,0.5047274,119,300,187,355,14245,38640,0.0216435185185185,1,38640_14245_1,38640_14245
398,person,0.99254054,92,12,291,345,14322,38640,0.3834895833333333,3,38640_14322_3,38640_14322
399,person,0.8515084999999999,272,28,433,345,14322,38640,0.2953530092592593,2,38640_14322_2,38640_14322
400,tie,0.68780553,158,114,179,197,14322,38640,0.0100868055555555,0,38640_14322_0,38640_14322
401,tie,0.53783774,163,108,187,204,14322,38640,0.0133333333333333,1,38640_14322_1,38640_14322
402,person,0.9888985999999998,76,10,246,347,14399,38640,0.3315393518518518,4,38640_14399_4,38640_14399
403,person,0.94861025,275,28,433,342,14399,38640,0.2871064814814815,3,38640_14399_3,38640_14399
404,tie,0.88210905,154,102,176,182,14399,38640,0.0101851851851851,1,38640_14399_1,38640_14399
405,tie,0.5637549,157,109,174,167,14399,38640,0.0057060185185185,0,38640_14399_0,38640_14399
406,tie,0.507963,159,98,185,187,14399,38640,0.0133912037037037,2,38640_14399_2,38640_14399
407,person,0.98726326,80,7,262,354,14476,38640,0.365474537037037,2,38640_14476_2,38640_14476
408,person,0.9303453000000002,280,25,433,348,14476,38640,0.2859895833333333,1,38640_14476_1,38640_14476
409,tie,0.6918602,140,115,166,208,14476,38640,0.0139930555555555,0,38640_14476_0,38640_14476
410,person,0.9946743,69,11,270,355,14553,38640,0.4001388888888889,3,38640_14553_3,38640_14553
411,person,0.9443373,268,29,443,340,14553,38640,0.3149594907407408,2,38640_14553_2,38640_14553
412,tie,0.84433436,157,105,178,205,14553,38640,0.0121527777777777,0,38640_14553_0,38640_14553
413,cup,0.5840224,121,299,188,357,14553,38640,0.0224884259259259,1,38640_14553_1,38640_14553
414,person,0.9894113,101,10,297,338,14630,38640,0.372037037037037,3,38640_14630_3,38640_14630
415,person,0.89926064,284,22,450,357,14630,38640,0.3218171296296296,2,38640_14630_2,38640_14630
416,tie,0.67674077,176,111,195,193,14630,38640,0.0090162037037037,0,38640_14630_0,38640_14630
417,tie,0.62282294,181,110,203,181,14630,38640,0.0090393518518518,1,38640_14630_1,38640_14630
418,person,0.98992175,87,7,267,345,14707,38640,0.3520833333333333,3,38640_14707_3,38640_14707
419,person,0.8026757,273,20,439,348,14707,38640,0.3150925925925926,2,38640_14707_2,38640_14707
420,cup,0.62436944,111,299,204,358,14707,38640,0.0317534722222222,1,38640_14707_1,38640_14707
421,tie,0.5611857,155,102,178,213,14707,38640,0.0147743055555555,0,38640_14707_0,38640_14707
422,person,0.98590314,108,10,301,339,14784,38640,0.3674594907407408,5,38640_14784_5,38640_14784
423,person,0.9190289,282,21,447,352,14784,38640,0.3160590277777778,4,38640_14784_4,38640_14784
424,cup,0.61441475,116,303,197,354,14784,38640,0.02390625,2,38640_14784_2,38640_14784
425,tie,0.5825576,178,114,206,205,14784,38640,0.0147453703703703,1,38640_14784_1,38640_14784
426,wine glass,0.54596835,227,200,296,350,14784,38640,0.0598958333333333,3,38640_14784_3,38640_14784
427,tie,0.5294419,173,116,199,211,14784,38640,0.0142939814814814,0,38640_14784_0,38640_14784
428,person,0.96756357,87,20,259,325,14861,38640,0.303587962962963,1,38640_14861_1,38640_14861
429,person,0.93551815,286,29,452,353,14861,38640,0.31125,2,38640_14861_2,38640_14861
430,wine glass,0.66927284,225,207,307,360,14861,38640,0.0726041666666666,0,38640_14861_0,38640_14861
431,person,0.98807204,72,35,300,355,14938,38640,0.4222222222222222,4,38640_14938_4,38640_14938
432,person,0.9523352,238,20,400,348,14938,38640,0.3075,3,38640_14938_3,38640_14938
433,tie,0.66605455,167,152,190,240,14938,38640,0.0117129629629629,1,38640_14938_1,38640_14938
434,person,0.6001236999999999,33,161,69,268,14938,38640,0.0222916666666666,2,38640_14938_2,38640_14938
435,tie,0.51768273,160,152,179,237,14938,38640,0.0093460648148148,0,38640_14938_0,38640_14938
436,person,0.9947371,63,24,285,358,15015,38640,0.4290972222222222,3,38640_15015_3,38640_15015
437,person,0.97429323,248,4,426,358,15015,38640,0.3646527777777777,2,38640_15015_2,38640_15015
438,chair,0.92721176,413,185,473,327,15015,38640,0.0493055555555555,1,38640_15015_1,38640_15015
439,person,0.66826767,35,141,72,230,15015,38640,0.0190567129629629,0,38640_15015_0,38640_15015
440,person,0.99315065,53,15,285,353,15092,38640,0.4537962962962963,1,38640_15092_1,38640_15092
441,person,0.9899768,257,4,442,355,15092,38640,0.37578125,0,38640_15092_0,38640_15092
442,person,0.9927239,30,13,287,356,15169,38640,0.5101331018518519,2,38640_15169_2,38640_15169
443,person,0.99152887,258,0,480,352,15169,38640,0.4522222222222223,1,38640_15169_1,38640_15169
444,person,0.5972969,28,138,75,269,15169,38640,0.035630787037037,0,38640_15169_0,38640_15169
445,person,0.50361866,122,17,402,356,15169,38640,0.5493055555555556,3,38640_15169_3,38640_15169
446,person,0.9254892,134,28,419,348,15246,38640,0.5277777777777778,0,38640_15246_0,38640_15246
447,person,0.96651846,106,102,309,357,15323,38640,0.2995659722222222,2,38640_15323_2,38640_15323
448,person,0.954516,223,30,366,341,15323,38640,0.2573668981481481,1,38640_15323_1,38640_15323
449,person,0.66879326,142,36,347,353,15323,38640,0.3760706018518519,3,38640_15323_3,38640_15323
450,person,0.51189727,40,154,82,285,15323,38640,0.0318402777777777,0,38640_15323_0,38640_15323
451,person,0.81696874,106,14,293,281,15400,38640,0.2889409722222222,1,38640_15400_1,38640_15400
452,bench,0.6780706,309,214,474,320,15400,38640,0.1012152777777777,0,38640_15400_0,38640_15400
453,person,0.6307592,118,52,302,340,15477,38640,0.3066666666666666,0,38640_15477_0,38640_15477
454,person,0.89059776,123,29,214,358,15554,38640,0.1732581018518518,2,38640_15554_2,38640_15554
455,person,0.7264254,57,34,213,347,15554,38640,0.2825694444444444,3,38640_15554_3,38640_15554
456,sink,0.53822094,193,263,366,344,15554,38640,0.08109375,1,38640_15554_1,38640_15554
457,person,0.52350163,343,129,422,243,15554,38640,0.0521180555555555,0,38640_15554_0,38640_15554
458,person,0.5716428000000001,428,36,466,185,15631,38640,0.0327662037037037,0,38640_15631_0,38640_15631
459,person,0.71792406,213,191,362,354,15708,38640,0.1405497685185185,0,38640_15708_0,38640_15708
460,person,0.95370936,166,66,263,245,15785,38640,0.100480324074074,0,38640_15785_0,38640_15785
461,car,0.5629501,180,217,370,342,15785,38640,0.1374421296296296,1,38640_15785_1,38640_15785
462,car,0.5258432,118,207,436,352,15785,38640,0.2668402777777778,2,38640_15785_2,38640_15785
463,person,0.8557528,169,63,377,338,15939,38640,0.3310185185185185,1,38640_15939_1,38640_15939
464,person,0.5009336,254,69,364,201,15939,38640,0.0840277777777777,0,38640_15939_0,38640_15939
465,person,0.56388456,414,117,449,199,16016,38640,0.0166087962962963,0,38640_16016_0,38640_16016
466,person,0.7150979000000001,421,106,451,194,16093,38640,0.0152777777777777,0,38640_16093_0,38640_16093
467,person,0.6595361999999999,186,41,380,329,16093,38640,0.3233333333333333,1,38640_16093_1,38640_16093
468,person,0.96284133,146,16,356,354,16170,38640,0.4107638888888889,1,38640_16170_1,38640_16170
469,chair,0.74917877,105,157,161,263,16170,38640,0.0343518518518518,0,38640_16170_0,38640_16170
470,person,0.97224665,154,30,357,360,16247,38640,0.3876736111111111,1,38640_16247_1,38640_16247
471,person,0.60371655,326,68,355,139,16247,38640,0.0119155092592592,0,38640_16247_0,38640_16247
472,person,0.87409157,160,33,285,261,16324,38640,0.1649305555555555,2,38640_16324_2,38640_16324
473,cup,0.81125367,140,242,174,280,16324,38640,0.0074768518518518,0,38640_16324_0,38640_16324
474,person,0.5311057,142,196,192,263,16324,38640,0.019386574074074,1,38640_16324_1,38640_16324
475,person,0.9739624,165,12,363,354,16401,38640,0.391875,0,38640_16401_0,38640_16401
476,person,0.97092766,156,37,357,351,16478,38640,0.3652430555555555,0,38640_16478_0,38640_16478
477,person,0.93926376,131,25,382,346,16555,38640,0.4662673611111111,0,38640_16555_0,38640_16555
478,person,0.95121217,152,35,366,329,16632,38640,0.3640972222222222,1,38640_16632_1,38640_16632
479,car,0.5072234999999999,4,249,156,355,16632,38640,0.0932407407407407,0,38640_16632_0,38640_16632
480,person,0.78702325,154,42,333,262,16709,38640,0.2278935185185185,0,38640_16709_0,38640_16709
481,person,0.92796934,209,46,356,353,16786,38640,0.2611631944444445,2,38640_16786_2,38640_16786
482,car,0.57365435,0,239,136,357,16786,38640,0.0928703703703703,1,38640_16786_1,38640_16786
483,person,0.53166634,385,97,419,255,16786,38640,0.0310879629629629,0,38640_16786_0,38640_16786
484,person,0.9866239,110,44,367,337,16863,38640,0.4357696759259259,0,38640_16863_0,38640_16863
485,person,0.9242481,169,62,307,269,16940,38640,0.1653125,1,38640_16940_1,38640_16940
486,cup,0.7658653,140,239,170,279,16940,38640,0.0069444444444444,0,38640_16940_0,38640_16940
487,person,0.9840873,205,44,423,326,17017,38640,0.3557638888888889,1,38640_17017_1,38640_17017
488,car,0.5948508000000001,25,245,176,356,17017,38640,0.0969965277777777,0,38640_17017_0,38640_17017
489,person,0.52993345,197,65,295,217,17094,38640,0.0862037037037037,0,38640_17094_0,38640_17094
490,person,0.60789734,254,16,364,301,17248,38640,0.1814236111111111,0,38640_17248_0,38640_17248
491,person,0.6969728000000001,260,66,362,288,17402,38640,0.1310416666666666,0,38640_17402_0,38640_17402
492,person,0.63137996,254,15,377,305,17479,38640,0.2064236111111111,0,38640_17479_0,38640_17479
493,person,0.84453803,144,0,324,343,17710,38640,0.3572916666666667,1,38640_17710_1,38640_17710
494,person,0.59565383,352,26,432,171,17710,38640,0.0671296296296296,0,38640_17710_0,38640_17710
495,person,0.72448087,70,0,331,312,17787,38640,0.47125,0,38640_17787_0,38640_17787
496,person,0.50763994,108,34,406,346,17787,38640,0.5380555555555555,1,38640_17787_1,38640_17787
497,person,0.6818664000000001,98,1,406,360,17864,38640,0.6398842592592593,1,38640_17864_1,38640_17864
498,bird,0.50478876,166,65,332,165,17864,38640,0.0960648148148148,0,38640_17864_0,38640_17864
499,person,0.69654644,136,47,386,344,18018,38640,0.4296875,0,38640_18018_0,38640_18018
500,person,0.8947333000000001,174,36,396,343,18095,38640,0.3944097222222222,1,38640_18095_1,38640_18095
501,remote,0.59973043,197,276,270,321,18095,38640,0.0190104166666666,0,38640_18095_0,38640_18095
502,person,0.8235399999999999,243,152,431,350,18326,38640,0.2154166666666666,1,38640_18326_1,38640_18326
503,chair,0.6105579000000001,341,8,467,136,18326,38640,0.0933333333333333,0,38640_18326_0,38640_18326
504,chair,0.51137507,159,14,267,98,18403,38640,0.0525,0,38640_18403_0,38640_18403
505,person,0.7456914000000001,158,77,372,353,18480,38640,0.3418055555555555,0,38640_18480_0,38640_18480
506,person,0.976458,86,11,237,292,18557,38640,0.2455497685185185,1,38640_18557_1,38640_18557
507,person,0.5523095,330,93,396,211,18557,38640,0.0450694444444444,0,38640_18557_0,38640_18557
508,person,0.96691954,50,27,233,316,18634,38640,0.3060590277777777,3,38640_18634_3,38640_18634
509,chair,0.6187216,295,146,351,245,18634,38640,0.0320833333333333,0,38640_18634_0,38640_18634
510,person,0.6028110999999999,37,32,183,278,18634,38640,0.2078472222222222,2,38640_18634_2,38640_18634
511,chair,0.5922298,357,152,471,293,18634,38640,0.0930208333333333,1,38640_18634_1,38640_18634
512,person,0.9854624,46,64,201,324,18711,38640,0.2332175925925926,3,38640_18711_3,38640_18711
513,person,0.856678,353,70,460,227,18711,38640,0.0972164351851852,2,38640_18711_2,38640_18711
514,chair,0.6275497,286,151,355,252,18711,38640,0.0403298611111111,0,38640_18711_0,38640_18711
515,chair,0.58759654,166,185,267,268,18711,38640,0.0485127314814814,1,38640_18711_1,38640_18711
516,person,0.98851985,262,49,373,331,18788,38640,0.1811458333333333,1,38640_18788_1,38640_18788
517,person,0.98631,23,42,181,295,18788,38640,0.2313310185185185,2,38640_18788_2,38640_18788
518,person,0.9151424,380,46,449,243,18788,38640,0.0786631944444444,0,38640_18788_0,38640_18788
519,person,0.99400866,292,26,397,339,18865,38640,0.1901909722222222,0,38640_18865_0,38640_18865
520,person,0.98918074,152,14,311,353,18865,38640,0.3119270833333333,2,38640_18865_2,38640_18865
521,person,0.9722693,30,43,176,309,18865,38640,0.2247453703703704,1,38640_18865_1,38640_18865
522,person,0.9920345,169,4,343,360,18942,38640,0.3584722222222222,3,38640_18942_3,38640_18942
523,person,0.98756474,348,13,462,348,18942,38640,0.2210069444444444,2,38640_18942_2,38640_18942
524,person,0.9733609,37,46,168,277,18942,38640,0.1751215277777778,1,38640_18942_1,38640_18942
525,tie,0.58561534,222,101,261,166,18942,38640,0.0146701388888888,0,38640_18942_0,38640_18942
526,person,0.98565555,162,15,327,351,19019,38640,0.3208333333333333,2,38640_19019_2,38640_19019
527,person,0.9707356,338,23,450,338,19019,38640,0.2041666666666666,1,38640_19019_1,38640_19019
528,person,0.96466756,43,48,178,297,19019,38640,0.19453125,0,38640_19019_0,38640_19019
529,person,0.9824759,151,54,345,319,19096,38640,0.2975115740740741,2,38640_19096_2,38640_19096
530,person,0.5176194000000001,377,25,417,75,19096,38640,0.011574074074074,0,38640_19096_0,38640_19096
531,bench,0.5015404,293,192,446,268,19096,38640,0.0672916666666666,1,38640_19096_1,38640_19096
532,person,0.9392193,298,81,460,296,19173,38640,0.2015625,2,38640_19173_2,38640_19173
533,person,0.8512881,40,59,111,216,19173,38640,0.0645081018518518,1,38640_19173_1,38640_19173
534,cup,0.65355223,137,222,176,264,19173,38640,0.0094791666666666,0,38640_19173_0,38640_19173
535,person,0.9815656,190,58,357,330,19250,38640,0.2628703703703704,0,38640_19250_0,38640_19250
536,person,0.9769935,336,13,448,344,19327,38640,0.214537037037037,3,38640_19327_3,38640_19327
537,person,0.9690382,55,62,307,353,19327,38640,0.424375,4,38640_19327_4,38640_19327
538,person,0.96712667,16,45,128,286,19327,38640,0.1562037037037037,2,38640_19327_2,38640_19327
539,chair,0.5226015,291,157,343,254,19327,38640,0.0291898148148148,1,38640_19327_1,38640_19327
540,person,0.518084,239,23,283,74,19327,38640,0.0129861111111111,0,38640_19327_0,38640_19327
541,person,0.97899413,62,73,308,357,19404,38640,0.4043055555555555,2,38640_19404_2,38640_19404
542,person,0.96185213,332,13,446,344,19404,38640,0.2183680555555555,1,38640_19404_1,38640_19404
543,person,0.5124305,23,69,160,306,19404,38640,0.1878993055555556,0,38640_19404_0,38640_19404
544,person,0.987181,137,1,309,360,19481,38640,0.3573379629629629,3,38640_19481_3,38640_19481
545,person,0.9469251,23,70,154,281,19481,38640,0.1599594907407407,1,38640_19481_1,38640_19481
546,person,0.8922707000000001,341,18,449,313,19481,38640,0.184375,2,38640_19481_2,38640_19481
547,tie,0.5822639000000001,198,108,227,195,19481,38640,0.0146006944444444,0,38640_19481_0,38640_19481
548,person,0.99025273,130,9,306,360,19558,38640,0.3575,4,38640_19558_4,38640_19558
549,person,0.97739375,20,49,151,308,19558,38640,0.1963483796296296,2,38640_19558_2,38640_19558
550,person,0.9322448,342,23,452,342,19558,38640,0.2030671296296296,3,38640_19558_3,38640_19558
551,person,0.8606995999999999,221,58,318,282,19558,38640,0.1257407407407407,1,38640_19558_1,38640_19558
552,tie,0.655409,197,113,229,201,19558,38640,0.0162962962962963,0,38640_19558_0,38640_19558
553,person,0.97641695,23,52,154,311,19635,38640,0.1963483796296296,0,38640_19635_0,38640_19635
554,person,0.9743988,91,39,326,358,19635,38640,0.4338252314814815,2,38640_19635_2,38640_19635
555,person,0.96227896,335,20,453,342,19635,38640,0.2198842592592592,1,38640_19635_1,38640_19635
556,person,0.9938531,212,13,369,354,19712,38640,0.3098206018518518,2,38640_19712_2,38640_19712
557,person,0.99000424,25,49,216,317,19712,38640,0.2962268518518518,1,38640_19712_1,38640_19712
558,person,0.9681017,353,25,452,353,19712,38640,0.1879166666666666,0,38640_19712_0,38640_19712
559,person,0.9893218,167,26,315,351,19789,38640,0.2783564814814814,3,38640_19789_3,38640_19789
560,person,0.98358995,23,46,192,327,19789,38640,0.2748206018518518,2,38640_19789_2,38640_19789
561,person,0.9800142,335,19,451,346,19789,38640,0.2195138888888889,1,38640_19789_1,38640_19789
562,chair,0.6478876,309,162,349,264,19789,38640,0.0236111111111111,0,38640_19789_0,38640_19789
563,person,0.9861931,167,30,307,349,19866,38640,0.2584490740740741,3,38640_19866_3,38640_19866
564,person,0.97972876,11,53,182,303,19866,38640,0.2473958333333333,2,38640_19866_2,38640_19866
565,person,0.97385854,339,18,456,341,19866,38640,0.2186979166666666,1,38640_19866_1,38640_19866
566,chair,0.7219081,304,164,352,263,19866,38640,0.0275,0,38640_19866_0,38640_19866
567,person,0.98554045,17,47,182,320,19943,38640,0.2606770833333333,2,38640_19943_2,38640_19943
568,person,0.9737693,337,16,454,340,19943,38640,0.219375,1,38640_19943_1,38640_19943
569,person,0.958821,148,32,306,351,19943,38640,0.2916782407407407,3,38640_19943_3,38640_19943
570,chair,0.69694877,306,161,352,261,19943,38640,0.0266203703703703,0,38640_19943_0,38640_19943
571,person,0.99353266,17,50,218,346,20020,38640,0.3443055555555555,0,38640_20020_0,38640_20020
572,person,0.99042845,250,1,443,356,20020,38640,0.3964988425925926,1,38640_20020_1,38640_20020
573,person,0.9943381,24,36,216,349,20097,38640,0.3477777777777778,1,38640_20097_1,38640_20097
574,person,0.9921611,264,1,451,358,20097,38640,0.3863368055555556,2,38640_20097_2,38640_20097
575,bicycle,0.6207931999999999,173,206,265,329,20097,38640,0.0654861111111111,0,38640_20097_0,38640_20097
576,person,0.99207085,16,40,220,351,20174,38640,0.3671527777777778,0,38640_20174_0,38640_20174
577,person,0.98887396,265,0,449,360,20174,38640,0.3833333333333333,1,38640_20174_1,38640_20174
578,person,0.9909497,17,54,230,351,20251,38640,0.36609375,0,38640_20251_0,38640_20251
579,person,0.98849934,241,3,440,360,20251,38640,0.4111284722222222,1,38640_20251_1,38640_20251
580,person,0.9901599,23,42,234,351,20328,38640,0.3773090277777777,3,38640_20328_3,38640_20328
581,person,0.98601794,257,6,443,353,20328,38640,0.3735069444444444,2,38640_20328_2,38640_20328
582,person,0.6268431999999999,213,212,247,307,20328,38640,0.0186921296296296,0,38640_20328_0,38640_20328
583,tie,0.51949483,146,176,180,277,20328,38640,0.0198726851851851,1,38640_20328_1,38640_20328
584,person,0.990173,23,49,246,354,20405,38640,0.3936053240740741,0,38640_20405_0,38640_20405
585,person,0.9895644,253,2,443,360,20405,38640,0.3936342592592593,1,38640_20405_1,38640_20405
586,person,0.99229336,243,1,452,359,20482,38640,0.4329976851851852,1,38640_20482_1,38640_20482
587,person,0.99077004,17,45,224,353,20482,38640,0.3689583333333333,0,38640_20482_0,38640_20482
588,person,0.9904682,17,40,225,353,20559,38640,0.3767592592592592,2,38640_20559_2,38640_20559
589,person,0.9893440999999998,247,0,449,358,20559,38640,0.4184953703703704,3,38640_20559_3,38640_20559
590,tie,0.8396530999999999,140,169,181,281,20559,38640,0.026574074074074,1,38640_20559_1,38640_20559
591,tie,0.6026623999999999,140,169,164,242,20559,38640,0.0101388888888888,0,38640_20559_0,38640_20559
592,person,0.99566203,27,44,213,349,20636,38640,0.3282986111111111,0,38640_20636_0,38640_20636
593,person,0.99164045,253,1,449,360,20636,38640,0.4071990740740741,1,38640_20636_1,38640_20636
594,person,0.99416816,29,45,232,351,20713,38640,0.3594791666666667,1,38640_20713_1,38640_20713
595,person,0.98927736,247,0,450,360,20713,38640,0.4229166666666666,2,38640_20713_2,38640_20713
596,tie,0.65356165,150,168,182,253,20713,38640,0.0157407407407407,0,38640_20713_0,38640_20713
597,person,0.98955065,182,38,308,347,20790,38640,0.2253125,2,38640_20790_2,38640_20790
598,person,0.97830075,348,20,458,341,20790,38640,0.2043402777777776,1,38640_20790_1,38640_20790
599,person,0.96566206,90,42,201,353,20790,38640,0.1997743055555556,0,38640_20790_0,38640_20790
600,person,0.9773622,368,15,463,333,20867,38640,0.1748263888888888,3,38640_20867_3,38640_20867
601,person,0.9592106,206,31,311,347,20867,38640,0.1920138888888889,4,38640_20867_4,38640_20867
602,person,0.9563361,113,49,218,335,20867,38640,0.1737847222222222,2,38640_20867_2,38640_20867
603,person,0.79396546,9,59,82,290,20867,38640,0.0975868055555555,1,38640_20867_1,38640_20867
604,chair,0.6175218000000001,305,156,362,262,20867,38640,0.0349652777777777,0,38640_20867_0,38640_20867
605,person,0.98942566,276,2,472,356,20944,38640,0.4015277777777777,0,38640_20944_0,38640_20944
606,person,0.9891265,15,0,331,357,20944,38640,0.6528472222222222,1,38640_20944_1,38640_20944
607,person,0.9928033000000002,259,5,472,355,21021,38640,0.4314236111111111,0,38640_21021_0,38640_21021
608,person,0.99145705,11,6,330,355,21021,38640,0.6442766203703704,1,38640_21021_1,38640_21021
609,person,0.98689526,212,23,407,353,21098,38640,0.3723958333333333,0,38640_21098_0,38640_21098
610,person,0.9707427,3,19,193,358,21175,38640,0.3727430555555555,4,38640_21175_4,38640_21175
611,person,0.9615367,300,48,445,359,21175,38640,0.2609664351851852,2,38640_21175_2,38640_21175
612,person,0.9592311,129,16,297,358,21175,38640,0.3325,3,38640_21175_3,38640_21175
613,tie,0.86032754,220,114,239,185,21175,38640,0.0078067129629629,0,38640_21175_0,38640_21175
614,person,0.79828465,280,33,350,281,21175,38640,0.1004629629629629,1,38640_21175_1,38640_21175
615,person,0.9891049,8,15,186,357,21252,38640,0.3522916666666667,3,38640_21252_3,38640_21252
616,person,0.96806,153,28,299,340,21252,38640,0.2636111111111111,2,38640_21252_2,38640_21252
617,person,0.9530864,324,43,461,360,21252,38640,0.2513252314814815,1,38640_21252_1,38640_21252
618,person,0.891431,277,32,359,290,21252,38640,0.1224305555555555,0,38640_21252_0,38640_21252
619,person,0.99269015,6,7,183,351,21329,38640,0.3523611111111111,5,38640_21329_5,38640_21329
620,person,0.97937185,155,15,305,353,21329,38640,0.2934027777777778,4,38640_21329_4,38640_21329
621,person,0.9704891,313,36,468,360,21329,38640,0.290625,3,38640_21329_3,38640_21329
622,person,0.85018545,286,43,364,305,21329,38640,0.1182638888888888,2,38640_21329_2,38640_21329
623,tie,0.6744675,242,117,260,177,21329,38640,0.00625,0,38640_21329_0,38640_21329
624,tie,0.5184098,244,114,273,210,21329,38640,0.0161111111111111,1,38640_21329_1,38640_21329
625,person,0.9894329,154,13,328,360,21406,38640,0.3494097222222222,4,38640_21406_4,38640_21406
626,person,0.98846334,4,8,182,350,21406,38640,0.3522916666666667,5,38640_21406_5,38640_21406
627,person,0.9732816,323,49,471,360,21406,38640,0.2663657407407408,3,38640_21406_3,38640_21406
628,tie,0.76212156,238,108,263,210,21406,38640,0.0147569444444444,1,38640_21406_1,38640_21406
629,person,0.71643347,299,38,361,263,21406,38640,0.0807291666666666,2,38640_21406_2,38640_21406
630,tie,0.64731896,234,116,256,216,21406,38640,0.0127314814814814,0,38640_21406_0,38640_21406
631,person,0.9861552,153,16,323,360,21483,38640,0.3384259259259259,5,38640_21483_5,38640_21483
632,person,0.9842276,7,18,180,352,21483,38640,0.3343865740740741,4,38640_21483_4,38640_21483
633,person,0.9690475,319,60,470,356,21483,38640,0.2586574074074074,3,38640_21483_3,38640_21483
634,tie,0.91198266,238,110,270,214,21483,38640,0.0192592592592592,1,38640_21483_1,38640_21483
635,tie,0.8352883,237,113,260,202,21483,38640,0.0118460648148148,0,38640_21483_0,38640_21483
636,person,0.70916504,298,34,362,313,21483,38640,0.1033333333333333,2,38640_21483_2,38640_21483
637,person,0.98904616,15,5,191,352,21560,38640,0.3534259259259259,5,38640_21560_5,38640_21560
638,person,0.98078716,156,14,337,351,21560,38640,0.3529918981481481,4,38640_21560_4,38640_21560
639,person,0.90161633,319,106,475,352,21560,38640,0.2220833333333333,3,38640_21560_3,38640_21560
640,tie,0.85114795,241,107,266,202,21560,38640,0.0137442129629629,1,38640_21560_1,38640_21560
641,person,0.8349771,292,34,367,210,21560,38640,0.0763888888888889,2,38640_21560_2,38640_21560
642,tie,0.7432049,238,108,258,198,21560,38640,0.0104166666666666,0,38640_21560_0,38640_21560
643,person,0.9919744,7,17,186,353,21637,38640,0.3480555555555556,3,38640_21637_3,38640_21637
644,person,0.99136895,178,42,351,353,21637,38640,0.3113599537037037,2,38640_21637_2,38640_21637
645,person,0.94014287,329,110,476,359,21637,38640,0.2118229166666666,1,38640_21637_1,38640_21637
646,person,0.5859011,291,26,353,134,21637,38640,0.03875,0,38640_21637_0,38640_21637
647,person,0.99392456,21,20,197,351,21714,38640,0.3371296296296296,3,38640_21714_3,38640_21714
648,person,0.9686822,316,61,473,360,21714,38640,0.2716608796296296,2,38640_21714_2,38640_21714
649,person,0.96816593,166,14,349,356,21714,38640,0.3621875,4,38640_21714_4,38640_21714
650,tie,0.7889090999999999,105,130,129,193,21714,38640,0.00875,0,38640_21714_0,38640_21714
651,person,0.59793645,289,32,343,119,21714,38640,0.0271875,1,38640_21714_1,38640_21714
652,person,0.9800567,25,26,209,351,21791,38640,0.3460648148148148,5,38640_21791_5,38640_21791
653,person,0.9694968,163,22,334,354,21791,38640,0.3285416666666667,4,38640_21791_4,38640_21791
654,person,0.96157247,333,52,469,358,21791,38640,0.2408333333333333,3,38640_21791_3,38640_21791
655,person,0.7527842,291,35,358,260,21791,38640,0.0872395833333333,2,38640_21791_2,38640_21791
656,tie,0.68390983,242,114,266,218,21791,38640,0.0144444444444444,1,38640_21791_1,38640_21791
657,tie,0.5126527,108,134,135,206,21791,38640,0.01125,0,38640_21791_0,38640_21791
658,person,0.9907258,184,5,447,359,21868,38640,0.5387847222222222,4,38640_21868_4,38640_21868
659,person,0.9841006,0,7,219,354,21868,38640,0.4397743055555556,3,38640_21868_3,38640_21868
660,tie,0.9314119,334,183,377,301,21868,38640,0.0293634259259259,1,38640_21868_1,38640_21868
661,tie,0.9112201,79,206,124,316,21868,38640,0.0286458333333333,0,38640_21868_0,38640_21868
662,tie,0.69763154,66,203,133,341,21868,38640,0.0535069444444444,2,38640_21868_2,38640_21868
663,person,0.99339795,226,43,469,360,21945,38640,0.44578125,1,38640_21945_1,38640_21945
664,person,0.9471333,3,22,228,355,21945,38640,0.43359375,0,38640_21945_0,38640_21945
665,person,0.9773678,204,44,462,356,22022,38640,0.4658333333333333,1,38640_22022_1,38640_22022
666,person,0.95629036,8,30,217,351,22022,38640,0.3882465277777778,0,38640_22022_0,38640_22022
667,person,0.97689897,213,57,460,360,22099,38640,0.4331076388888889,1,38640_22099_1,38640_22099
668,person,0.9467801,23,17,231,356,22099,38640,0.4080555555555556,0,38640_22099_0,38640_22099
669,person,0.98133963,212,47,474,358,22176,38640,0.4715393518518519,1,38640_22176_1,38640_22176
670,person,0.91820925,34,25,232,349,22176,38640,0.37125,0,38640_22176_0,38640_22176
671,person,0.9743301,229,50,462,354,22253,38640,0.4099074074074074,1,38640_22253_1,38640_22253
672,person,0.7776729,9,26,236,358,22253,38640,0.4361342592592593,2,38640_22253_2,38640_22253
673,person,0.6840595,20,7,209,179,22253,38640,0.188125,0,38640_22253_0,38640_22253
674,person,0.97907114,198,51,465,356,22330,38640,0.4712673611111111,1,38640_22330_1,38640_22330
675,person,0.9144659,2,15,222,360,22330,38640,0.4392361111111111,0,38640_22330_0,38640_22330
676,person,0.98482764,8,42,217,354,22407,38640,0.3773611111111111,2,38640_22407_2,38640_22407
677,person,0.98033,182,10,398,354,22407,38640,0.43,3,38640_22407_3,38640_22407
678,tie,0.9608783,324,184,370,297,22407,38640,0.0300810185185185,0,38640_22407_0,38640_22407
679,tie,0.8978450000000001,104,207,146,332,22407,38640,0.0303819444444444,1,38640_22407_1,38640_22407
680,person,0.9895872,197,2,473,357,22484,38640,0.5670138888888889,3,38640_22484_3,38640_22484
681,person,0.98718715,0,28,218,349,22484,38640,0.4049652777777778,2,38640_22484_2,38640_22484
682,tie,0.94412136,92,203,141,341,22484,38640,0.0391319444444444,1,38640_22484_1,38640_22484
683,tie,0.88202554,330,188,377,288,22484,38640,0.027199074074074,0,38640_22484_0,38640_22484
684,person,0.9818518,4,60,231,355,22561,38640,0.3875289351851852,3,38640_22561_3,38640_22561
685,person,0.98110276,211,0,407,357,22561,38640,0.4049305555555556,4,38640_22561_4,38640_22561
686,person,0.8608924000000001,332,38,479,350,22561,38640,0.2654166666666667,2,38640_22561_2,38640_22561
687,tie,0.82815474,106,209,147,345,22561,38640,0.0322685185185185,1,38640_22561_1,38640_22561
688,tie,0.82763445,314,191,354,302,22561,38640,0.0256944444444444,0,38640_22561_0,38640_22561
689,person,0.7234524,255,7,473,353,22561,38640,0.4365046296296296,5,38640_22561_5,38640_22561
690,person,0.9819548,179,0,431,360,22638,38640,0.525,5,38640_22638_5,38640_22638
691,person,0.9671919,4,36,234,353,22638,38640,0.4219328703703704,3,38640_22638_3,38640_22638
692,tie,0.9358719,311,192,354,293,22638,38640,0.0251331018518518,0,38640_22638_0,38640_22638
693,tie,0.92010486,107,211,156,344,22638,38640,0.0377141203703703,1,38640_22638_1,38640_22638
694,tie,0.59379464,101,206,181,348,22638,38640,0.0657407407407407,2,38640_22638_2,38640_22638
695,person,0.52671516,123,12,359,360,22638,38640,0.4752777777777778,4,38640_22638_4,38640_22638
696,person,0.9849642,219,49,473,360,22715,38640,0.4571412037037037,1,38640_22715_1,38640_22715
697,person,0.96501255,7,23,212,360,22715,38640,0.3997974537037037,0,38640_22715_0,38640_22715
698,person,0.9879006,223,42,468,356,22792,38640,0.4451967592592593,2,38640_22792_2,38640_22792
699,person,0.9198915,8,28,201,360,22792,38640,0.3708101851851852,1,38640_22792_1,38640_22792
700,person,0.6403149,6,33,124,351,22792,38640,0.2171527777777776,0,38640_22792_0,38640_22792
701,person,0.98442125,201,0,451,357,22869,38640,0.5164930555555556,3,38640_22869_3,38640_22869
702,person,0.98353267,7,39,229,349,22869,38640,0.3982638888888889,2,38640_22869_2,38640_22869
703,tie,0.9128574,328,188,369,304,22869,38640,0.0275231481481481,0,38640_22869_0,38640_22869
704,tie,0.8708874,109,201,155,347,22869,38640,0.0388657407407407,1,38640_22869_1,38640_22869
705,person,0.98360175,4,52,235,355,22946,38640,0.4050520833333333,4,38640_22946_4,38640_22946
706,person,0.98297286,211,7,440,360,22946,38640,0.467806712962963,5,38640_22946_5,38640_22946
707,tie,0.92665875,330,188,367,322,22946,38640,0.0286921296296296,1,38640_22946_1,38640_22946
708,tie,0.9249363000000002,105,205,148,307,22946,38640,0.0253819444444444,0,38640_22946_0,38640_22946
709,person,0.61382204,381,0,477,320,22946,38640,0.1777777777777777,3,38640_22946_3,38640_22946
710,tie,0.58585674,92,202,155,343,22946,38640,0.05140625,2,38640_22946_2,38640_22946
711,person,0.981187,7,40,236,350,23023,38640,0.4108217592592592,2,38640_23023_2,38640_23023
712,person,0.97247386,198,5,449,360,23023,38640,0.5156539351851852,3,38640_23023_3,38640_23023
713,tie,0.9074829,111,200,154,347,23023,38640,0.0365798611111111,1,38640_23023_1,38640_23023
714,tie,0.50179005,337,179,375,285,23023,38640,0.0233101851851851,0,38640_23023_0,38640_23023
715,person,0.98361444,195,2,428,360,23100,38640,0.4827199074074074,3,38640_23100_3,38640_23100
716,person,0.98030555,12,38,222,355,23100,38640,0.3852430555555556,2,38640_23100_2,38640_23100
717,tie,0.93148464,107,204,152,329,23100,38640,0.0325520833333333,1,38640_23100_1,38640_23100
718,tie,0.9150642,331,190,370,294,23100,38640,0.0234722222222222,0,38640_23100_0,38640_23100
719,person,0.9871041,195,0,446,360,23177,38640,0.5229166666666667,3,38640_23177_3,38640_23177
720,person,0.98220325,8,13,224,352,23177,38640,0.42375,2,38640_23177_2,38640_23177
721,tie,0.9120517,329,180,368,294,23177,38640,0.0257291666666666,0,38640_23177_0,38640_23177
722,tie,0.86094064,107,203,151,333,23177,38640,0.0331018518518518,1,38640_23177_1,38640_23177
723,person,0.9906984,228,37,472,360,23254,38640,0.456087962962963,1,38640_23254_1,38640_23254
724,person,0.9802551,1,11,221,358,23254,38640,0.4417824074074074,0,38640_23254_0,38640_23254
725,person,0.988756,232,50,474,354,23331,38640,0.4257407407407408,0,38640_23331_0,38640_23331
726,person,0.97512984,6,17,253,353,23331,38640,0.4802777777777778,1,38640_23331_1,38640_23331
727,person,0.98495114,245,44,476,360,23408,38640,0.4224305555555555,1,38640_23408_1,38640_23408
728,person,0.97919846,10,0,279,360,23408,38640,0.5604166666666667,2,38640_23408_2,38640_23408
729,tie,0.9210662,144,187,189,315,23408,38640,0.0333333333333333,0,38640_23408_0,38640_23408
730,person,0.97744817,210,6,445,354,23485,38640,0.4732638888888889,2,38640_23485_2,38640_23485
731,person,0.9654877,4,45,224,351,23485,38640,0.3895833333333333,1,38640_23485_1,38640_23485
732,tie,0.92028475,317,186,350,317,23485,38640,0.0250173611111111,0,38640_23485_0,38640_23485
733,person,0.9881171,32,23,155,318,23562,38640,0.2099826388888888,4,38640_23562_4,38640_23562
734,person,0.9417425,246,91,330,288,23562,38640,0.0957638888888888,2,38640_23562_2,38640_23562
735,person,0.8053029,317,44,418,290,23562,38640,0.1437847222222222,3,38640_23562_3,38640_23562
736,person,0.74668646,228,263,257,344,23562,38640,0.01359375,0,38640_23562_0,38640_23562
737,person,0.54281384,106,34,163,285,23562,38640,0.0827951388888888,1,38640_23562_1,38640_23562
738,person,0.98615617,195,76,283,345,23639,38640,0.1369907407407407,1,38640_23639_1,38640_23639
739,person,0.95100427,14,25,122,332,23639,38640,0.191875,3,38640_23639_3,38640_23639
740,person,0.8835608,121,28,216,336,23639,38640,0.1693287037037037,2,38640_23639_2,38640_23639
741,person,0.83983487,274,137,386,292,23639,38640,0.1004629629629629,0,38640_23639_0,38640_23639
742,person,0.9788657,295,65,479,357,23716,38640,0.3109259259259259,3,38640_23716_3,38640_23716
743,person,0.9728017,11,24,227,360,23716,38640,0.42,6,38640_23716_6,38640_23716
744,person,0.9004506999999999,113,10,284,356,23716,38640,0.3423958333333333,5,38640_23716_5,38640_23716
745,person,0.7730212,190,2,302,217,23716,38640,0.1393518518518518,1,38640_23716_1,38640_23716
746,person,0.6490484000000001,4,0,105,198,23716,38640,0.1157291666666666,0,38640_23716_0,38640_23716
747,person,0.5916958000000001,0,55,148,343,23716,38640,0.2466666666666667,2,38640_23716_2,38640_23716
748,person,0.50361556,160,13,327,359,23716,38640,0.3343865740740741,4,38640_23716_4,38640_23716
749,person,0.9753102,152,9,319,360,23793,38640,0.33921875,1,38640_23793_1,38640_23793
750,person,0.97077143,296,73,480,359,23793,38640,0.304537037037037,0,38640_23793_0,38640_23793
751,person,0.96117204,27,23,214,355,23793,38640,0.3592824074074074,2,38640_23793_2,38640_23793
752,person,0.8985207000000001,91,4,281,360,23793,38640,0.3914351851851852,3,38640_23793_3,38640_23793
753,person,0.9840844,139,0,458,359,23870,38640,0.6627372685185186,0,38640_23870_0,38640_23870
754,person,0.98267853,106,0,474,360,23947,38640,0.7666666666666667,0,38640_23947_0,38640_23947
755,person,0.9869443,40,13,412,360,24024,38640,0.7470138888888889,2,38640_24024_2,38640_24024
756,tie,0.9808337,220,248,270,357,24024,38640,0.0315393518518518,0,38640_24024_0,38640_24024
757,chair,0.56254524,296,187,435,267,24024,38640,0.0643518518518518,1,38640_24024_1,38640_24024
758,person,0.9963019,68,14,353,358,24101,38640,0.5673611111111111,1,38640_24101_1,38640_24101
759,tie,0.9952276,231,185,269,333,24101,38640,0.0325462962962962,0,38640_24101_0,38640_24101
760,person,0.9963408,93,17,359,356,24178,38640,0.5218402777777778,3,38640_24178_3,38640_24178
761,tie,0.96354693,239,183,275,316,24178,38640,0.0277083333333333,1,38640_24178_1,38640_24178
762,tie,0.65326947,237,176,288,337,24178,38640,0.0475173611111111,2,38640_24178_2,38640_24178
763,tie,0.5050895000000001,239,200,268,293,24178,38640,0.0156076388888888,0,38640_24178_0,38640_24178
764,person,0.99369746,189,61,360,360,24255,38640,0.2958854166666667,1,38640_24255_1,38640_24255
765,person,0.98511165,352,5,476,358,24255,38640,0.2533101851851852,0,38640_24255_0,38640_24255
766,person,0.96961874,9,6,196,358,24255,38640,0.3809259259259261,2,38640_24255_2,38640_24255
767,person,0.994873,161,57,338,358,24332,38640,0.3083159722222222,0,38640_24332_0,38640_24332
768,person,0.9918115,310,5,474,358,24332,38640,0.3350231481481481,1,38640_24332_1,38640_24332
769,person,0.9744769,7,15,202,350,24332,38640,0.3780381944444444,2,38640_24332_2,38640_24332
770,person,0.9952957,158,57,335,359,24409,38640,0.3093402777777778,1,38640_24409_1,38640_24409
771,person,0.9934227,314,7,474,360,24409,38640,0.3268518518518518,2,38640_24409_2,38640_24409
772,person,0.9603991,8,21,190,348,24409,38640,0.3444097222222222,3,38640_24409_3,38640_24409
773,tie,0.5167961,351,127,382,206,24409,38640,0.0141724537037037,0,38640_24409_0,38640_24409
774,person,0.9878825,170,61,336,356,24486,38640,0.2833912037037037,0,38640_24486_0,38640_24486
775,person,0.98688054,298,6,475,356,24486,38640,0.3585069444444444,2,38640_24486_2,38640_24486
776,person,0.9748497,3,13,175,357,24486,38640,0.3424074074074074,1,38640_24486_1,38640_24486
777,person,0.9771967,2,26,162,356,24563,38640,0.3055555555555556,1,38640_24563_1,38640_24563
778,person,0.9739188,303,36,475,354,24563,38640,0.3165277777777778,2,38640_24563_2,38640_24563
779,person,0.96809053,134,62,299,351,24563,38640,0.2759548611111111,0,38640_24563_0,38640_24563
780,person,0.94009775,82,44,172,329,24640,38640,0.1484375,5,38640_24640_5,38640_24640
781,person,0.90704894,5,31,100,303,24640,38640,0.149537037037037,6,38640_24640_6,38640_24640
782,person,0.8927607,148,32,209,318,24640,38640,0.1009606481481481,3,38640_24640_3,38640_24640
783,person,0.8728540000000001,216,75,271,333,24640,38640,0.0821180555555555,1,38640_24640_1,38640_24640
784,person,0.82491016,323,72,418,287,24640,38640,0.1182002314814814,4,38640_24640_4,38640_24640
785,person,0.7455629,261,56,325,308,24640,38640,0.0933333333333333,2,38640_24640_2,38640_24640
786,person,0.59650135,197,75,251,317,24640,38640,0.075625,0,38640_24640_0,38640_24640
787,person,0.9058038,74,54,170,329,24717,38640,0.1527777777777778,5,38640_24717_5,38640_24717
788,person,0.896727,243,48,319,330,24717,38640,0.1240277777777777,4,38640_24717_4,38640_24717
789,person,0.8742871999999999,5,28,101,315,24717,38640,0.1594444444444444,6,38640_24717_6,38640_24717
790,person,0.78604555,173,84,237,323,24717,38640,0.0885185185185185,2,38640_24717_2,38640_24717
791,person,0.70411736,308,102,394,290,24717,38640,0.0935648148148148,3,38640_24717_3,38640_24717
792,person,0.68676955,141,44,192,323,24717,38640,0.08234375,1,38640_24717_1,38640_24717
793,person,0.6459971,196,101,254,331,24717,38640,0.077199074074074,0,38640_24717_0,38640_24717
794,person,0.99363106,328,6,473,358,24794,38640,0.2953703703703704,1,38640_24794_1,38640_24794
795,person,0.97019887,163,56,320,359,24794,38640,0.2752951388888889,0,38640_24794_0,38640_24794
796,person,0.9608728,6,0,205,355,24794,38640,0.4088252314814815,2,38640_24794_2,38640_24794
797,person,0.99419254,313,8,473,360,24871,38640,0.3259259259259259,1,38640_24871_1,38640_24871
798,person,0.98948914,159,62,331,357,24871,38640,0.2936342592592592,0,38640_24871_0,38640_24871
799,person,0.97830987,5,14,177,354,24871,38640,0.3384259259259259,2,38640_24871_2,38640_24871
800,person,0.99539727,285,4,472,359,24948,38640,0.3841724537037037,1,38640_24948_1,38640_24948
801,person,0.9791196,158,58,328,355,24948,38640,0.2921875,0,38640_24948_0,38640_24948
802,person,0.9535591,6,7,221,348,24948,38640,0.4242766203703704,2,38640_24948_2,38640_24948
803,person,0.9909025,294,8,474,360,25025,38640,0.3666666666666665,1,38640_25025_1,38640_25025
804,person,0.9856377,158,63,329,359,25025,38640,0.2929166666666666,0,38640_25025_0,38640_25025
805,person,0.96620095,0,0,192,353,25025,38640,0.3922222222222223,2,38640_25025_2,38640_25025
806,person,0.9941858,312,6,476,360,25102,38640,0.3359722222222222,2,38640_25102_2,38640_25102
807,person,0.9814294,165,58,340,356,25102,38640,0.3017939814814814,1,38640_25102_1,38640_25102
808,person,0.9680989,5,20,201,356,25102,38640,0.3811111111111111,3,38640_25102_3,38640_25102
809,person,0.71687084,25,0,195,244,25102,38640,0.2400462962962963,0,38640_25102_0,38640_25102
810,person,0.99065524,302,26,479,359,25179,38640,0.34109375,1,38640_25179_1,38640_25179
811,person,0.98672384,153,68,328,354,25179,38640,0.2896412037037037,0,38640_25179_0,38640_25179
812,person,0.96895874,5,0,195,355,25179,38640,0.3903356481481481,2,38640_25179_2,38640_25179
813,person,0.97023946,72,67,324,352,25256,38640,0.415625,1,38640_25256_1,38640_25256
814,person,0.96033394,311,16,479,359,25256,38640,0.3334722222222222,0,38640_25256_0,38640_25256
815,person,0.98758775,287,21,472,360,25333,38640,0.3629340277777778,1,38640_25333_1,38640_25333
816,person,0.9800094,158,67,325,360,25333,38640,0.2831655092592593,0,38640_25333_0,38640_25333
817,person,0.95430076,8,0,196,355,25333,38640,0.3862268518518519,2,38640_25333_2,38640_25333
818,person,0.96692365,286,17,480,360,25410,38640,0.3850810185185185,0,38640_25410_0,38640_25410
819,person,0.9533416,58,50,317,354,25410,38640,0.4556481481481482,1,38640_25410_1,38640_25410
820,person,0.80028206,198,209,260,290,25564,38640,0.0290625,0,38640_25564_0,38640_25564
821,person,0.7801214,139,211,206,295,25564,38640,0.0325694444444444,1,38640_25564_1,38640_25564
822,person,0.9414957,76,146,176,298,25641,38640,0.0879629629629629,1,38640_25641_1,38640_25641
823,person,0.82158405,0,141,77,291,25641,38640,0.0668402777777777,0,38640_25641_0,38640_25641
824,potted plant,0.9062821,71,116,193,238,25795,38640,0.0861342592592592,1,38640_25795_1,38640_25795
825,potted plant,0.5965210999999999,106,100,192,260,25795,38640,0.0796296296296296,0,38640_25795_0,38640_25795
826,person,0.8047489999999999,424,93,473,193,25872,38640,0.0283564814814814,0,38640_25872_0,38640_25872
827,person,0.96651644,302,78,371,293,25949,38640,0.0858506944444444,3,38640_25949_3,38640_25949
828,potted plant,0.6931831,53,119,167,225,25949,38640,0.0699305555555555,1,38640_25949_1,38640_25949
829,dining table,0.6651821,4,206,154,344,25949,38640,0.1197916666666666,4,38640_25949_4,38640_25949
830,person,0.6285566,144,77,187,156,25949,38640,0.0196585648148148,0,38640_25949_0,38640_25949
831,dining table,0.6236857,7,208,163,289,25949,38640,0.073125,2,38640_25949_2,38640_25949
832,person,0.9922665,170,48,283,349,26026,38640,0.1968344907407407,1,38640_26026_1,38640_26026
833,person,0.9548017,259,27,345,356,26026,38640,0.1637384259259259,0,38640_26026_0,38640_26026
834,person,0.9907426,350,35,463,353,26103,38640,0.2079513888888889,1,38640_26103_1,38640_26103
835,person,0.9774605,17,47,140,309,26103,38640,0.1864930555555556,0,38640_26103_0,38640_26103
836,dining table,0.6742656,95,193,378,333,26103,38640,0.2292824074074074,2,38640_26103_2,38640_26103
837,person,0.98459655,353,35,450,354,26180,38640,0.179068287037037,1,38640_26180_1,38640_26180
838,person,0.8449827,135,71,191,210,26180,38640,0.0450462962962963,0,38640_26180_0,38640_26180
839,person,0.99018514,352,36,451,357,26257,38640,0.18390625,2,38640_26257_2,38640_26257
840,person,0.87490094,140,75,200,213,26257,38640,0.0479166666666666,0,38640_26257_0,38640_26257
841,potted plant,0.52975726,80,108,182,209,26257,38640,0.0596180555555555,1,38640_26257_1,38640_26257
842,person,0.9908084,353,37,454,354,26334,38640,0.1852835648148148,3,38640_26334_3,38640_26334
843,person,0.88378316,146,70,217,227,26334,38640,0.0645081018518518,2,38640_26334_2,38640_26334
844,potted plant,0.8101736999999999,75,104,182,202,26334,38640,0.0606828703703703,1,38640_26334_1,38640_26334
845,potted plant,0.697113,89,115,160,204,26334,38640,0.036568287037037,0,38640_26334_0,38640_26334
846,person,0.9841612,71,53,249,352,26411,38640,0.3079976851851852,0,38640_26411_0,38640_26411
847,person,0.98380363,238,1,451,360,26411,38640,0.4425173611111111,1,38640_26411_1,38640_26411
848,person,0.99309444,68,49,240,354,26488,38640,0.303587962962963,0,38640_26488_0,38640_26488
849,person,0.98828435,231,4,463,359,26488,38640,0.4766203703703704,1,38640_26488_1,38640_26488
850,person,0.9696296,178,27,362,360,26565,38640,0.3545833333333333,1,38640_26565_1,38640_26565
851,person,0.7891329,135,28,292,360,26565,38640,0.3016435185185185,0,38640_26565_0,38640_26565
852,person,0.9943837,40,38,243,353,26642,38640,0.3700520833333333,1,38640_26642_1,38640_26642
853,person,0.9913864,324,4,469,360,26642,38640,0.2987268518518518,0,38640_26642_0,38640_26642
854,person,0.989541,61,42,262,353,26719,38640,0.3617534722222222,3,38640_26719_3,38640_26719
855,person,0.98669064,268,8,480,348,26719,38640,0.4171296296296296,4,38640_26719_4,38640_26719
856,tie,0.71459764,106,180,128,260,26719,38640,0.0101851851851851,1,38640_26719_1,38640_26719
857,tie,0.53837854,112,181,133,241,26719,38640,0.0072916666666666,0,38640_26719_0,38640_26719
858,tie,0.5161973,101,177,138,306,26719,38640,0.0276215277777777,2,38640_26719_2,38640_26719
859,person,0.9933937,67,43,274,353,26796,38640,0.3713541666666666,3,38640_26796_3,38640_26796
860,person,0.98289317,252,24,403,338,26796,38640,0.2743865740740741,2,38640_26796_2,38640_26796
861,tie,0.76005965,119,172,169,317,26796,38640,0.0419560185185185,1,38640_26796_1,38640_26796
862,tie,0.7415477,124,177,148,239,26796,38640,0.0086111111111111,0,38640_26796_0,38640_26796
863,person,0.9931539,253,28,435,346,26873,38640,0.3349305555555556,2,38640_26873_2,38640_26873
864,person,0.98984665,70,38,294,351,26873,38640,0.4057407407407408,3,38640_26873_3,38640_26873
865,tie,0.6838744999999999,155,171,172,206,26873,38640,0.003443287037037,0,38640_26873_0,38640_26873
866,tie,0.51166004,143,166,167,222,26873,38640,0.0077777777777777,1,38640_26873_1,38640_26873
867,person,0.9911146,71,35,304,354,26950,38640,0.4301331018518518,5,38640_26950_5,38640_26950
868,person,0.9874315,274,0,434,352,26950,38640,0.3259259259259259,4,38640_26950_4,38640_26950
869,tie,0.7544089,154,165,179,237,26950,38640,0.0104166666666666,0,38640_26950_0,38640_26950
870,tie,0.6172259,134,167,211,336,26950,38640,0.0753067129629629,3,38640_26950_3,38640_26950
871,tie,0.61367154,143,162,184,297,26950,38640,0.03203125,2,38640_26950_2,38640_26950
872,tie,0.5774232,147,165,179,266,26950,38640,0.0187037037037037,1,38640_26950_1,38640_26950
873,person,0.9915404,282,0,430,356,27027,38640,0.3049074074074074,1,38640_27027_1,38640_27027
874,person,0.9915804,76,37,293,351,27027,38640,0.3943171296296296,2,38640_27027_2,38640_27027
875,tie,0.5685685,139,168,164,245,27027,38640,0.0111400462962962,0,38640_27027_0,38640_27027
876,person,0.9911675,74,31,280,351,27104,38640,0.3814814814814815,3,38640_27104_3,38640_27104
877,person,0.99009776,280,5,472,353,27104,38640,0.3866666666666666,4,38640_27104_4,38640_27104
878,tie,0.9154928,128,177,152,234,27104,38640,0.0079166666666666,1,38640_27104_1,38640_27104
879,tie,0.72808766,123,174,146,246,27104,38640,0.0095833333333333,2,38640_27104_2,38640_27104
880,tie,0.7172178000000001,134,176,156,226,27104,38640,0.0063657407407407,0,38640_27104_0,38640_27104
881,person,0.9900163,273,0,461,345,27181,38640,0.3753472222222222,2,38640_27181_2,38640_27181
882,person,0.9884211,73,36,278,351,27181,38640,0.3736979166666667,1,38640_27181_1,38640_27181
883,tie,0.64819103,125,178,146,231,27181,38640,0.0064409722222222,0,38640_27181_0,38640_27181
884,person,0.9920774,278,9,466,350,27258,38640,0.3709953703703704,3,38640_27258_3,38640_27258
885,person,0.990906,74,37,275,352,27258,38640,0.36640625,2,38640_27258_2,38640_27258
886,tie,0.68036443,125,180,147,234,27258,38640,0.006875,0,38640_27258_0,38640_27258
887,tie,0.56902933,121,174,174,310,27258,38640,0.0417129629629629,1,38640_27258_1,38640_27258
888,person,0.98527896,206,0,455,354,27335,38640,0.5101041666666667,1,38640_27335_1,38640_27335
889,person,0.97789705,73,28,288,356,27335,38640,0.4081018518518518,0,38640_27335_0,38640_27335
890,person,0.9946938,193,0,466,360,27412,38640,0.56875,1,38640_27412_1,38640_27412
891,person,0.9889109,49,30,295,355,27412,38640,0.4626736111111111,0,38640_27412_0,38640_27412
892,person,0.93655837,151,75,219,246,27489,38640,0.0672916666666666,0,38640_27489_0,38640_27489
893,potted plant,0.77770334,57,189,231,351,27489,38640,0.163125,1,38640_27489_1,38640_27489
894,person,0.95158917,394,53,463,285,27566,38640,0.0926388888888889,1,38640_27566_1,38640_27566
895,person,0.8697386999999999,142,76,213,223,27566,38640,0.0603993055555555,0,38640_27566_0,38640_27566
896,potted plant,0.62328386,38,205,194,347,27566,38640,0.1281944444444444,2,38640_27566_2,38640_27566
897,person,0.96697026,240,49,342,276,27643,38640,0.1339930555555555,4,38640_27643_4,38640_27643
898,potted plant,0.85071534,142,194,287,353,27643,38640,0.1334201388888889,3,38640_27643_3,38640_27643
899,chair,0.81442195,7,175,95,338,27643,38640,0.0830092592592592,2,38640_27643_2,38640_27643
900,person,0.7733515000000001,363,69,418,195,27643,38640,0.0401041666666666,0,38640_27643_0,38640_27643
901,car,0.6012082,359,175,463,290,27643,38640,0.0692129629629629,1,38640_27643_1,38640_27643
902,person,0.9922546,344,50,452,356,27720,38640,0.19125,1,38640_27720_1,38640_27720
903,person,0.90134937,51,27,131,238,27720,38640,0.0976851851851851,0,38640_27720_0,38640_27720
904,dining table,0.7810121,67,188,368,347,27720,38640,0.2769618055555555,2,38640_27720_2,38640_27720
905,person,0.98601335,289,42,424,353,27797,38640,0.24296875,3,38640_27797_3,38640_27797
906,person,0.96217287,123,44,202,235,27797,38640,0.0873206018518518,1,38640_27797_1,38640_27797
907,chair,0.83462256,391,168,471,336,27797,38640,0.0777777777777777,0,38640_27797_0,38640_27797
908,dining table,0.666868,75,203,347,354,27797,38640,0.2376851851851852,2,38640_27797_2,38640_27797
909,person,0.9872764,313,54,396,338,27874,38640,0.136412037037037,2,38640_27874_2,38640_27874
910,person,0.97623426,121,39,196,230,27874,38640,0.0828993055555555,0,38640_27874_0,38640_27874
911,chair,0.7312809,383,157,474,333,27874,38640,0.0926851851851852,1,38640_27874_1,38640_27874
912,dining table,0.67263603,60,196,320,354,27874,38640,0.2377314814814815,3,38640_27874_3,38640_27874
913,person,0.98728687,87,86,195,234,27951,38640,0.0925,0,38640_27951_0,38640_27951
914,person,0.97846276,314,45,398,346,27951,38640,0.1463194444444444,2,38640_27951_2,38640_27951
915,chair,0.61416906,375,144,476,334,27951,38640,0.1110532407407407,1,38640_27951_1,38640_27951
916,dining table,0.60422564,55,206,320,354,27951,38640,0.2269675925925925,3,38640_27951_3,38640_27951
917,person,0.9875459,301,54,411,344,28028,38640,0.1846064814814814,1,38640_28028_1,38640_28028
918,person,0.92193365,70,135,154,246,28028,38640,0.0539583333333333,0,38640_28028_0,38640_28028
919,person,0.9805699,138,0,436,353,28105,38640,0.6087615740740739,1,38640_28105_1,38640_28105
920,tie,0.92530626,251,168,283,258,28105,38640,0.0166666666666666,0,38640_28105_0,38640_28105
921,person,0.991499,113,0,428,354,28182,38640,0.6453125,3,38640_28182_3,38640_28182
922,tie,0.9668161,243,172,279,253,28182,38640,0.016875,2,38640_28182_2,38640_28182
923,tie,0.73930854,240,175,267,255,28182,38640,0.0125,0,38640_28182_0,38640_28182
924,sports ball,0.5976,122,146,175,196,28182,38640,0.0153356481481481,1,38640_28182_1,38640_28182
925,person,0.9783668,211,29,333,355,28259,38640,0.230162037037037,4,38640_28259_4,38640_28259
926,person,0.9772131,325,48,421,353,28259,38640,0.1694444444444444,3,38640_28259_3,38640_28259
927,person,0.8525482,72,137,151,238,28259,38640,0.0461747685185185,0,38640_28259_0,38640_28259
928,chair,0.71851933,396,160,476,337,28259,38640,0.0819444444444444,2,38640_28259_2,38640_28259
929,person,0.5617715999999999,66,132,147,285,28259,38640,0.07171875,1,38640_28259_1,38640_28259
930,person,0.9835877,373,40,470,351,28336,38640,0.1745775462962963,1,38640_28336_1,38640_28336
931,person,0.9730651,83,50,196,338,28336,38640,0.1883333333333332,2,38640_28336_2,38640_28336
932,dining table,0.57659376,155,214,368,353,28336,38640,0.1713368055555555,0,38640_28336_0,38640_28336
933,person,0.99214077,48,0,232,349,28413,38640,0.3716203703703704,2,38640_28413_2,38640_28413
934,person,0.87090105,253,173,451,360,28413,38640,0.2142708333333333,1,38640_28413_1,38640_28413
935,person,0.57263446,350,173,442,303,28413,38640,0.0692129629629629,0,38640_28413_0,38640_28413
936,person,0.98049223,237,145,453,354,28490,38640,0.26125,2,38640_28490_2,38640_28490
937,person,0.9511962,17,28,144,343,28490,38640,0.2315104166666666,1,38640_28490_1,38640_28490
938,horse,0.62357146,360,160,404,234,28490,38640,0.0188425925925925,0,38640_28490_0,38640_28490
939,person,0.9941041,139,3,431,356,28567,38640,0.5965046296296296,3,38640_28567_3,38640_28567
940,tie,0.9715134,258,173,295,259,28567,38640,0.0184143518518518,2,38640_28567_2,38640_28567
941,sports ball,0.51013553,120,150,174,201,28567,38640,0.0159375,1,38640_28567_1,38640_28567
942,tie,0.5041909000000001,254,173,282,261,28567,38640,0.0142592592592592,0,38640_28567_0,38640_28567
943,person,0.989198,120,0,440,356,28644,38640,0.6592592592592592,2,38640_28644_2,38640_28644
944,tie,0.8995173000000001,259,171,291,259,28644,38640,0.0162962962962963,1,38640_28644_1,38640_28644
945,tie,0.6483954000000001,255,172,281,260,28644,38640,0.0132407407407407,0,38640_28644_0,38640_28644
946,person,0.9858888,307,15,460,357,28721,38640,0.3028125,2,38640_28721_2,38640_28721
947,person,0.9284087,19,142,188,347,28721,38640,0.2004918981481481,1,38640_28721_1,38640_28721
948,person,0.9196583,130,130,281,293,28721,38640,0.1424363425925925,0,38640_28721_0,38640_28721
949,person,0.9867405,336,7,449,351,28798,38640,0.2249537037037037,2,38640_28798_2,38640_28798
950,person,0.94988984,9,157,189,347,28798,38640,0.1979166666666666,1,38640_28798_1,38640_28798
951,person,0.79446715,88,55,169,254,28798,38640,0.09328125,0,38640_28798_0,38640_28798
952,person,0.9931486,281,5,444,354,28875,38640,0.3292071759259259,1,38640_28875_1,38640_28875
953,person,0.9826666,134,31,284,338,28875,38640,0.2664930555555556,0,38640_28875_0,38640_28875
954,person,0.9941654,51,19,238,357,28952,38640,0.365775462962963,1,38640_28952_1,38640_28952
955,person,0.98544574,250,0,449,358,28952,38640,0.4122800925925926,2,38640_28952_2,38640_28952
956,dog,0.5937204,243,151,302,205,28952,38640,0.0184375,0,38640_28952_0,38640_28952
957,person,0.9949065,47,13,239,360,29029,38640,0.3855555555555555,0,38640_29029_0,38640_29029
958,person,0.98343706,244,6,440,353,29029,38640,0.3935879629629629,1,38640_29029_1,38640_29029
959,person,0.9948775,47,16,246,360,29106,38640,0.3961574074074074,1,38640_29106_1,38640_29106
960,person,0.98908037,256,0,438,356,29106,38640,0.3749537037037037,0,38640_29106_0,38640_29106
961,tie,0.9867247,235,151,266,207,29183,38640,0.0100462962962962,0,38640_29183_0,38640_29183
962,person,0.97484064,13,0,388,357,29183,38640,0.7747395833333334,4,38640_29183_4,38640_29183
963,potted plant,0.88345534,4,0,202,196,29183,38640,0.2245833333333333,2,38640_29183_2,38640_29183
964,person,0.8261661,152,3,403,356,29183,38640,0.5127488425925926,3,38640_29183_3,38640_29183
965,vase,0.7325278000000001,56,73,152,206,29183,38640,0.0738888888888888,1,38640_29183_1,38640_29183
966,person,0.9948554,52,19,242,360,29260,38640,0.3749421296296296,0,38640_29260_0,38640_29260
967,person,0.9840067,259,0,446,354,29260,38640,0.3830902777777777,1,38640_29260_1,38640_29260
968,person,0.99542636,60,22,232,358,29337,38640,0.3344444444444444,0,38640_29337_0,38640_29337
969,person,0.9894582,197,4,445,352,29337,38640,0.4994444444444445,1,38640_29337_1,38640_29337
970,person,0.99301225,55,27,236,358,29414,38640,0.3467071759259259,0,38640_29414_0,38640_29414
971,person,0.99064106,206,0,425,358,29414,38640,0.4537152777777778,1,38640_29414_1,38640_29414
972,person,0.99173534,214,9,431,353,29491,38640,0.4319907407407407,1,38640_29491_1,38640_29491
973,person,0.78983325,1,102,79,321,29491,38640,0.0988541666666666,0,38640_29491_0,38640_29491
974,person,0.99298203,23,13,396,353,29568,38640,0.733912037037037,0,38640_29568_0,38640_29568
975,person,0.95617616,259,11,355,320,29645,38640,0.1716666666666666,1,38640_29645_1,38640_29645
976,person,0.88111466,161,147,307,333,29645,38640,0.1571527777777777,0,38640_29645_0,38640_29645
977,person,0.9875728,140,5,411,356,29722,38640,0.55046875,0,38640_29722_0,38640_29722
978,person,0.9909242,116,6,361,360,29799,38640,0.5019097222222222,0,38640_29799_0,38640_29799
979,person,0.96286666,122,0,379,356,29876,38640,0.5294675925925926,6,38640_29876_6,38640_29876
980,sports ball,0.86823744,173,323,209,357,29876,38640,0.0070833333333333,0,38640_29876_0,38640_29876
981,tie,0.64013314,252,114,269,194,29876,38640,0.0078703703703703,3,38640_29876_3,38640_29876
982,potted plant,0.61506855,114,53,180,139,29876,38640,0.0328472222222222,5,38640_29876_5,38640_29876
983,tie,0.54860914,255,117,274,182,29876,38640,0.0071469907407407,1,38640_29876_1,38640_29876
984,tie,0.545858,247,120,266,190,29876,38640,0.0076967592592592,2,38640_29876_2,38640_29876
985,sports ball,0.5071909000000001,62,84,109,135,29876,38640,0.0138715277777777,4,38640_29876_4,38640_29876
986,person,0.9857701,158,5,370,359,29953,38640,0.4343055555555556,1,38640_29953_1,38640_29953
987,chair,0.7447741999999999,343,220,416,360,29953,38640,0.0591435185185185,0,38640_29953_0,38640_29953
988,person,0.97621095,134,114,336,336,30030,38640,0.2595138888888889,2,38640_30030_2,38640_30030
989,person,0.8974937,213,9,315,229,30030,38640,0.1298611111111111,0,38640_30030_0,38640_30030
990,person,0.7237688,165,56,332,305,30030,38640,0.2406423611111111,1,38640_30030_1,38640_30030
991,person,0.98233944,182,29,339,353,30107,38640,0.294375,1,38640_30107_1,38640_30107
992,person,0.670558,132,67,217,315,30107,38640,0.1219907407407407,0,38640_30107_0,38640_30107
993,person,0.99740607,282,39,387,349,30184,38640,0.1883680555555555,1,38640_30184_1,38640_30184
994,chair,0.841088,2,190,150,352,30184,38640,0.13875,0,38640_30184_0,38640_30184
995,person,0.62243843,381,114,417,228,30492,38640,0.02375,1,38640_30492_1,38640_30492
996,person,0.51093584,383,111,413,161,30492,38640,0.0086805555555555,0,38640_30492_0,38640_30492
997,person,0.7449786,380,110,413,234,30569,38640,0.0236805555555555,0,38640_30569_0,38640_30569
998,person,0.5427635000000001,49,25,246,202,30646,38640,0.2017881944444444,1,38640_30646_1,38640_30646
999,person,0.5230379,58,22,141,181,30646,38640,0.0763715277777777,0,38640_30646_0,38640_30646
1000,person,0.7317871,271,58,347,262,30723,38640,0.0897222222222222,0,38640_30723_0,38640_30723
1001,person,0.9735739,23,27,223,348,30800,38640,0.3715277777777778,1,38640_30800_1,38640_30800
1002,person,0.96845925,340,22,477,360,30800,38640,0.267974537037037,0,38640_30800_0,38640_30800
1003,person,0.96801704,147,10,337,353,30800,38640,0.3771412037037037,2,38640_30800_2,38640_30800
1004,person,0.98780906,23,20,209,357,30877,38640,0.3627430555555556,2,38640_30877_2,38640_30877
1005,person,0.9777354,175,1,339,360,30877,38640,0.3407175925925926,1,38640_30877_1,38640_30877
1006,person,0.97053164,323,25,476,351,30877,38640,0.2886458333333333,0,38640_30877_0,38640_30877
1007,person,0.98130715,157,60,266,237,30954,38640,0.1116493055555555,2,38640_30954_2,38640_30954
1008,person,0.93311375,319,62,382,271,30954,38640,0.0761979166666666,1,38640_30954_1,38640_30954
1009,person,0.7047199000000001,290,74,336,261,30954,38640,0.0497800925925925,0,38640_30954_0,38640_30954
1010,person,0.8998448,260,56,366,260,31031,38640,0.1251388888888888,2,38640_31031_2,38640_31031
1011,person,0.6087478000000001,412,141,462,222,31031,38640,0.0234375,1,38640_31031_1,38640_31031
1012,person,0.51343673,359,109,385,152,31031,38640,0.0064699074074074,0,38640_31031_0,38640_31031
1013,person,0.9858803,142,35,285,350,31108,38640,0.2606770833333333,1,38640_31108_1,38640_31108
1014,person,0.69658047,430,107,469,189,31108,38640,0.0185069444444444,0,38640_31108_0,38640_31108
1015,person,0.96011937,247,62,401,343,31185,38640,0.2504282407407407,2,38640_31185_2,38640_31185
1016,person,0.9518789,86,85,224,328,31185,38640,0.1940625,1,38640_31185_1,38640_31185
1017,person,0.5904571,246,66,396,222,31185,38640,0.1354166666666666,0,38640_31185_0,38640_31185
1018,person,0.7438357,70,182,220,336,31262,38640,0.1336805555555555,0,38640_31262_0,38640_31262
1019,chair,0.68489355,226,132,416,356,31262,38640,0.2462962962962963,1,38640_31262_1,38640_31262
1020,person,0.8805431999999999,71,164,224,350,31339,38640,0.1646875,1,38640_31339_1,38640_31339
1021,person,0.86555815,271,44,451,339,31339,38640,0.3072916666666667,2,38640_31339_2,38640_31339
1022,person,0.57128274,436,92,457,139,31339,38640,0.0057118055555555,0,38640_31339_0,38640_31339
1023,person,0.66143745,67,142,226,340,31416,38640,0.1821875,0,38640_31416_0,38640_31416
1024,chair,0.6403908,270,118,449,350,31416,38640,0.2403240740740741,1,38640_31416_1,38640_31416
1025,person,0.7575668000000001,77,152,216,346,31493,38640,0.1560532407407407,0,38640_31493_0,38640_31493
1026,person,0.6722461,88,160,219,318,31570,38640,0.1197800925925926,0,38640_31570_0,38640_31570
1027,person,0.8797178,262,9,406,345,31647,38640,0.28,1,38640_31647_1,38640_31647
1028,person,0.77337444,57,173,216,348,31647,38640,0.1610243055555555,0,38640_31647_0,38640_31647
1029,person,0.98365873,133,16,229,346,31724,38640,0.1833333333333332,2,38640_31724_2,38640_31724
1030,person,0.8496004999999999,213,136,296,316,31724,38640,0.0864583333333333,1,38640_31724_1,38640_31724
1031,person,0.7933127,286,86,365,173,31724,38640,0.0397743055555555,0,38640_31724_0,38640_31724
1032,person,0.98349607,120,16,257,357,31801,38640,0.2703530092592593,2,38640_31801_2,38640_31801
1033,person,0.8098938,221,136,314,357,31801,38640,0.1189409722222222,1,38640_31801_1,38640_31801
1034,person,0.5628565999999999,301,100,377,178,31801,38640,0.0343055555555555,0,38640_31801_0,38640_31801
1035,horse,0.58485675,36,43,453,349,31878,38640,0.7384375,1,38640_31878_1,38640_31878
1036,person,0.5506424,89,30,412,329,31878,38640,0.5588946759259259,0,38640_31878_0,38640_31878
1037,horse,0.68869305,35,41,421,356,31955,38640,0.7036458333333333,0,38640_31955_0,38640_31955
1038,person,0.9928625,90,23,274,358,32032,38640,0.3567129629629629,0,38640_32032_0,38640_32032
1039,person,0.9897383,100,25,296,358,32109,38640,0.3777083333333333,0,38640_32109_0,38640_32109
1040,person,0.98952115,95,9,276,360,32263,38640,0.36765625,0,38640_32263_0,38640_32263
1041,person,0.98364097,147,49,219,328,32340,38640,0.11625,0,38640_32340_0,38640_32340
1042,person,0.96391475,224,39,319,350,32340,38640,0.1709780092592592,2,38640_32340_2,38640_32340
1043,motorcycle,0.5700861999999999,300,90,426,258,32340,38640,0.1225,1,38640_32340_1,38640_32340
1044,person,0.969662,103,43,169,240,32417,38640,0.0752430555555555,0,38640_32417_0,38640_32417
1045,person,0.95193785,260,49,362,299,32417,38640,0.1475694444444444,2,38640_32417_2,38640_32417
1046,motorcycle,0.85503733,325,122,465,268,32417,38640,0.118287037037037,1,38640_32417_1,38640_32417
1047,person,0.98630524,321,27,454,353,32494,38640,0.2509143518518518,0,38640_32494_0,38640_32494
1048,person,0.7709424,76,11,227,359,32494,38640,0.3040972222222222,1,38640_32494_1,38640_32494
1049,person,0.97938865,263,22,441,360,32571,38640,0.3481712962962963,3,38640_32571_3,38640_32571
1050,person,0.96797806,82,30,218,352,32571,38640,0.2534259259259259,1,38640_32571_1,38640_32571
1051,person,0.85241973,23,43,173,347,32571,38640,0.2638888888888889,2,38640_32571_2,38640_32571
1052,person,0.5679153,3,11,124,349,32571,38640,0.2366782407407408,0,38640_32571_0,38640_32571
1053,person,0.99324965,264,9,421,360,32648,38640,0.31890625,2,38640_32648_2,38640_32648
1054,person,0.9855546,73,25,239,353,32648,38640,0.3150925925925926,1,38640_32648_1,38640_32648
1055,tie,0.50796026,140,114,155,168,32648,38640,0.0046875,0,38640_32648_0,38640_32648
1056,person,0.99203014,175,51,390,355,32725,38640,0.3782407407407408,2,38640_32725_2,38640_32725
1057,tie,0.63825995,283,169,303,236,32725,38640,0.0077546296296296,0,38640_32725_0,38640_32725
1058,tie,0.54114336,276,162,307,270,32725,38640,0.019375,1,38640_32725_1,38640_32725
1059,person,0.9792621,77,34,237,357,32802,38640,0.299074074074074,3,38640_32802_3,38640_32802
1060,person,0.95693904,322,7,476,360,32802,38640,0.3145949074074074,4,38640_32802_4,38640_32802
1061,person,0.9499289,192,59,353,348,32802,38640,0.2692650462962963,2,38640_32802_2,38640_32802
1062,tie,0.6059264,148,121,170,199,32802,38640,0.0099305555555555,1,38640_32802_1,38640_32802
1063,tie,0.5865005999999999,145,123,161,200,32802,38640,0.0071296296296296,0,38640_32802_0,38640_32802
1064,person,0.99387133,242,15,478,353,32879,38640,0.4616203703703704,1,38640_32879_1,38640_32879
1065,person,0.98302484,13,44,209,360,32879,38640,0.3584259259259259,0,38640_32879_0,38640_32879
1066,person,0.98294365,26,22,201,353,32956,38640,0.3352141203703703,4,38640_32956_4,38640_32956
1067,person,0.98039216,306,0,474,360,32956,38640,0.35,5,38640_32956_5,38640_32956
1068,person,0.9705085,189,57,338,358,32956,38640,0.2595428240740741,3,38640_32956_3,38640_32956
1069,tie,0.5975446,125,130,142,173,32956,38640,0.004230324074074,0,38640_32956_0,38640_32956
1070,tie,0.5894736999999999,124,124,144,186,32956,38640,0.0071759259259259,2,38640_32956_2,38640_32956
1071,tie,0.51930404,265,158,287,214,32956,38640,0.0071296296296296,1,38640_32956_1,38640_32956
1072,person,0.9823532,264,0,473,355,33033,38640,0.429369212962963,1,38640_33033_1,38640_33033
1073,person,0.97462773,13,22,198,350,33033,38640,0.3511574074074074,0,38640_33033_0,38640_33033
1074,person,0.9926595,9,22,189,357,33110,38640,0.3489583333333333,0,38640_33110_0,38640_33110
1075,person,0.983094,180,0,477,360,33110,38640,0.61875,1,38640_33110_1,38640_33110
1076,person,0.9935302,18,28,203,360,33187,38640,0.3554398148148148,1,38640_33187_1,38640_33187
1077,person,0.9855108,272,7,475,360,33187,38640,0.414693287037037,2,38640_33187_2,38640_33187
1078,person,0.66883683,253,66,327,322,33187,38640,0.1096296296296296,0,38640_33187_0,38640_33187
1079,person,0.99286497,16,18,207,359,33264,38640,0.3769155092592593,1,38640_33264_1,38640_33264
1080,person,0.98333144,259,0,476,357,33264,38640,0.4483159722222223,2,38640_33264_2,38640_33264
1081,person,0.9113374,195,63,296,352,33264,38640,0.168917824074074,0,38640_33264_0,38640_33264
1082,person,0.98679173,3,23,182,356,33341,38640,0.3449479166666667,1,38640_33341_1,38640_33341
1083,person,0.9799586,251,5,477,359,33341,38640,0.4629861111111111,2,38640_33341_2,38640_33341
1084,person,0.948926,184,61,301,354,33341,38640,0.1983854166666666,0,38640_33341_0,38640_33341
1085,person,0.9939663,25,13,229,354,33418,38640,0.4025694444444444,1,38640_33418_1,38640_33418
1086,person,0.9864194,243,5,477,352,33418,38640,0.4698958333333334,2,38640_33418_2,38640_33418
1087,person,0.8893056999999999,195,50,281,336,33418,38640,0.1423379629629629,0,38640_33418_0,38640_33418
1088,person,0.9920821,18,18,223,354,33495,38640,0.3986111111111112,1,38640_33495_1,38640_33495
1089,person,0.98893666,225,10,480,360,33495,38640,0.5164930555555556,2,38640_33495_2,38640_33495
1090,person,0.6081309,193,66,286,239,33495,38640,0.0931076388888888,0,38640_33495_0,38640_33495
1091,person,0.99695706,213,62,322,301,33572,38640,0.1507581018518518,1,38640_33572_1,38640_33572
1092,person,0.99400795,116,60,218,345,33572,38640,0.1682291666666666,2,38640_33572_2,38640_33572
1093,bowl,0.66460484,8,195,65,228,33572,38640,0.0108854166666666,0,38640_33572_0,38640_33572
1094,person,0.986324,207,53,283,293,33649,38640,0.1055555555555555,1,38640_33649_1,38640_33649
1095,person,0.9844571,85,18,215,347,33649,38640,0.2475115740740741,2,38640_33649_2,38640_33649
1096,person,0.6230604999999999,368,26,405,75,33649,38640,0.0104918981481481,0,38640_33649_0,38640_33649
1097,person,0.98455286,124,11,263,356,33726,38640,0.2775173611111111,2,38640_33726_2,38640_33726
1098,person,0.97643024,282,135,414,313,33726,38640,0.1359722222222222,1,38640_33726_1,38640_33726
1099,person,0.7869176,219,61,278,239,33726,38640,0.0607754629629629,0,38640_33726_0,38640_33726
1100,person,0.98021555,127,13,377,354,33803,38640,0.4933449074074074,0,38640_33803_0,38640_33803
1101,person,0.7374673,184,0,456,271,33880,38640,0.4265740740740741,0,38640_33880_0,38640_33880
1102,person,0.98652714,328,9,477,355,34034,38640,0.2983449074074074,3,38640_34034_3,38640_34034
1103,person,0.9821018,152,74,292,358,34034,38640,0.2300925925925926,2,38640_34034_2,38640_34034
1104,person,0.9797308,3,15,171,353,34034,38640,0.3286111111111111,4,38640_34034_4,38640_34034
1105,chair,0.6291956,295,214,350,285,34034,38640,0.0225983796296296,0,38640_34034_0,38640_34034
1106,person,0.51567507,239,225,301,358,34034,38640,0.0477199074074074,1,38640_34034_1,38640_34034
1107,person,0.9931376,322,10,477,359,34111,38640,0.3130497685185185,2,38640_34111_2,38640_34111
1108,person,0.9862201,154,52,309,353,34111,38640,0.2699942129629629,0,38640_34111_0,38640_34111
1109,person,0.97633016,12,14,166,356,34111,38640,0.3047916666666667,1,38640_34111_1,38640_34111
1110,person,0.9898399,319,15,475,355,34188,38640,0.3069444444444445,2,38640_34188_2,38640_34188
1111,person,0.9881434,17,15,164,358,34188,38640,0.2917881944444444,1,38640_34188_1,38640_34188
1112,person,0.9866664,146,50,308,358,34188,38640,0.28875,0,38640_34188_0,38640_34188
1113,person,0.99112844,322,10,476,359,34265,38640,0.3110300925925925,2,38640_34265_2,38640_34265
1114,person,0.99097544,163,50,330,349,34265,38640,0.2889641203703704,0,38640_34265_0,38640_34265
1115,person,0.9886643,7,0,156,357,34265,38640,0.3078298611111111,1,38640_34265_1,38640_34265
1116,person,0.9942384,114,29,237,341,34342,38640,0.2220833333333333,2,38640_34342_2,38640_34342
1117,person,0.97512096,352,42,431,317,34342,38640,0.1257233796296296,1,38640_34342_1,38640_34342
1118,person,0.9710360999999998,275,61,337,310,34342,38640,0.0893402777777777,0,38640_34342_0,38640_34342
1119,person,0.9949437,258,37,383,328,34419,38640,0.2105034722222222,0,38640_34419_0,38640_34419
1120,person,0.9875882,95,9,231,356,34419,38640,0.2731018518518519,1,38640_34419_1,38640_34419
1121,person,0.94341105,203,0,472,356,34496,38640,0.5541898148148148,0,38640_34496_0,38640_34496
1122,person,0.9859059,78,23,232,360,34650,38640,0.3003356481481481,3,38640_34650_3,38640_34650
1123,person,0.9813291,311,43,399,275,34650,38640,0.1181481481481481,2,38640_34650_2,38640_34650
1124,person,0.90792316,398,33,468,247,34650,38640,0.0866898148148148,1,38640_34650_1,38640_34650
1125,person,0.8437752000000001,265,58,310,232,34650,38640,0.0453125,0,38640_34650_0,38640_34650
1126,person,0.9878227,312,0,473,358,34727,38640,0.3335532407407407,3,38640_34727_3,38640_34727
1127,person,0.98347,4,11,166,354,34727,38640,0.3215625,2,38640_34727_2,38640_34727
1128,person,0.97862726,228,36,338,353,34727,38640,0.2017939814814814,1,38640_34727_1,38640_34727
1129,person,0.90612805,102,52,203,320,34727,38640,0.1566435185185185,0,38640_34727_0,38640_34727
1130,person,0.99188423,332,0,477,360,34804,38640,0.3020833333333333,3,38640_34804_3,38640_34804
1131,person,0.98919815,218,39,354,354,34804,38640,0.2479166666666667,2,38640_34804_2,38640_34804
1132,person,0.9822143,29,18,153,354,34804,38640,0.2411111111111111,1,38640_34804_1,38640_34804
1133,person,0.93784994,117,39,226,357,34804,38640,0.2005902777777777,0,38640_34804_0,38640_34804
1134,person,0.9897294,333,0,476,357,34881,38640,0.2954340277777778,2,38640_34881_2,38640_34881
1135,person,0.9859037,57,29,227,358,34881,38640,0.3236689814814815,3,38640_34881_3,38640_34881
1136,person,0.9792362,224,42,356,353,34881,38640,0.2375694444444444,1,38640_34881_1,38640_34881
1137,person,0.6141687,139,58,225,352,34881,38640,0.1463194444444444,0,38640_34881_0,38640_34881
1138,person,0.9744441,218,51,331,359,34958,38640,0.201412037037037,2,38640_34958_2,38640_34958
1139,person,0.93081945,378,43,457,278,34958,38640,0.1074363425925926,1,38640_34958_1,38640_34958
1140,person,0.5365509,124,131,181,212,34958,38640,0.02671875,0,38640_34958_0,38640_34958
1141,person,0.9935644,43,34,228,358,35035,38640,0.346875,3,38640_35035_3,38640_35035
1142,person,0.9900913,230,49,320,308,35035,38640,0.1348958333333333,2,38640_35035_2,38640_35035
1143,person,0.93384206,376,37,443,286,35035,38640,0.0965451388888889,1,38640_35035_1,38640_35035
1144,person,0.52085054,322,90,381,279,35035,38640,0.06453125,0,38640_35035_0,38640_35035
1145,person,0.9941671,46,38,227,357,35112,38640,0.3341377314814814,3,38640_35112_3,38640_35112
1146,person,0.9687673,230,49,314,312,35112,38640,0.1278472222222222,2,38640_35112_2,38640_35112
1147,person,0.9646998,370,50,444,320,35112,38640,0.115625,1,38640_35112_1,38640_35112
1148,person,0.74922484,296,69,344,305,35112,38640,0.0655555555555555,0,38640_35112_0,38640_35112
1149,person,0.9939202,92,20,247,352,35189,38640,0.2978009259259259,3,38640_35189_3,38640_35189
1150,person,0.96984565,365,44,446,316,35189,38640,0.1275,2,38640_35189_2,38640_35189
1151,person,0.9672994,235,51,315,314,35189,38640,0.1217592592592592,1,38640_35189_1,38640_35189
1152,person,0.8590368,297,62,346,309,35189,38640,0.0700405092592592,0,38640_35189_0,38640_35189
1153,person,0.99616724,90,29,248,359,35266,38640,0.3017361111111111,3,38640_35266_3,38640_35266
1154,person,0.9752542,234,60,320,321,35266,38640,0.1298958333333333,1,38640_35266_1,38640_35266
1155,person,0.97228575,368,40,446,332,35266,38640,0.1318055555555555,2,38640_35266_2,38640_35266
1156,person,0.912292,297,68,356,305,35266,38640,0.0809201388888889,0,38640_35266_0,38640_35266
1157,person,0.96830285,173,0,436,356,35343,38640,0.5418287037037037,1,38640_35343_1,38640_35343
1158,person,0.555088,180,112,302,360,35343,38640,0.1750925925925926,0,38640_35343_0,38640_35343
1159,person,0.99518317,61,23,242,357,35420,38640,0.349849537037037,3,38640_35420_3,38640_35420
1160,person,0.9847766,317,0,477,359,35420,38640,0.3324074074074074,2,38640_35420_2,38640_35420
1161,person,0.94105536,225,47,351,343,35420,38640,0.2158333333333332,1,38640_35420_1,38640_35420
1162,tie,0.80321515,139,115,161,171,35420,38640,0.0071296296296296,0,38640_35420_0,38640_35420
1163,person,0.9876643,23,16,186,345,35497,38640,0.3103414351851852,1,38640_35497_1,38640_35497
1164,person,0.9797289,305,0,477,360,35497,38640,0.3583333333333333,2,38640_35497_2,38640_35497
1165,person,0.96653694,203,44,344,345,35497,38640,0.2456076388888889,0,38640_35497_0,38640_35497
1166,person,0.9709372,176,9,436,358,35574,38640,0.5251157407407407,1,38640_35574_1,38640_35574
1167,person,0.5147809,234,94,429,353,35574,38640,0.2922743055555556,0,38640_35574_0,38640_35574
1168,person,0.9892975,232,47,319,325,35651,38640,0.1399652777777778,2,38640_35651_2,38640_35651
1169,person,0.98388296,100,13,245,358,35651,38640,0.2894965277777778,4,38640_35651_4,38640_35651
1170,person,0.96071184,362,26,458,333,35651,38640,0.1705555555555555,3,38640_35651_3,38640_35651
1171,person,0.6873176,308,59,358,310,35651,38640,0.0726273148148148,1,38640_35651_1,38640_35651
1172,bowl,0.5056337000000001,6,187,74,224,35651,38640,0.0145601851851851,0,38640_35651_0,38640_35651
1173,person,0.98809355,79,31,214,357,35728,38640,0.2546875,3,38640_35728_3,38640_35728
1174,person,0.98524874,206,43,299,327,35728,38640,0.1528472222222222,2,38640_35728_2,38640_35728
1175,person,0.90038973,352,37,429,333,35728,38640,0.1318981481481481,1,38640_35728_1,38640_35728
1176,person,0.6739575,284,64,337,307,35728,38640,0.07453125,0,38640_35728_0,38640_35728
1177,person,0.9888566,186,48,293,327,35805,38640,0.1727604166666666,1,38640_35805_1,38640_35805
1178,person,0.9818294,74,37,199,352,35805,38640,0.2278645833333333,2,38640_35805_2,38640_35805
1179,person,0.9045426,349,33,424,359,35805,38640,0.1414930555555555,0,38640_35805_0,38640_35805
1180,person,0.98987246,308,4,472,360,35882,38640,0.3378703703703704,4,38640_35882_4,38640_35882
1181,person,0.985657,28,20,208,355,35882,38640,0.3489583333333333,5,38640_35882_5,38640_35882
1182,person,0.9782734,194,45,337,348,35882,38640,0.2507465277777778,3,38640_35882_3,38640_35882
1183,tie,0.62407696,126,112,142,166,35882,38640,0.005,1,38640_35882_1,38640_35882
1184,tie,0.6206721,122,110,141,180,35882,38640,0.0076967592592592,2,38640_35882_2,38640_35882
1185,tie,0.5034360999999999,118,118,134,161,35882,38640,0.0039814814814814,0,38640_35882_0,38640_35882
1186,person,0.986969,303,0,465,357,35959,38640,0.3346875,2,38640_35959_2,38640_35959
1187,person,0.98513365,44,18,212,349,35959,38640,0.3218055555555556,1,38640_35959_1,38640_35959
1188,person,0.9387009,183,42,323,337,35959,38640,0.2390046296296296,0,38640_35959_0,38640_35959
1189,person,0.9908408,307,4,469,360,36036,38640,0.33375,2,38640_36036_2,38640_36036
1190,person,0.9900413,174,40,316,345,36036,38640,0.2506365740740741,1,38640_36036_1,38640_36036
1191,person,0.9842784,49,17,175,353,36036,38640,0.245,0,38640_36036_0,38640_36036
1192,person,0.9925338,312,4,469,360,36113,38640,0.3234490740740741,2,38640_36113_2,38640_36113
1193,person,0.9738297,175,41,312,341,36113,38640,0.2378472222222222,0,38640_36113_0,38640_36113
1194,person,0.94395936,36,20,189,337,36113,38640,0.2806770833333333,1,38640_36113_1,38640_36113
1195,person,0.9916347,321,2,473,360,36190,38640,0.3149074074074074,2,38640_36190_2,38640_36190
1196,person,0.96881646,43,12,168,360,36190,38640,0.2517361111111111,1,38640_36190_1,38640_36190
1197,person,0.96696734,151,17,332,357,36190,38640,0.3561342592592592,3,38640_36190_3,38640_36190
1198,person,0.7232465,142,46,212,220,36190,38640,0.0704861111111111,0,38640_36190_0,38640_36190
1199,person,0.9819853,155,42,226,309,36267,38640,0.1097048611111111,1,38640_36267_1,38640_36267
1200,person,0.97483563,294,45,392,302,36267,38640,0.1457523148148148,2,38640_36267_2,38640_36267
1201,person,0.95946026,224,72,296,271,36267,38640,0.0829166666666666,0,38640_36267_0,38640_36267
1202,person,0.99085414,243,62,321,293,36344,38640,0.1042708333333333,1,38640_36344_1,38640_36344
1203,person,0.88645023,57,125,137,247,36344,38640,0.0564814814814814,0,38640_36344_0,38640_36344
1204,person,0.84124905,54,121,132,236,36421,38640,0.0519097222222222,0,38640_36421_0,38640_36421
1205,person,0.9965061,232,32,341,343,36498,38640,0.1961747685185185,1,38640_36498_1,38640_36498
1206,person,0.7023415,169,129,223,200,36498,38640,0.0221875,0,38640_36498_0,38640_36498
1207,person,0.95397156,129,41,362,357,36575,38640,0.426087962962963,1,38640_36575_1,38640_36575
1208,chair,0.65293956,372,114,467,296,36575,38640,0.1000578703703703,0,38640_36575_0,38640_36575
1209,person,0.75869304,44,4,431,357,36652,38640,0.7905729166666666,0,38640_36652_0,38640_36652
1210,handbag,0.6179136,108,6,419,324,36883,38640,0.5723263888888889,0,38640_36883_0,38640_36883
1211,person,0.59582067,117,2,478,351,36883,38640,0.7291030092592593,1,38640_36883_1,38640_36883
1212,person,0.9718401,128,8,389,358,36960,38640,0.5286458333333334,1,38640_36960_1,38640_36960
1213,handbag,0.6280905,160,207,322,352,36960,38640,0.1359375,0,38640_36960_0,38640_36960
1214,person,0.98431396,278,5,473,360,37037,38640,0.4006076388888889,1,38640_37037_1,38640_37037
1215,person,0.956168,4,120,115,357,37037,38640,0.1522395833333333,0,38640_37037_0,38640_37037
1216,person,0.987767,33,33,259,354,37114,38640,0.4198263888888889,1,38640_37114_1,38640_37114
1217,person,0.9786659,254,20,476,356,37114,38640,0.4316666666666665,2,38640_37114_2,38640_37114
1218,handbag,0.62503606,284,141,397,300,37114,38640,0.1039756944444444,0,38640_37114_0,38640_37114
1219,person,0.9941603,244,2,450,356,37191,38640,0.4220138888888889,2,38640_37191_2,38640_37191
1220,person,0.97528195,49,23,208,357,37191,38640,0.3073263888888889,1,38640_37191_1,38640_37191
1221,handbag,0.57222444,248,127,377,277,37191,38640,0.1119791666666666,0,38640_37191_0,38640_37191
1222,person,0.99322575,258,1,453,352,37268,38640,0.39609375,1,38640_37268_1,38640_37268
1223,person,0.99154,47,22,196,357,37268,38640,0.2888599537037037,0,38640_37268_0,38640_37268
1224,person,0.99506795,122,4,394,354,37345,38640,0.5509259259259259,1,38640_37345_1,38640_37345
1225,tie,0.6829857,247,111,275,161,37345,38640,0.0081018518518518,0,38640_37345_0,38640_37345
1226,person,0.95953774,304,129,473,338,37422,38640,0.2044039351851852,1,38640_37422_1,38640_37422
1227,chair,0.56834865,128,229,256,331,37422,38640,0.0755555555555555,0,38640_37422_0,38640_37422
1228,person,0.9820294,31,45,184,270,37499,38640,0.19921875,1,38640_37499_1,38640_37499
1229,person,0.9432775,332,127,472,348,37499,38640,0.1790509259259259,0,38640_37499_0,38640_37499
1230,person,0.9776158,312,128,469,343,37576,38640,0.1953414351851852,1,38640_37576_1,38640_37576
1231,person,0.96764666,26,55,158,270,37576,38640,0.1642361111111111,0,38640_37576_0,38640_37576
1232,person,0.9668092,204,2,451,352,37653,38640,0.5002893518518519,1,38640_37653_1,38640_37653
1233,person,0.54383314,145,2,267,161,37653,38640,0.1122569444444444,0,38640_37653_0,38640_37653
1234,person,0.9856834,117,14,405,359,37807,38640,0.575,3,38640_37807_3,38640_37807
1235,tie,0.798744,222,126,255,316,37807,38640,0.0362847222222222,1,38640_37807_1,38640_37807
1236,tie,0.5920853,217,129,269,329,37807,38640,0.0601851851851851,2,38640_37807_2,38640_37807
1237,tie,0.5238167,214,132,244,305,37807,38640,0.0300347222222222,0,38640_37807_0,38640_37807
1238,person,0.9892146,152,0,412,346,37884,38640,0.5206018518518518,0,38640_37884_0,38640_37884
1239,person,0.9967415,131,10,415,353,37961,38640,0.5637268518518519,0,38640_37961_0,38640_37961
1240,person,0.99619603,78,28,424,355,38038,38640,0.6547569444444444,2,38640_38038_2,38640_38038
1241,tie,0.9237738,265,166,300,344,38038,38640,0.0360532407407407,1,38640_38038_1,38640_38038
1242,tie,0.7685774999999999,265,181,296,248,38038,38640,0.0120196759259259,0,38640_38038_0,38640_38038
1243,person,0.9811906,161,0,412,339,38115,38640,0.4924131944444444,0,38640_38115_0,38640_38115
1244,person,0.9914076,91,7,377,356,38192,38640,0.5776273148148148,4,38640_38192_4,38640_38192
1245,tie,0.8145096,196,132,253,349,38192,38640,0.0715798611111111,2,38640_38192_2,38640_38192
1246,tie,0.647525,166,129,249,349,38192,38640,0.1056712962962962,3,38640_38192_3,38640_38192
1247,tie,0.58464944,209,132,243,302,38192,38640,0.033449074074074,0,38640_38192_0,38640_38192
1248,tie,0.5371463000000001,218,129,250,329,38192,38640,0.037037037037037,1,38640_38192_1,38640_38192
1249,person,0.9938425,114,13,399,359,38269,38640,0.5706597222222223,3,38640_38269_3,38640_38269
1250,tie,0.66267574,230,135,260,214,38269,38640,0.0137152777777777,2,38640_38269_2,38640_38269
1251,tie,0.59654176,227,139,251,205,38269,38640,0.0091666666666666,1,38640_38269_1,38640_38269
1252,tie,0.56460184,223,142,245,196,38269,38640,0.006875,0,38640_38269_0,38640_38269
1253,person,0.98774683,92,21,413,349,38346,38640,0.6093055555555555,0,38640_38346_0,38640_38346
1254,person,0.9620067,343,144,476,313,38423,38640,0.1300752314814814,0,38640_38423_0,38640_38423
1255,person,0.95815676,24,10,169,335,38423,38640,0.2727141203703703,1,38640_38423_1,38640_38423
1256,person,0.9710496,7,7,149,327,38500,38640,0.2629629629629629,2,38640_38500_2,38640_38500
1257,person,0.93612033,294,134,408,316,38500,38640,0.1200694444444444,0,38640_38500_0,38640_38500
1258,chair,0.6499514,145,201,301,339,38500,38640,0.1245833333333333,1,38640_38500_1,38640_38500
1259,person,0.97326475,32,13,173,305,38577,38640,0.2382638888888889,1,38640_38577_1,38640_38577
1260,person,0.9602375,333,129,459,323,38577,38640,0.1414583333333333,0,38640_38577_0,38640_38577
1261,person,0.9807663,12,11,157,313,38654,38640,0.2534143518518518,1,38640_38654_1,38640_38654
1262,person,0.97645766,339,130,458,323,38654,38640,0.1329108796296296,0,38640_38654_0,38640_38654
1263,person,0.9774504,18,12,158,327,38731,38640,0.2552083333333333,1,38640_38731_1,38640_38731
1264,person,0.950495,310,120,459,334,38731,38640,0.1845254629629629,0,38640_38731_0,38640_38731
1265,person,0.98435795,314,128,466,340,38808,38640,0.1864814814814814,1,38640_38808_1,38640_38808
1266,person,0.95498234,8,12,166,308,38808,38640,0.2706481481481481,2,38640_38808_2,38640_38808
1267,chair,0.5522279,134,202,269,333,38808,38640,0.10234375,0,38640_38808_0,38640_38808
1268,person,0.9818548,11,10,184,318,38885,38640,0.3083564814814815,1,38640_38885_1,38640_38885
1269,person,0.94124097,318,122,442,325,38885,38640,0.1456712962962963,0,38640_38885_0,38640_38885
1270,person,0.9922226,87,38,377,348,38962,38640,0.5202546296296297,2,38640_38962_2,38640_38962
1271,tie,0.8195928,269,178,306,274,38962,38640,0.0205555555555555,1,38640_38962_1,38640_38962
1272,tie,0.5671227,266,177,295,254,38962,38640,0.0129224537037037,0,38640_38962_0,38640_38962
1273,person,0.97695905,22,27,175,289,39039,38640,0.2319791666666666,1,38640_39039_1,38640_39039
1274,person,0.9734055,296,139,444,320,39039,38640,0.1550231481481481,0,38640_39039_0,38640_39039
1275,person,0.96991795,283,127,436,316,39116,38640,0.16734375,1,38640_39116_1,38640_39116
1276,person,0.94555175,193,51,264,218,39116,38640,0.0686168981481481,0,38640_39116_0,38640_39116
1277,person,0.93785435,193,40,270,228,39193,38640,0.0837731481481481,0,38640_39193_0,38640_39193
1278,person,0.8830399999999999,121,47,207,253,39193,38640,0.1025231481481481,1,38640_39193_1,38640_39193
1279,person,0.79840225,258,128,382,307,39193,38640,0.128449074074074,2,38640_39193_2,38640_39193
1280,person,0.96187806,252,126,434,321,39270,38640,0.2053819444444444,1,38640_39270_1,38640_39270
1281,person,0.8447853999999999,164,44,234,200,39270,38640,0.0631944444444444,0,38640_39270_0,38640_39270
1282,person,0.97964877,71,23,207,280,39347,38640,0.2022685185185185,1,38640_39347_1,38640_39347
1283,person,0.9102405,279,151,421,316,39347,38640,0.1355902777777777,0,38640_39347_0,38640_39347
1284,person,0.97741,51,19,220,283,39424,38640,0.2581944444444444,1,38640_39424_1,38640_39424
1285,person,0.9662947,292,124,453,309,39424,38640,0.1723668981481481,0,38640_39424_0,38640_39424
1286,person,0.961294,67,10,224,280,39501,38640,0.2453125,1,38640_39501_1,38640_39501
1287,person,0.95410633,294,122,462,315,39501,38640,0.1876388888888888,0,38640_39501_0,38640_39501
1288,person,0.942394,297,122,449,311,39578,38640,0.16625,0,38640_39578_0,38640_39578
1289,person,0.93878645,62,15,210,279,39578,38640,0.2261111111111111,1,38640_39578_1,38640_39578
1290,person,0.99400264,308,25,436,354,39655,38640,0.2437037037037037,1,38640_39655_1,38640_39655
1291,potted plant,0.5267282,33,101,81,183,39655,38640,0.0227777777777777,0,38640_39655_0,38640_39655
1292,person,0.9969938,270,29,439,351,39732,38640,0.3149189814814815,1,38640_39732_1,38640_39732
1293,potted plant,0.6805065,31,104,85,189,39732,38640,0.0265625,0,38640_39732_0,38640_39732
1294,person,0.98988426,238,20,358,357,39809,38640,0.2340277777777777,2,38640_39809_2,38640_39809
1295,person,0.96057564,333,20,417,355,39809,38640,0.1628472222222222,1,38640_39809_1,38640_39809
1296,potted plant,0.7349916999999999,33,108,82,193,39809,38640,0.0241030092592592,0,38640_39809_0,38640_39809
1297,person,0.9816774,355,50,474,356,39886,38640,0.2107291666666666,0,38640_39886_0,38640_39886
1298,person,0.8390280999999999,49,51,181,341,39886,38640,0.2215277777777777,1,38640_39886_1,38640_39886
1299,person,0.7638156,72,44,300,348,39886,38640,0.4011111111111111,2,38640_39886_2,38640_39886
1300,person,0.9631144,373,18,470,357,39963,38640,0.1902951388888888,3,38640_39963_3,38640_39963
1301,potted plant,0.90100116,69,102,135,190,39963,38640,0.0336111111111111,0,38640_39963_0,38640_39963
1302,person,0.8022022,108,20,200,353,39963,38640,0.1772916666666666,2,38640_39963_2,38640_39963
1303,person,0.5266371,1,147,62,360,39963,38640,0.0751909722222222,1,38640_39963_1,38640_39963
1304,person,0.99496293,259,3,443,356,40040,38640,0.3758796296296296,1,38640_40040_1,38640_40040
1305,person,0.98276055,101,46,240,352,40040,38640,0.2461458333333333,0,38640_40040_0,38640_40040
1306,person,0.9912464,243,0,458,355,40117,38640,0.4416956018518519,1,38640_40117_1,38640_40117
1307,person,0.97905844,37,76,237,359,40117,38640,0.3275462962962963,0,38640_40117_0,38640_40117
1308,person,0.9926037,236,5,455,360,40194,38640,0.4499131944444445,2,38640_40194_2,38640_40194
1309,person,0.97695506,42,79,212,350,40194,38640,0.2666087962962963,1,38640_40194_1,38640_40194
1310,vase,0.7534436999999999,157,247,191,304,40194,38640,0.0112152777777777,0,38640_40194_0,38640_40194
1311,person,0.9896125,259,6,462,353,40271,38640,0.4076446759259259,1,38640_40271_1,38640_40271
1312,person,0.956345,46,65,229,347,40271,38640,0.2986458333333333,0,38640_40271_0,38640_40271
1313,person,0.98566496,278,6,464,356,40348,38640,0.3767361111111111,1,38640_40348_1,38640_40348
1314,person,0.9756645,32,70,219,360,40348,38640,0.3138310185185185,0,38640_40348_0,38640_40348
1315,person,0.99153686,244,0,461,357,40425,38640,0.4483159722222223,1,38640_40425_1,38640_40425
1316,person,0.99134,42,65,220,360,40425,38640,0.3038773148148148,0,38640_40425_0,38640_40425
1317,person,0.99111396,32,70,318,357,40502,38640,0.4750115740740741,1,38640_40502_1,38640_40502
1318,person,0.9798061,244,2,460,355,40502,38640,0.44125,0,38640_40502_0,38640_40502
1319,person,0.9911651,260,0,465,360,40579,38640,0.4270833333333333,2,38640_40579_2,38640_40579
1320,person,0.9818578,48,74,222,353,40579,38640,0.2809375,1,38640_40579_1,38640_40579
1321,laptop,0.64212984,165,185,328,346,40579,38640,0.1518692129629629,0,38640_40579_0,38640_40579
1322,person,0.9930275,36,73,221,351,40656,38640,0.2976273148148148,1,38640_40656_1,38640_40656
1323,person,0.9745783,254,0,470,360,40656,38640,0.45,2,38640_40656_2,38640_40656
1324,laptop,0.60839766,161,190,341,343,40656,38640,0.159375,0,38640_40656_0,38640_40656
1325,person,0.9822766,45,72,224,347,40733,38640,0.2848668981481481,0,38640_40733_0,38640_40733
1326,person,0.97898865,229,2,462,358,40733,38640,0.4800231481481482,1,38640_40733_1,38640_40733
1327,person,0.9874507,44,69,223,348,40810,38640,0.2890104166666666,0,38640_40810_0,38640_40810
1328,person,0.98323995,230,0,468,360,40810,38640,0.4958333333333334,1,38640_40810_1,38640_40810
1329,person,0.97075504,113,15,371,360,40887,38640,0.5151041666666667,0,38640_40887_0,38640_40887
1330,person,0.99553156,178,26,397,356,40964,38640,0.4182291666666666,1,38640_40964_1,38640_40964
1331,tie,0.6410173000000001,263,131,293,195,40964,38640,0.0111111111111111,0,38640_40964_0,38640_40964
1332,person,0.99144214,142,33,433,356,41041,38640,0.5439409722222223,1,38640_41041_1,38640_41041
1333,tie,0.93789995,252,188,286,282,41041,38640,0.0184953703703703,0,38640_41041_0,38640_41041
1334,person,0.977173,0,56,119,351,41118,38640,0.2031539351851852,1,38640_41118_1,38640_41118
1335,person,0.96053725,261,0,479,351,41118,38640,0.4428125,2,38640_41118_2,38640_41118
1336,person,0.5328811,310,198,356,280,41118,38640,0.0218287037037037,0,38640_41118_0,38640_41118
1337,tv,0.86946934,29,0,302,204,41195,38640,0.3222916666666666,1,38640_41195_1,38640_41195
1338,person,0.7243931,300,0,472,354,41195,38640,0.3523611111111111,2,38640_41195_2,38640_41195
1339,person,0.50601214,2,32,111,357,41195,38640,0.205005787037037,0,38640_41195_0,38640_41195
1340,person,0.99556607,176,38,393,360,41349,38640,0.4043634259259261,0,38640_41349_0,38640_41349
1341,person,0.99244785,142,33,400,360,41426,38640,0.4882291666666666,0,38640_41426_0,38640_41426
1342,person,0.9960681,128,12,336,360,41503,38640,0.4188888888888889,0,38640_41503_0,38640_41503
1343,person,0.984411,182,53,436,360,41580,38640,0.4512615740740741,1,38640_41580_1,38640_41580
1344,potted plant,0.63480973,8,205,141,341,41580,38640,0.1046759259259259,0,38640_41580_0,38640_41580
1345,person,0.9930403,152,15,329,360,41657,38640,0.3533854166666667,1,38640_41657_1,38640_41657
1346,potted plant,0.738835,9,201,111,352,41657,38640,0.0891319444444444,0,38640_41657_0,38640_41657
1347,person,0.9889116,108,0,384,360,41734,38640,0.575,0,38640_41734_0,38640_41734
1348,person,0.9951556,175,51,333,357,41811,38640,0.2797916666666666,0,38640_41811_0,38640_41811
1349,person,0.9943777,123,45,243,359,41888,38640,0.2180555555555556,0,38640_41888_0,38640_41888
1350,person,0.98714256,238,143,409,359,41965,38640,0.21375,0,38640_41965_0,38640_41965
1351,person,0.9617884,169,132,396,357,42042,38640,0.2955729166666667,0,38640_42042_0,38640_42042
1352,person,0.9575161,183,129,400,360,42119,38640,0.2900868055555555,0,38640_42119_0,38640_42119
1353,person,0.9856908,111,0,261,350,42196,38640,0.3038194444444444,1,38640_42196_1,38640_42196
1354,person,0.9559433,191,139,407,350,42196,38640,0.26375,0,38640_42196_0,38640_42196
1355,person,0.9924735,109,8,246,337,42273,38640,0.2608391203703704,0,38640_42273_0,38640_42273
1356,person,0.9699574,185,134,405,357,42273,38640,0.283912037037037,1,38640_42273_1,38640_42273
1357,person,0.99489224,105,6,247,336,42350,38640,0.2711805555555555,1,38640_42350_1,38640_42350
1358,person,0.9661174,204,134,409,347,42350,38640,0.2526909722222222,0,38640_42350_0,38640_42350
1359,person,0.9938392,108,5,248,331,42427,38640,0.2641203703703704,0,38640_42427_0,38640_42427
1360,person,0.97353137,167,138,405,355,42427,38640,0.2988773148148148,1,38640_42427_1,38640_42427
1361,person,0.98126584,185,131,403,358,42504,38640,0.2863773148148148,2,38640_42504_2,38640_42504
1362,person,0.896853,104,0,227,332,42504,38640,0.2363194444444444,1,38640_42504_1,38640_42504
1363,person,0.5985661,257,139,410,335,42504,38640,0.1735416666666666,0,38640_42504_0,38640_42504
1364,person,0.9870712,66,6,203,351,42581,38640,0.2735243055555556,1,38640_42581_1,38640_42581
1365,person,0.9830238,198,135,405,353,42581,38640,0.2611458333333333,0,38640_42581_0,38640_42581
1366,person,0.99490416,146,4,346,356,42658,38640,0.4074074074074074,0,38640_42658_0,38640_42658
1367,person,0.99473,154,20,375,355,42735,38640,0.428443287037037,1,38640_42735_1,38640_42735
1368,potted plant,0.7655715,1,47,97,214,42735,38640,0.0927777777777777,0,38640_42735_0,38640_42735
1369,person,0.99144566,140,19,284,358,42812,38640,0.2825,1,38640_42812_1,38640_42812
1370,chair,0.8588826999999999,261,190,394,346,42812,38640,0.1200694444444444,0,38640_42812_0,38640_42812
1371,person,0.96727294,284,3,387,349,42889,38640,0.2062384259259259,2,38640_42889_2,38640_42889
1372,person,0.94925904,32,139,184,275,42889,38640,0.1196296296296296,1,38640_42889_1,38640_42889
1373,potted plant,0.54104924,190,115,284,228,42889,38640,0.0614699074074074,0,38640_42889_0,38640_42889
1374,person,0.96311176,75,19,298,347,42966,38640,0.423287037037037,0,38640_42966_0,38640_42966
1375,person,0.96173364,157,13,340,359,43043,38640,0.3664236111111111,1,38640_43043_1,38640_43043
1376,person,0.5202789000000001,283,21,411,342,43043,38640,0.2377777777777777,0,38640_43043_0,38640_43043
1377,person,0.9745986,84,15,454,355,43120,38640,0.7280092592592593,0,38640_43120_0,38640_43120
1378,person,0.9528634,285,6,392,338,43197,38640,0.2055787037037037,3,38640_43197_3,38640_43197
1379,person,0.9228156,35,135,190,288,43197,38640,0.1372395833333333,2,38640_43197_2,38640_43197
1380,vase,0.6718036999999999,222,173,256,221,43197,38640,0.0094444444444444,0,38640_43197_0,38640_43197
1381,potted plant,0.52258855,194,115,285,224,43197,38640,0.0574016203703703,1,38640_43197_1,38640_43197
1382,person,0.9353361,238,0,371,349,43274,38640,0.2686168981481481,1,38640_43274_1,38640_43274
1383,person,0.85503954,126,140,223,260,43274,38640,0.0673611111111111,0,38640_43274_0,38640_43274
1384,person,0.83414084,167,0,351,352,43274,38640,0.3748148148148148,2,38640_43274_2,38640_43274
1385,person,0.9893918,315,0,474,360,43351,38640,0.33125,1,38640_43351_1,38640_43351
1386,person,0.95814604,144,16,291,332,43351,38640,0.2688194444444444,0,38640_43351_0,38640_43351
1387,person,0.9968508,289,0,452,360,43428,38640,0.3395833333333333,1,38640_43428_1,38640_43428
1388,person,0.95114005,94,20,239,358,43428,38640,0.2836226851851852,0,38640_43428_0,38640_43428
1389,person,0.99597967,282,1,446,360,43505,38640,0.3407175925925926,2,38640_43505_2,38640_43505
1390,person,0.9397517,80,40,218,355,43505,38640,0.2515625,1,38640_43505_1,38640_43505
1391,dining table,0.5279524999999999,10,256,115,357,43505,38640,0.0613715277777777,0,38640_43505_0,38640_43505
1392,person,0.99631053,271,3,447,360,43582,38640,0.3636111111111111,1,38640_43582_1,38640_43582
1393,person,0.9009958,85,41,218,357,43582,38640,0.2432175925925926,0,38640_43582_0,38640_43582
1394,person,0.99416816,339,0,478,357,43659,38640,0.2871701388888889,3,38640_43659_3,38640_43659
1395,person,0.84640205,94,148,210,307,43659,38640,0.1067361111111111,2,38640_43659_2,38640_43659
1396,tie,0.72209543,401,87,423,139,43659,38640,0.0066203703703703,0,38640_43659_0,38640_43659
1397,person,0.55805904,84,242,210,356,43659,38640,0.083125,1,38640_43659_1,38640_43659
1398,person,0.9981623,226,15,407,358,43736,38640,0.3592766203703704,2,38640_43736_2,38640_43736
1399,person,0.9068241,76,146,207,354,43736,38640,0.1576851851851851,1,38640_43736_1,38640_43736
1400,person,0.6058335,83,252,199,354,43736,38640,0.0684722222222222,0,38640_43736_0,38640_43736
1401,person,0.9924366,342,0,476,357,43813,38640,0.2768402777777777,2,38640_43813_2,38640_43813
1402,person,0.98009264,25,140,222,355,43813,38640,0.2451099537037037,1,38640_43813_1,38640_43813
1403,tie,0.58765566,416,81,436,141,43813,38640,0.0069444444444444,0,38640_43813_0,38640_43813
1404,person,0.9927573,283,0,464,360,43890,38640,0.3770833333333333,1,38640_43890_1,38640_43890
1405,person,0.8885548000000001,95,109,240,358,43890,38640,0.2089409722222222,0,38640_43890_0,38640_43890
1406,person,0.99703836,272,0,462,359,43967,38640,0.3947337962962963,3,38640_43967_3,38640_43967
1407,person,0.9495306,3,17,179,355,43967,38640,0.3442592592592593,2,38640_43967_2,38640_43967
1408,tie,0.5716723000000001,325,83,348,156,43967,38640,0.0097164351851851,1,38640_43967_1,38640_43967
1409,tie,0.5628302,320,87,343,146,43967,38640,0.0078530092592592,0,38640_43967_0,38640_43967
1410,person,0.99468297,302,0,472,355,44044,38640,0.3492476851851852,4,38640_44044_4,38640_44044
1411,person,0.96702063,3,7,156,360,44044,38640,0.3125520833333333,3,38640_44044_3,38640_44044
1412,potted plant,0.7818148,104,54,244,257,44044,38640,0.1644675925925925,2,38640_44044_2,38640_44044
1413,tie,0.76269776,355,85,382,147,44044,38640,0.0096875,0,38640_44044_0,38640_44044
1414,vase,0.65820956,142,179,202,250,44044,38640,0.0246527777777777,1,38640_44044_1,38640_44044
1415,person,0.9722954,70,25,319,353,44121,38640,0.4726388888888889,2,38640_44121_2,38640_44121
1416,person,0.7547076,2,10,121,341,44121,38640,0.2279456018518518,1,38640_44121_1,38640_44121
1417,person,0.72956234,18,13,140,180,44121,38640,0.1179050925925926,0,38640_44121_0,38640_44121
1418,person,0.9482523000000002,95,35,331,360,44198,38640,0.4438657407407408,2,38640_44198_2,38640_44198
1419,person,0.6868968000000001,11,30,167,352,44198,38640,0.2906944444444444,1,38640_44198_1,38640_44198
1420,person,0.5205112000000001,28,15,128,173,44198,38640,0.0914351851851852,0,38640_44198_0,38640_44198
1421,person,0.99074554,220,6,474,354,44275,38640,0.5115277777777778,2,38640_44275_2,38640_44275
1422,person,0.9567703000000002,1,6,172,351,44275,38640,0.34140625,1,38640_44275_1,38640_44275
1423,tie,0.69863117,341,157,376,273,44275,38640,0.0234953703703703,0,38640_44275_0,38640_44275
1424,person,0.96880776,70,20,330,356,44352,38640,0.5055555555555555,2,38640_44352_2,38640_44352
1425,person,0.57557946,31,6,122,132,44352,38640,0.0663541666666666,0,38640_44352_0,38640_44352
1426,person,0.570084,32,35,233,351,44352,38640,0.3675694444444445,1,38640_44352_1,38640_44352
1427,person,0.9779138,66,22,342,356,44429,38640,0.5334722222222222,0,38640_44429_0,38640_44429
1428,person,0.97794056,74,31,330,360,44506,38640,0.4874074074074074,2,38640_44506_2,38640_44506
1429,person,0.9166462,20,14,157,348,44506,38640,0.2648032407407407,1,38640_44506_1,38640_44506
1430,person,0.50835055,26,32,159,220,44506,38640,0.144699074074074,0,38640_44506_0,38640_44506
1431,person,0.98044693,111,42,332,352,44583,38640,0.3964699074074074,3,38640_44583_3,38640_44583
1432,person,0.80884993,41,38,212,358,44583,38640,0.3166666666666666,1,38640_44583_1,38640_44583
1433,person,0.6125593,69,50,275,360,44583,38640,0.3695601851851852,2,38640_44583_2,38640_44583
1434,person,0.5194638,52,5,144,153,44583,38640,0.0787962962962963,0,38640_44583_0,38640_44583
1435,person,0.9770743,123,48,335,356,44660,38640,0.3778703703703704,2,38640_44660_2,38640_44660
1436,person,0.8108635999999999,47,1,151,110,44660,38640,0.0656018518518518,0,38640_44660_0,38640_44660
1437,person,0.74996704,19,16,169,341,44660,38640,0.2821180555555556,1,38640_44660_1,38640_44660
1438,person,0.9529331,112,50,340,349,44737,38640,0.3945138888888889,4,38640_44737_4,38640_44737
1439,person,0.9237191,17,25,170,343,44737,38640,0.2815625,2,38640_44737_2,38640_44737
1440,person,0.8867798000000001,40,43,227,347,44737,38640,0.3289814814814815,3,38640_44737_3,38640_44737
1441,person,0.5934475,49,11,140,110,44737,38640,0.0521354166666666,0,38640_44737_0,38640_44737
1442,person,0.54983634,394,0,479,342,44737,38640,0.1682291666666666,1,38640_44737_1,38640_44737
1443,person,0.9691812,99,42,330,355,44814,38640,0.4184201388888889,2,38640_44814_2,38640_44814
1444,person,0.78570014,17,37,185,346,44814,38640,0.3004166666666667,1,38640_44814_1,38640_44814
1445,person,0.7342687,48,0,145,116,44814,38640,0.0651157407407407,0,38640_44814_0,38640_44814
1446,person,0.9938788,296,6,472,360,44968,38640,0.3605555555555556,4,38640_44968_4,38640_44968
1447,person,0.9451808,17,55,215,360,44968,38640,0.3494791666666667,3,38640_44968_3,38640_44968
1448,potted plant,0.69452083,153,66,263,264,44968,38640,0.1260416666666666,2,38640_44968_2,38640_44968
1449,toilet,0.63397545,144,276,202,360,44968,38640,0.0281944444444444,1,38640_44968_1,38640_44968
1450,vase,0.57371414,171,200,221,256,44968,38640,0.0162037037037037,0,38640_44968_0,38640_44968
1451,person,0.99479204,291,3,471,360,45045,38640,0.371875,2,38640_45045_2,38640_45045
1452,person,0.79076,13,103,189,360,45045,38640,0.2617592592592592,1,38640_45045_1,38640_45045
1453,vase,0.6278020000000001,166,204,220,260,45045,38640,0.0175,0,38640_45045_0,38640_45045
1454,person,0.9900242,317,5,472,357,45122,38640,0.3157407407407408,4,38640_45122_4,38640_45122
1455,person,0.8638523000000001,113,163,272,357,45122,38640,0.1785069444444444,3,38640_45122_3,38640_45122
1456,person,0.76795405,93,236,269,359,45122,38640,0.1252777777777777,2,38640_45122_2,38640_45122
1457,person,0.61583817,161,149,264,347,45122,38640,0.1180208333333333,1,38640_45122_1,38640_45122
1458,car,0.5061362,69,263,172,320,45122,38640,0.0339756944444444,0,38640_45122_0,38640_45122
1459,person,0.9938571,241,0,412,355,45199,38640,0.3513020833333333,2,38640_45199_2,38640_45199
1460,person,0.76199377,112,250,229,356,45199,38640,0.0717708333333333,0,38640_45199_0,38640_45199
1461,person,0.6576187,84,150,222,268,45199,38640,0.0942361111111111,1,38640_45199_1,38640_45199
1462,person,0.9842551,296,15,475,359,45276,38640,0.3563425925925926,3,38640_45276_3,38640_45276
1463,person,0.8992138000000001,75,164,334,353,45276,38640,0.28328125,2,38640_45276_2,38640_45276
1464,person,0.77643853,171,60,232,208,45276,38640,0.0522453703703703,1,38640_45276_1,38640_45276
1465,person,0.76870614,87,133,151,218,45276,38640,0.0314814814814814,0,38640_45276_0,38640_45276
1466,person,0.98585445,302,21,473,352,45353,38640,0.3275520833333333,4,38640_45353_4,38640_45353
1467,person,0.88132536,78,137,315,352,45353,38640,0.2948784722222222,3,38640_45353_3,38640_45353
1468,person,0.80965155,163,65,238,209,45353,38640,0.0625,0,38640_45353_0,38640_45353
1469,person,0.6807496999999999,73,212,346,351,45353,38640,0.2196006944444444,2,38640_45353_2,38640_45353
1470,person,0.5863649999999999,123,141,261,350,45353,38640,0.1669097222222222,1,38640_45353_1,38640_45353
1471,person,0.9920167,169,16,416,347,45430,38640,0.473130787037037,3,38640_45430_3,38640_45430
1472,person,0.80827874,417,50,478,339,45430,38640,0.1020196759259259,2,38640_45430_2,38640_45430
1473,tie,0.66852933,244,143,281,243,45430,38640,0.021412037037037,0,38640_45430_0,38640_45430
1474,tie,0.50253546,252,140,293,250,45430,38640,0.026099537037037,1,38640_45430_1,38640_45430
1475,person,0.99492174,132,21,474,359,45507,38640,0.6689583333333333,2,38640_45507_2,38640_45507
1476,tie,0.9897724,248,189,303,341,45507,38640,0.0483796296296296,1,38640_45507_1,38640_45507
1477,tie,0.6123759,246,189,304,236,45507,38640,0.0157754629629629,0,38640_45507_0,38640_45507
1478,person,0.96063864,67,27,453,343,45584,38640,0.7058796296296296,0,38640_45584_0,38640_45584
1479,person,0.8271141,67,21,330,343,45661,38640,0.4900810185185186,1,38640_45661_1,38640_45661
1480,person,0.7229396,176,39,318,233,45661,38640,0.1594212962962962,0,38640_45661_0,38640_45661
1481,person,0.56763226,142,17,402,259,45738,38640,0.3641203703703704,0,38640_45738_0,38640_45738
1482,person,0.85711336,214,67,355,249,46354,38640,0.1485069444444444,0,38640_46354_0,38640_46354
1483,person,0.62631595,54,87,332,290,46354,38640,0.3265856481481481,1,38640_46354_1,38640_46354
1484,person,0.7528459,214,89,343,259,46431,38640,0.1269097222222222,0,38640_46431_0,38640_46431
1485,person,0.6955988000000001,55,80,217,289,46431,38640,0.1959375,1,38640_46431_1,38640_46431
1486,person,0.84075224,190,89,323,243,46508,38640,0.1185300925925926,1,38640_46508_1,38640_46508
1487,person,0.8211940999999999,169,79,352,333,46508,38640,0.2689930555555556,2,38640_46508_2,38640_46508
1488,person,0.80173814,71,92,157,256,46508,38640,0.0816203703703703,0,38640_46508_0,38640_46508
1489,person,0.8315292,224,86,336,240,46585,38640,0.0998148148148148,0,38640_46585_0,38640_46585
1490,person,0.7978549,54,91,162,268,46585,38640,0.110625,1,38640_46585_1,38640_46585
1491,person,0.7549286999999999,132,65,358,348,46585,38640,0.3701273148148148,4,38640_46585_4,38640_46585
1492,person,0.69190294,202,80,391,327,46585,38640,0.27015625,3,38640_46585_3,38640_46585
1493,person,0.5739545,33,87,181,327,46585,38640,0.2055555555555555,2,38640_46585_2,38640_46585
1494,person,0.9106999,215,83,326,249,46662,38640,0.1066319444444444,0,38640_46662_0,38640_46662
1495,person,0.79383713,48,84,196,262,46662,38640,0.1524537037037037,1,38640_46662_1,38640_46662
1496,person,0.7059729,154,74,346,344,46662,38640,0.3,4,38640_46662_4,38640_46662
1497,person,0.57631594,56,75,250,336,46662,38640,0.2930208333333333,3,38640_46662_3,38640_46662
1498,person,0.5108725000000001,217,80,335,333,46662,38640,0.1727662037037037,2,38640_46662_2,38640_46662
1499,person,0.8598295,210,85,362,242,46739,38640,0.1381018518518518,0,38640_46739_0,38640_46739
1500,person,0.80428797,41,72,230,327,46739,38640,0.27890625,2,38640_46739_2,38640_46739
1501,person,0.76786554,162,73,371,344,46739,38640,0.3277719907407408,3,38640_46739_3,38640_46739
1502,person,0.6478706999999999,75,70,208,269,46739,38640,0.1531655092592592,1,38640_46739_1,38640_46739
1503,person,0.8982254000000001,189,79,360,242,46816,38640,0.1613020833333333,1,38640_46816_1,38640_46816
1504,person,0.8568878000000001,178,75,381,325,46816,38640,0.2936921296296296,3,38640_46816_3,38640_46816
1505,person,0.7972180999999999,76,86,177,243,46816,38640,0.0917650462962963,0,38640_46816_0,38640_46816
1506,person,0.7158555,9,81,192,316,46816,38640,0.2488715277777777,2,38640_46816_2,38640_46816
1507,person,0.8981869,222,79,331,246,46893,38640,0.1053414351851851,0,38640_46893_0,38640_46893
1508,person,0.7670599,67,80,209,249,46893,38640,0.1388773148148148,1,38640_46893_1,38640_46893
1509,person,0.68636924,43,73,227,299,46893,38640,0.2406481481481481,3,38640_46893_3,38640_46893
1510,person,0.50254875,172,76,339,312,46893,38640,0.2280787037037037,2,38640_46893_2,38640_46893
1511,person,0.90250605,179,82,327,237,46970,38640,0.1327546296296296,0,38640_46970_0,38640_46970
1512,person,0.79478747,15,63,210,353,46970,38640,0.3272569444444444,3,38640_46970_3,38640_46970
1513,person,0.6406434,60,71,178,271,46970,38640,0.136574074074074,1,38640_46970_1,38640_46970
1514,person,0.58974516,106,59,332,348,46970,38640,0.3779745370370369,4,38640_46970_4,38640_46970
1515,person,0.5275681999999999,154,77,343,304,46970,38640,0.24828125,2,38640_46970_2,38640_46970
1516,person,0.67090595,92,61,241,342,47047,38640,0.2422974537037037,0,38640_47047_0,38640_47047
1517,person,0.5581823,276,43,436,349,47047,38640,0.2833333333333333,1,38640_47047_1,38640_47047
1518,person,0.74007684,141,67,413,349,47894,38640,0.4438888888888889,0,38640_47894_0,38640_47894
1519,person,0.61975497,17,60,259,344,48587,38640,0.3977314814814815,0,38640_48587_0,38640_48587
1520,person,0.74592483,56,41,239,346,48664,38640,0.3230034722222222,4,38640_48664_4,38640_48664
1521,person,0.703635,219,71,349,242,48664,38640,0.1286458333333333,1,38640_48664_1,38640_48664
1522,person,0.5920536,225,76,308,232,48664,38640,0.0749305555555555,0,38640_48664_0,38640_48664
1523,person,0.5570440999999999,11,46,185,346,48664,38640,0.3020833333333333,3,38640_48664_3,38640_48664
1524,person,0.55374616,212,68,358,337,48664,38640,0.2272800925925926,2,38640_48664_2,38640_48664
1525,person,0.6428632,334,91,419,310,49049,38640,0.1077256944444444,0,38640_49049_0,38640_49049
1526,person,0.8755895,221,79,393,339,49126,38640,0.2587962962962963,0,38640_49126_0,38640_49126
1527,person,0.70999265,266,33,353,247,49665,38640,0.1077430555555555,0,38640_49665_0,38640_49665
1528,person,0.9128935,352,24,475,360,49742,38640,0.2391666666666667,1,38640_49742_1,38640_49742
1529,person,0.8733713,127,8,338,350,49742,38640,0.4176041666666666,2,38640_49742_2,38640_49742
1530,tie,0.8605284,252,102,285,171,49742,38640,0.0131770833333333,0,38640_49742_0,38640_49742
1531,person,0.9575256,155,1,329,360,49819,38640,0.3614930555555556,2,38640_49819_2,38640_49819
1532,person,0.9372167,336,22,475,360,49819,38640,0.2718865740740741,1,38640_49819_1,38640_49819
1533,tie,0.6617088000000001,255,102,283,160,49819,38640,0.0093981481481481,0,38640_49819_0,38640_49819
1534,person,0.9459752,7,22,199,356,49896,38640,0.3711111111111111,1,38640_49896_1,38640_49896
1535,person,0.9262416,180,0,462,355,49896,38640,0.5793402777777777,3,38640_49896_3,38640_49896
1536,tie,0.77053094,349,161,441,350,49896,38640,0.100625,0,38640_49896_0,38640_49896
1537,person,0.6739482,102,12,337,360,49896,38640,0.4732638888888889,2,38640_49896_2,38640_49896
1538,person,0.9362376,313,43,474,358,49973,38640,0.2934895833333333,1,38640_49973_1,38640_49973
1539,tie,0.5287609000000001,142,135,182,247,49973,38640,0.0259259259259259,0,38640_49973_0,38640_49973
1540,person,0.9666948,11,37,193,359,50050,38640,0.3391435185185185,3,38640_50050_3,38640_50050
1541,tie,0.92919683,362,179,439,354,50050,38640,0.077980324074074,2,38640_50050_2,38640_50050
1542,person,0.89390594,215,15,447,358,50050,38640,0.4605092592592593,4,38640_50050_4,38640_50050
1543,tie,0.6746663,356,193,395,295,50050,38640,0.0230208333333333,1,38640_50050_1,38640_50050
1544,person,0.59115475,31,23,271,360,50050,38640,0.4680555555555556,5,38640_50050_5,38640_50050
1545,tie,0.5836563,353,202,382,274,50050,38640,0.0120833333333333,0,38640_50050_0,38640_50050
1546,person,0.9725395,9,41,185,357,50127,38640,0.3218518518518518,2,38640_50127_2,38640_50127
1547,person,0.9078703,194,21,443,360,50127,38640,0.4884895833333333,3,38640_50127_3,38640_50127
1548,tie,0.8319083,351,196,394,286,50127,38640,0.0223958333333333,0,38640_50127_0,38640_50127
1549,tie,0.6648354999999999,363,192,431,359,50127,38640,0.0657175925925925,1,38640_50127_1,38640_50127
1550,person,0.97130066,9,44,210,352,50204,38640,0.3582638888888889,1,38640_50204_1,38640_50204
1551,person,0.880913,198,32,414,355,50204,38640,0.40375,2,38640_50204_2,38640_50204
1552,person,0.7220757,288,40,425,353,50204,38640,0.2481539351851852,0,38640_50204_0,38640_50204
1553,person,0.7961785,267,6,470,350,50281,38640,0.4041203703703704,1,38640_50281_1,38640_50281
1554,person,0.5863396,90,18,239,338,50281,38640,0.2759259259259259,0,38640_50281_0,38640_50281
1555,person,0.77943295,92,36,259,353,50358,38640,0.3063599537037037,0,38640_50358_0,38640_50358
1556,person,0.7698829,234,4,463,352,50358,38640,0.4611805555555555,2,38640_50358_2,38640_50358
1557,person,0.5261674,37,67,236,352,50358,38640,0.3282118055555556,1,38640_50358_1,38640_50358
1558,person,0.7917607,182,4,442,334,50435,38640,0.4965277777777778,1,38640_50435_1,38640_50435
1559,bowl,0.7659974,12,80,107,135,50435,38640,0.0302372685185185,0,38640_50435_0,38640_50435
1560,person,0.9004832,157,3,359,340,50512,38640,0.3939467592592593,1,38640_50512_1,38640_50512
1561,person,0.58192647,75,59,176,252,50512,38640,0.1128067129629629,0,38640_50512_0,38640_50512
1562,person,0.6955695,143,5,313,342,50589,38640,0.3315393518518518,0,38640_50589_0,38640_50589
1563,person,0.64825344,103,0,462,345,50589,38640,0.7167534722222222,1,38640_50589_1,38640_50589
1564,person,0.6912170999999999,38,0,459,340,50666,38640,0.8283564814814814,0,38640_50666_0,38640_50666
1565,person,0.8114739000000001,168,2,349,322,50743,38640,0.3351851851851852,1,38640_50743_1,38640_50743
1566,person,0.6325236999999999,14,0,215,300,50743,38640,0.3489583333333333,2,38640_50743_2,38640_50743
1567,person,0.60196537,376,22,474,188,50743,38640,0.0941435185185185,0,38640_50743_0,38640_50743
1568,person,0.57868356,44,0,408,328,50743,38640,0.6909259259259259,3,38640_50743_3,38640_50743
1569,person,0.7690127,160,0,314,351,50820,38640,0.3128125,1,38640_50820_1,38640_50820
1570,person,0.72228444,162,6,414,312,50820,38640,0.44625,3,38640_50820_3,38640_50820
1571,person,0.59071577,41,1,218,312,50820,38640,0.3185590277777778,2,38640_50820_2,38640_50820
1572,person,0.5656343,367,18,476,228,50820,38640,0.1324652777777777,0,38640_50820_0,38640_50820
1573,person,0.55387706,23,0,292,314,50897,38640,0.4888078703703704,0,38640_50897_0,38640_50897
1574,person,0.82467216,25,0,224,331,50974,38640,0.3811863425925926,1,38640_50974_1,38640_50974
1575,person,0.66606754,171,17,340,275,50974,38640,0.2523263888888889,0,38640_50974_0,38640_50974
1576,person,0.5904576,35,3,377,338,50974,38640,0.6630208333333333,2,38640_50974_2,38640_50974
1577,person,0.8292152,35,2,445,342,51051,38640,0.8067129629629629,4,38640_51051_4,38640_51051
1578,person,0.64451194,163,7,377,329,51051,38640,0.3987731481481481,1,38640_51051_1,38640_51051
1579,person,0.587448,225,14,467,356,51051,38640,0.4789583333333333,3,38640_51051_3,38640_51051
1580,person,0.5497512,41,5,303,312,51051,38640,0.465474537037037,2,38640_51051_2,38640_51051
1581,person,0.5003734000000001,18,0,219,330,51051,38640,0.3838541666666666,0,38640_51051_0,38640_51051
1582,person,0.6043329000000001,187,5,296,178,51205,38640,0.1091261574074074,0,38640_51205_0,38640_51205
1583,person,0.79577154,329,98,473,202,51359,38640,0.0866666666666666,0,38640_51359_0,38640_51359
1584,person,0.71791136,294,97,477,324,51359,38640,0.2403993055555555,1,38640_51359_1,38640_51359
1585,person,0.7772996999999999,291,88,471,235,51436,38640,0.153125,0,38640_51436_0,38640_51436
1586,person,0.74121916,132,128,250,292,51513,38640,0.1119907407407407,0,38640_51513_0,38640_51513
1587,person,0.6934939,45,128,273,334,51513,38640,0.2718055555555556,1,38640_51513_1,38640_51513
1588,person,0.89095503,264,83,480,335,51590,38640,0.315,3,38640_51590_3,38640_51590
1589,person,0.7505208000000001,346,79,476,211,51590,38640,0.0993055555555555,0,38640_51590_0,38640_51590
1590,person,0.6607695,76,132,219,280,51590,38640,0.1224768518518518,1,38640_51590_1,38640_51590
1591,person,0.6084539000000001,44,123,240,333,51590,38640,0.2381944444444445,2,38640_51590_2,38640_51590
1592,person,0.7770132,275,50,480,296,51667,38640,0.2918402777777777,3,38640_51667_3,38640_51667
1593,person,0.7660733000000001,122,116,237,286,51667,38640,0.113136574074074,1,38640_51667_1,38640_51667
1594,person,0.68371505,83,107,252,341,51667,38640,0.2288541666666666,2,38640_51667_2,38640_51667
1595,person,0.64576775,351,54,470,211,51667,38640,0.1081192129629629,0,38640_51667_0,38640_51667
1596,person,0.77578807,43,61,243,347,51744,38640,0.3310185185185185,4,38640_51744_4,38640_51744
1597,person,0.7402707,348,66,470,200,51744,38640,0.0946064814814814,0,38640_51744_0,38640_51744
1598,person,0.56061536,91,92,224,284,51744,38640,0.1477777777777778,1,38640_51744_1,38640_51744
1599,person,0.5419569000000001,288,58,477,276,51744,38640,0.2384375,2,38640_51744_2,38640_51744
1600,person,0.50455743,11,29,177,356,51744,38640,0.3141319444444444,3,38640_51744_3,38640_51744
1601,person,0.6975833,300,62,478,268,51821,38640,0.212199074074074,1,38640_51821_1,38640_51821
1602,person,0.69503134,350,70,471,202,51821,38640,0.0924305555555555,0,38640_51821_0,38640_51821
1603,person,0.7553485,279,66,480,283,51898,38640,0.2524131944444444,2,38640_51898_2,38640_51898
1604,person,0.6773246999999999,339,74,472,224,51898,38640,0.1154513888888889,1,38640_51898_1,38640_51898
1605,person,0.63271266,105,123,156,257,51898,38640,0.0395486111111111,0,38640_51898_0,38640_51898
1606,person,0.71855927,278,68,480,275,52052,38640,0.2419791666666666,1,38640_52052_1,38640_52052
1607,person,0.65811175,79,59,185,261,52052,38640,0.123912037037037,0,38640_52052_0,38640_52052
1608,person,0.8567912,280,75,478,273,52129,38640,0.226875,1,38640_52129_1,38640_52129
1609,person,0.5162342000000001,350,76,474,205,52129,38640,0.0925694444444444,0,38640_52129_0,38640_52129
1610,person,0.9161317,261,47,462,341,52206,38640,0.3419791666666667,0,38640_52206_0,38640_52206
1611,person,0.985485,256,46,476,358,52283,38640,0.3972222222222222,0,38640_52283_0,38640_52283
1612,person,0.9767329,250,40,469,352,52360,38640,0.3954166666666667,0,38640_52360_0,38640_52360
1613,person,0.8731863000000001,229,25,457,342,52437,38640,0.4182638888888889,0,38640_52437_0,38640_52437
1614,person,0.9548706,235,14,472,352,52514,38640,0.4635763888888889,0,38640_52514_0,38640_52514
1615,person,0.9435389,266,31,470,344,52591,38640,0.3695138888888889,2,38640_52591_2,38640_52591
1616,donut,0.8687353999999999,272,230,455,354,52591,38640,0.1313194444444444,0,38640_52591_0,38640_52591
1617,person,0.5183594,291,44,459,268,52591,38640,0.2177777777777777,1,38640_52591_1,38640_52591
1618,person,0.9521794,257,44,463,349,52668,38640,0.363599537037037,1,38640_52668_1,38640_52668
1619,tie,0.5242404,259,235,456,352,52668,38640,0.1333854166666666,0,38640_52668_0,38640_52668
1620,person,0.94073147,260,15,473,348,52745,38640,0.41046875,2,38640_52745_2,38640_52745
1621,donut,0.65783924,266,229,462,360,52745,38640,0.1485879629629629,0,38640_52745_0,38640_52745
1622,person,0.5387797,86,61,212,271,52745,38640,0.153125,1,38640_52745_1,38640_52745
1623,person,0.9781246,262,31,476,354,52822,38640,0.4000115740740741,0,38640_52822_0,38640_52822
1624,person,0.8504375,285,65,475,272,52899,38640,0.2276041666666666,2,38640_52899_2,38640_52899
1625,person,0.6917789000000001,72,124,161,258,52899,38640,0.0690162037037037,0,38640_52899_0,38640_52899
1626,chair,0.5463433000000001,297,184,475,272,52899,38640,0.0906481481481481,1,38640_52899_1,38640_52899
1627,person,0.84714025,282,62,477,294,52976,38640,0.2618055555555556,1,38640_52976_1,38640_52976
1628,person,0.67546064,37,79,267,351,52976,38640,0.362037037037037,2,38640_52976_2,38640_52976
1629,person,0.558419,63,68,164,214,52976,38640,0.0853356481481481,0,38640_52976_0,38640_52976
1630,person,0.80489475,287,66,477,274,53053,38640,0.2287037037037037,0,38640_53053_0,38640_53053
1631,person,0.57130647,264,60,473,343,53130,38640,0.3422858796296296,0,38640_53130_0,38640_53130
1632,person,0.77346,292,67,475,297,53207,38640,0.2435763888888889,3,38640_53207_3,38640_53207
1633,person,0.6084946999999999,83,108,252,347,53207,38640,0.2337442129629629,2,38640_53207_2,38640_53207
1634,person,0.56652206,89,114,209,314,53207,38640,0.1388888888888889,1,38640_53207_1,38640_53207
1635,person,0.5064724,351,68,468,210,53207,38640,0.0961458333333333,0,38640_53207_0,38640_53207
1636,person,0.7359319000000001,286,65,480,271,53284,38640,0.2312731481481481,2,38640_53284_2,38640_53284
1637,person,0.6906701999999999,351,70,470,205,53284,38640,0.09296875,0,38640_53284_0,38640_53284
1638,person,0.6899663,69,95,179,286,53284,38640,0.1215856481481481,1,38640_53284_1,38640_53284
1639,person,0.6013708999999999,28,83,191,329,53284,38640,0.2320486111111111,3,38640_53284_3,38640_53284
1640,person,0.9322448,279,68,477,277,53361,38640,0.2394791666666666,2,38640_53361_2,38640_53361
1641,person,0.7200633000000001,98,112,220,272,53361,38640,0.1129629629629629,0,38640_53361_0,38640_53361
1642,person,0.61506134,338,68,476,235,53361,38640,0.1333680555555555,1,38640_53361_1,38640_53361
1643,person,0.7845837,289,59,480,282,53438,38640,0.2464872685185185,1,38640_53438_1,38640_53438
1644,person,0.71286124,64,113,182,270,53438,38640,0.1072106481481481,0,38640_53438_0,38640_53438
1645,person,0.6214487,34,110,243,338,53438,38640,0.2757638888888889,2,38640_53438_2,38640_53438
1646,person,0.9822828,270,38,480,356,53515,38640,0.3864583333333333,0,38640_53515_0,38640_53515
1647,person,0.97688985,264,41,480,355,53592,38640,0.3925,1,38640_53592_1,38640_53592
1648,person,0.7795061,7,45,203,350,53592,38640,0.345949074074074,0,38640_53592_0,38640_53592
1649,person,0.9481708,286,45,474,349,53669,38640,0.3307407407407407,1,38640_53669_1,38640_53669
1650,donut,0.5269085,287,232,435,353,53669,38640,0.1036342592592592,0,38640_53669_0,38640_53669
1651,person,0.9866245,154,58,288,359,53823,38640,0.2334143518518518,3,38640_53823_3,38640_53823
1652,person,0.80894053,281,51,393,326,53823,38640,0.1782407407407407,2,38640_53823_2,38640_53823
1653,person,0.56991976,20,132,101,274,53823,38640,0.0665625,1,38640_53823_1,38640_53823
1654,person,0.52861744,33,155,99,251,53823,38640,0.0366666666666666,0,38640_53823_0,38640_53823
1655,person,0.8040067,222,64,312,220,53900,38640,0.08125,1,38640_53900_1,38640_53900
1656,person,0.7992975,175,161,343,317,53900,38640,0.1516666666666666,2,38640_53900_2,38640_53900
1657,person,0.62816787,70,179,180,279,53900,38640,0.0636574074074074,0,38640_53900_0,38640_53900
1658,person,0.5593713,45,180,232,351,53900,38640,0.1850520833333333,4,38640_53900_4,38640_53900
1659,person,0.5408022,204,93,340,312,53900,38640,0.1723611111111111,3,38640_53900_3,38640_53900
1660,person,0.5402145,297,121,473,352,53900,38640,0.2352777777777777,5,38640_53900_5,38640_53900
1661,person,0.81275535,312,150,397,247,53977,38640,0.0477141203703703,0,38640_53977_0,38640_53977
1662,person,0.66849715,371,134,455,262,53977,38640,0.0622222222222222,1,38640_53977_1,38640_53977
1663,person,0.9379163,100,142,188,227,54054,38640,0.043287037037037,1,38640_54054_1,38640_54054
1664,person,0.90958136,293,144,393,248,54054,38640,0.0601851851851851,2,38640_54054_2,38640_54054
1665,sink,0.6013165,25,183,156,229,54054,38640,0.0348726851851851,0,38640_54054_0,38640_54054
1666,person,0.9521809,89,143,161,231,54131,38640,0.0366666666666666,0,38640_54131_0,38640_54131
1667,person,0.9168565,271,146,380,247,54131,38640,0.0637094907407407,1,38640_54131_1,38640_54131
1668,person,0.9146767,135,145,225,230,54208,38640,0.0442708333333333,3,38640_54208_3,38640_54208
1669,person,0.7987335999999999,282,145,379,244,54208,38640,0.0555729166666666,4,38640_54208_4,38640_54208
1670,sink,0.7656033,37,185,165,229,54208,38640,0.0325925925925925,2,38640_54208_2,38640_54208
1671,person,0.6477894000000001,375,137,434,183,54208,38640,0.0157060185185185,1,38640_54208_1,38640_54208
1672,person,0.5915172,233,191,287,235,54208,38640,0.01375,0,38640_54208_0,38640_54208
1673,person,0.9930078,18,9,351,344,54285,38640,0.6455729166666667,1,38640_54285_1,38640_54285
1674,person,0.65567756,289,11,480,346,54285,38640,0.3702835648148149,0,38640_54285_0,38640_54285
1675,person,0.5167503999999999,142,13,470,360,54285,38640,0.6586574074074074,2,38640_54285_2,38640_54285
1676,person,0.99258065,12,25,347,347,54362,38640,0.6242476851851851,2,38640_54362_2,38640_54362
1677,person,0.9189446,304,0,479,350,54362,38640,0.3544560185185185,0,38640_54362_0,38640_54362
1678,person,0.7891419,208,10,469,360,54362,38640,0.5286458333333334,1,38640_54362_1,38640_54362
1679,person,0.98751205,23,24,358,360,54439,38640,0.6513888888888889,1,38640_54439_1,38640_54439
1680,person,0.9224954,275,7,480,354,54439,38640,0.4116608796296296,0,38640_54439_0,38640_54439
1681,person,0.9928846,15,24,339,356,54516,38640,0.6225,1,38640_54516_1,38640_54516
1682,person,0.88170516,271,0,480,346,54516,38640,0.4184837962962963,0,38640_54516_0,38640_54516
1683,person,0.97322017,175,10,473,350,54593,38640,0.5863425925925926,1,38640_54593_1,38640_54593
1684,person,0.95982724,5,28,231,345,54593,38640,0.4145949074074074,0,38640_54593_0,38640_54593
1685,person,0.964783,5,29,232,355,54670,38640,0.4282523148148148,0,38640_54670_0,38640_54670
1686,person,0.96202624,173,19,458,349,54670,38640,0.5442708333333334,1,38640_54670_1,38640_54670
1687,person,0.96179634,239,28,478,357,54747,38640,0.4550405092592593,6,38640_54747_6,38640_54747
1688,person,0.95522237,7,28,237,350,54747,38640,0.428587962962963,4,38640_54747_4,38640_54747
1689,person,0.81923497,174,77,319,343,54747,38640,0.2232060185185185,3,38640_54747_3,38640_54747
1690,person,0.7332934,173,32,406,351,54747,38640,0.4301331018518518,5,38640_54747_5,38640_54747
1691,tie,0.65439916,321,182,348,256,54747,38640,0.0115625,0,38640_54747_0,38640_54747
1692,person,0.6114308,404,41,469,133,54747,38640,0.0346064814814814,1,38640_54747_1,38640_54747
1693,person,0.50932133,407,22,474,242,54747,38640,0.0853009259259259,2,38640_54747_2,38640_54747
1694,person,0.9560029,11,28,232,349,54824,38640,0.4105381944444445,1,38640_54824_1,38640_54824
1695,person,0.9499035,231,4,476,355,54824,38640,0.49765625,2,38640_54824_2,38640_54824
1696,person,0.8061611,172,44,341,337,54824,38640,0.286556712962963,0,38640_54824_0,38640_54824
1697,person,0.9445932,183,9,453,352,54901,38640,0.5359375,2,38640_54901_2,38640_54901
1698,person,0.939582,11,23,226,354,54901,38640,0.4118344907407408,1,38640_54901_1,38640_54901
1699,person,0.7632183000000001,169,66,362,342,54901,38640,0.3082638888888889,0,38640_54901_0,38640_54901
1700,person,0.95926267,189,10,449,360,54978,38640,0.5266203703703703,2,38640_54978_2,38640_54978
1701,person,0.9566513,10,21,246,346,54978,38640,0.4438657407407408,1,38640_54978_1,38640_54978
1702,person,0.8725594999999999,166,57,327,347,54978,38640,0.2701967592592592,0,38640_54978_0,38640_54978
1703,person,0.9919241,286,5,477,358,55055,38640,0.3901793981481481,2,38640_55055_2,38640_55055
1704,person,0.85726166,90,50,256,292,55055,38640,0.2324768518518518,1,38640_55055_1,38640_55055
1705,person,0.6450598000000001,166,120,248,284,55055,38640,0.077824074074074,0,38640_55055_0,38640_55055
1706,person,0.97101146,168,12,428,360,55132,38640,0.5236111111111111,1,38640_55132_1,38640_55132
1707,person,0.7188333,389,145,461,291,55132,38640,0.0608333333333333,0,38640_55132_0,38640_55132
1708,person,0.99611914,127,30,322,359,55209,38640,0.3712673611111112,2,38640_55209_2,38640_55209
1709,person,0.9646013,317,0,480,354,55209,38640,0.3339236111111111,1,38640_55209_1,38640_55209
1710,person,0.64574367,82,155,140,203,55209,38640,0.0161111111111111,0,38640_55209_0,38640_55209
1711,person,0.9967353,151,11,335,351,55286,38640,0.362037037037037,3,38640_55286_3,38640_55286
1712,person,0.82616276,350,140,446,310,55286,38640,0.0944444444444444,1,38640_55286_1,38640_55286
1713,chair,0.7656823,348,225,426,354,55286,38640,0.0582291666666666,0,38640_55286_0,38640_55286
1714,couch,0.5945767,9,184,214,340,55286,38640,0.1850694444444444,2,38640_55286_2,38640_55286
1715,person,0.9502756,41,1,212,353,55363,38640,0.3483333333333333,2,38640_55363_2,38640_55363
1716,person,0.67538583,421,111,473,218,55363,38640,0.032199074074074,0,38640_55363_0,38640_55363
1717,person,0.6544548000000001,237,80,438,351,55363,38640,0.3152256944444444,1,38640_55363_1,38640_55363
1718,person,0.99434185,65,16,267,356,55440,38640,0.3974537037037037,4,38640_55440_4,38640_55440
1719,person,0.970981,231,93,464,355,55440,38640,0.3532754629629629,3,38640_55440_3,38640_55440
1720,person,0.6379713,8,111,63,229,55440,38640,0.0375578703703703,1,38640_55440_1,38640_55440
1721,person,0.60275614,390,115,447,195,55440,38640,0.0263888888888888,0,38640_55440_0,38640_55440
1722,chair,0.5148467000000001,9,183,71,303,55440,38640,0.0430555555555555,2,38640_55440_2,38640_55440
1723,person,0.98737794,224,90,465,360,55517,38640,0.3765625,3,38640_55517_3,38640_55517
1724,person,0.9536562,41,13,207,348,55517,38640,0.3218171296296296,2,38640_55517_2,38640_55517
1725,person,0.69827265,388,113,452,202,55517,38640,0.0329629629629629,1,38640_55517_1,38640_55517
1726,person,0.5906606,6,99,49,219,55517,38640,0.0298611111111111,0,38640_55517_0,38640_55517
1727,person,0.9817224,201,56,451,354,55594,38640,0.4311342592592592,5,38640_55594_5,38640_55594
1728,person,0.80813,389,78,447,176,55594,38640,0.0328935185185185,2,38640_55594_2,38640_55594
1729,dining table,0.693345,6,163,108,302,55594,38640,0.0820486111111111,4,38640_55594_4,38640_55594
1730,cup,0.5605625,157,203,191,243,55594,38640,0.0078703703703703,0,38640_55594_0,38640_55594
1731,person,0.55100346,331,63,421,177,55594,38640,0.059375,3,38640_55594_3,38640_55594
1732,person,0.5132051999999999,210,87,246,137,55594,38640,0.0104166666666666,1,38640_55594_1,38640_55594
1733,person,0.98855454,146,0,471,359,55671,38640,0.6752025462962963,0,38640_55671_0,38640_55671
1734,person,0.8824495000000001,13,0,343,326,55748,38640,0.6225694444444444,0,38640_55748_0,38640_55748
1735,person,0.71409714,12,0,300,339,55825,38640,0.565,1,38640_55825_1,38640_55825
1736,handbag,0.5001885,139,37,300,117,55825,38640,0.074537037037037,0,38640_55825_0,38640_55825
1737,person,0.94334036,398,0,451,207,55902,38640,0.0634895833333333,0,38640_55902_0,38640_55902
1738,person,0.80710804,90,18,280,343,55902,38640,0.357349537037037,2,38640_55902_2,38640_55902
1739,person,0.7260683000000001,316,6,404,225,55902,38640,0.1115277777777777,1,38640_55902_1,38640_55902
1740,person,0.9656929,76,19,217,339,55979,38640,0.2611111111111111,4,38640_55979_4,38640_55979
1741,person,0.8885823,270,10,365,239,55979,38640,0.1258969907407407,3,38640_55979_3,38640_55979
1742,person,0.8694287,347,47,389,223,55979,38640,0.0427777777777777,0,38640_55979_0,38640_55979
1743,person,0.7841279000000001,214,79,273,252,55979,38640,0.059068287037037,1,38640_55979_1,38640_55979
1744,sink,0.7399574999999999,249,249,467,347,55979,38640,0.1236342592592592,2,38640_55979_2,38640_55979
1745,person,0.9766781,41,12,183,352,56056,38640,0.2793981481481482,3,38640_56056_3,38640_56056
1746,person,0.8789016,325,44,368,222,56056,38640,0.0442939814814814,1,38640_56056_1,38640_56056
1747,person,0.8787476999999999,249,14,344,244,56056,38640,0.1264467592592592,2,38640_56056_2,38640_56056
1748,bowl,0.54338497,277,231,333,261,56056,38640,0.0097222222222222,0,38640_56056_0,38640_56056
1749,person,0.9781862,34,12,186,345,56133,38640,0.2929166666666666,2,38640_56133_2,38640_56133
1750,person,0.7631323,279,48,332,186,56133,38640,0.0423263888888888,0,38640_56133_0,38640_56133
1751,person,0.7620985,192,40,282,234,56133,38640,0.1010416666666666,1,38640_56133_1,38640_56133
1752,person,0.973598,18,31,224,357,56210,38640,0.3886342592592593,1,38640_56210_1,38640_56210
1753,person,0.91772944,258,51,342,238,56210,38640,0.0909027777777777,0,38640_56210_0,38640_56210
1754,person,0.9223182,2,20,188,360,56287,38640,0.3659722222222222,3,38640_56287_3,38640_56287
1755,person,0.8994074000000001,333,15,460,294,56287,38640,0.2050520833333333,2,38640_56287_2,38640_56287
1756,sink,0.5623300999999999,113,238,372,314,56287,38640,0.113912037037037,1,38640_56287_1,38640_56287
1757,person,0.501366,149,50,243,232,56287,38640,0.0990046296296296,0,38640_56287_0,38640_56287
1758,person,0.9523187,343,33,455,287,56364,38640,0.1646296296296296,0,38640_56364_0,38640_56364
1759,person,0.95145136,11,4,251,353,56364,38640,0.4847222222222222,1,38640_56364_1,38640_56364
1760,person,0.9712337,340,27,467,308,56441,38640,0.2065219907407408,0,38640_56441_0,38640_56441
1761,person,0.93829006,30,0,266,349,56441,38640,0.4766435185185185,1,38640_56441_1,38640_56441
1762,person,0.97624683,27,17,244,333,56518,38640,0.3968287037037037,1,38640_56518_1,38640_56518
1763,person,0.954204,304,17,423,301,56518,38640,0.1955787037037037,0,38640_56518_0,38640_56518
1764,person,0.9648761,15,0,273,354,56595,38640,0.5285416666666667,0,38640_56595_0,38640_56595
1765,person,0.9740495,11,0,294,354,56672,38640,0.5797569444444445,1,38640_56672_1,38640_56672
1766,person,0.8821846,262,31,470,351,56672,38640,0.3851851851851852,0,38640_56672_0,38640_56672
1767,person,0.93729633,11,3,286,360,56749,38640,0.5681423611111112,2,38640_56749_2,38640_56749
1768,person,0.86471534,247,26,472,348,56749,38640,0.4192708333333333,1,38640_56749_1,38640_56749
1769,person,0.5607738,176,130,325,311,56749,38640,0.1560706018518518,0,38640_56749_0,38640_56749
1770,person,0.8758491,35,0,318,355,56826,38640,0.5813946759259261,1,38640_56826_1,38640_56826
1771,person,0.8411107,268,31,475,350,56826,38640,0.3821354166666666,0,38640_56826_0,38640_56826
1772,person,0.6778209,103,15,433,351,56826,38640,0.6416666666666667,2,38640_56826_2,38640_56826
1773,person,0.96853966,24,19,374,360,56903,38640,0.6906828703703703,1,38640_56903_1,38640_56903
1774,person,0.96641916,315,0,480,360,56903,38640,0.34375,0,38640_56903_0,38640_56903
1775,person,0.9846789,319,0,476,357,56980,38640,0.3243576388888889,0,38640_56980_0,38640_56980
1776,person,0.964917,22,26,379,358,56980,38640,0.6859027777777778,1,38640_56980_1,38640_56980
1777,person,0.9825342,315,0,479,352,57057,38640,0.3340740740740741,0,38640_57057_0,38640_57057
1778,person,0.96277696,14,19,370,360,57057,38640,0.7025231481481482,1,38640_57057_1,38640_57057
1779,person,0.9513018,68,0,340,345,57134,38640,0.5430555555555555,2,38640_57134_2,38640_57134
1780,person,0.827081,242,41,474,355,57134,38640,0.4215740740740741,0,38640_57134_0,38640_57134
1781,person,0.75082254,25,0,247,342,57134,38640,0.439375,1,38640_57134_1,38640_57134
1782,person,0.93459207,241,30,477,357,57211,38640,0.4465972222222222,0,38640_57211_0,38640_57211
1783,person,0.9221154,10,4,263,350,57211,38640,0.5065856481481481,1,38640_57211_1,38640_57211
1784,person,0.9610201,255,22,478,352,57288,38640,0.4258680555555556,0,38640_57288_0,38640_57288
1785,person,0.8399338,14,0,266,351,57288,38640,0.511875,1,38640_57288_1,38640_57288
1786,person,0.9253878,17,5,303,352,57365,38640,0.5743171296296297,1,38640_57365_1,38640_57365
1787,person,0.89321375,261,35,475,353,57365,38640,0.3938194444444445,0,38640_57365_0,38640_57365
1788,person,0.9087803,259,44,480,358,57442,38640,0.4015856481481481,2,38640_57442_2,38640_57442
1789,person,0.8915046,5,49,243,351,57442,38640,0.4159490740740741,3,38640_57442_3,38640_57442
1790,person,0.87437475,101,20,266,348,57442,38640,0.3131944444444444,1,38640_57442_1,38640_57442
1791,person,0.56622994,182,101,256,339,57442,38640,0.1019212962962963,0,38640_57442_0,38640_57442
1792,person,0.9828965,77,8,377,347,57519,38640,0.5885416666666666,2,38640_57519_2,38640_57519
1793,person,0.9694415,311,0,476,355,57519,38640,0.3389756944444444,1,38640_57519_1,38640_57519
1794,sink,0.70154667,5,249,56,322,57519,38640,0.0215451388888888,0,38640_57519_0,38640_57519
1795,person,0.9748761,310,0,474,355,57596,38640,0.3369212962962963,0,38640_57596_0,38640_57596
1796,person,0.9517226,30,29,380,356,57596,38640,0.6623263888888888,2,38640_57596_2,38640_57596
1797,person,0.5009365,140,0,421,347,57596,38640,0.5642766203703704,1,38640_57596_1,38640_57596
1798,person,0.9772166,316,0,479,355,57673,38640,0.3348668981481481,0,38640_57673_0,38640_57673
1799,person,0.9720843,35,17,383,360,57673,38640,0.6907638888888888,2,38640_57673_2,38640_57673
1800,person,0.51192856,146,0,451,359,57673,38640,0.6336516203703704,1,38640_57673_1,38640_57673
1801,person,0.9785539,38,15,399,352,57750,38640,0.7040335648148148,1,38640_57750_1,38640_57750
1802,person,0.974861,320,0,473,358,57750,38640,0.3169791666666666,0,38640_57750_0,38640_57750
1803,person,0.9756487,308,0,478,352,57827,38640,0.3462962962962963,0,38640_57827_0,38640_57827
1804,person,0.9183516,30,38,376,358,57827,38640,0.6407407407407407,1,38640_57827_1,38640_57827
1805,person,0.9804952,307,0,471,354,57904,38640,0.3359722222222222,0,38640_57904_0,38640_57904
1806,person,0.90698165,32,33,372,354,57904,38640,0.6315972222222223,1,38640_57904_1,38640_57904
1807,person,0.9686747,313,0,473,348,57981,38640,0.3222222222222222,0,38640_57981_0,38640_57981
1808,person,0.96424663,28,20,388,359,57981,38640,0.70625,2,38640_57981_2,38640_57981
1809,person,0.61270136,153,0,448,350,57981,38640,0.5975115740740741,1,38640_57981_1,38640_57981
1810,person,0.9909422,244,0,472,353,58058,38640,0.4657638888888889,1,38640_58058_1,38640_58058
1811,person,0.9896124,19,8,246,343,58058,38640,0.4400752314814815,0,38640_58058_0,38640_58058
1812,person,0.98810464,246,0,467,356,58135,38640,0.4553009259259259,1,38640_58135_1,38640_58135
1813,person,0.9435839,12,3,248,354,58135,38640,0.479375,2,38640_58135_2,38640_58135
1814,skateboard,0.69069624,117,283,270,353,58135,38640,0.0619791666666666,0,38640_58135_0,38640_58135
1815,person,0.9878319,13,7,237,349,58212,38640,0.4433333333333333,2,38640_58212_2,38640_58212
1816,person,0.97449017,219,0,461,354,58212,38640,0.4957638888888889,3,38640_58212_3,38640_58212
1817,skateboard,0.61347336,153,302,257,356,58212,38640,0.0325,0,38640_58212_0,38640_58212
1818,skateboard,0.5745906,129,286,299,353,58212,38640,0.0659143518518518,1,38640_58212_1,38640_58212
1819,person,0.98814154,14,2,239,335,58289,38640,0.43359375,1,38640_58289_1,38640_58289
1820,person,0.9591409,218,14,464,350,58289,38640,0.4783333333333333,2,38640_58289_2,38640_58289
1821,skateboard,0.69785947,150,281,267,351,58289,38640,0.0473958333333333,0,38640_58289_0,38640_58289
1822,person,0.98222876,18,11,248,337,58366,38640,0.433912037037037,2,38640_58366_2,38640_58366
1823,person,0.9366072,271,2,461,352,58366,38640,0.3848379629629629,1,38640_58366_1,38640_58366
1824,bottle,0.6271895000000001,234,130,289,252,58366,38640,0.0388310185185185,0,38640_58366_0,38640_58366
1825,person,0.9856376,12,16,256,341,58443,38640,0.458912037037037,1,38640_58443_1,38640_58443
1826,person,0.86485773,251,6,467,353,58443,38640,0.43375,0,38640_58443_0,38640_58443
1827,person,0.9899261,11,5,235,352,58520,38640,0.4498148148148148,2,38640_58520_2,38640_58520
1828,person,0.90558803,278,13,466,348,58520,38640,0.3644675925925926,1,38640_58520_1,38640_58520
1829,bottle,0.5755898,229,127,291,250,58520,38640,0.0441319444444444,0,38640_58520_0,38640_58520
1830,person,0.9827161,305,2,479,356,58597,38640,0.3564583333333333,0,38640_58597_0,38640_58597
1831,person,0.8936306999999999,9,6,364,360,58597,38640,0.7272569444444444,1,38640_58597_1,38640_58597
1832,person,0.97878724,317,0,474,356,58674,38640,0.3234490740740741,0,38640_58674_0,38640_58674
1833,person,0.8590336,29,14,400,358,58674,38640,0.7385648148148148,1,38640_58674_1,38640_58674
1834,person,0.9714211,323,0,474,352,58751,38640,0.3075925925925926,0,38640_58751_0,38640_58751
1835,person,0.8553636,24,27,395,360,58751,38640,0.7149479166666667,1,38640_58751_1,38640_58751
1836,person,0.92579937,229,53,478,352,58828,38640,0.4308506944444445,0,38640_58828_0,38640_58828
1837,person,0.9016141,17,0,277,354,58828,38640,0.5326388888888889,1,38640_58828_1,38640_58828
1838,person,0.9302338,263,10,470,352,58905,38640,0.4096875,0,38640_58905_0,38640_58905
1839,person,0.9170182,33,12,279,354,58905,38640,0.486875,1,38640_58905_1,38640_58905
1840,person,0.8893306999999999,15,17,291,360,58982,38640,0.5478472222222223,1,38640_58982_1,38640_58982
1841,person,0.80058986,259,22,475,346,58982,38640,0.405,0,38640_58982_0,38640_58982
1842,person,0.59912384,70,35,401,355,58982,38640,0.6129629629629629,2,38640_58982_2,38640_58982
1843,person,0.9935968,283,2,476,357,59059,38640,0.3964988425925926,0,38640_59059_0,38640_59059
1844,person,0.9907494,21,7,274,336,59059,38640,0.4816956018518518,1,38640_59059_1,38640_59059
1845,person,0.9612601,256,4,480,339,59136,38640,0.4342592592592592,1,38640_59136_1,38640_59136
1846,person,0.89609045,0,37,247,356,59136,38640,0.4559780092592592,2,38640_59136_2,38640_59136
1847,bottle,0.5846519,235,133,303,246,59136,38640,0.0444675925925925,0,38640_59136_0,38640_59136
1848,book,0.55200475,192,68,394,155,59213,38640,0.1017013888888888,0,38640_59213_0,38640_59213
1849,person,0.9950594,257,0,480,359,59290,38640,0.4632928240740741,1,38640_59290_1,38640_59290
1850,person,0.96797234,9,4,190,347,59290,38640,0.3592766203703704,0,38640_59290_0,38640_59290
1851,person,0.9866122,267,0,478,360,59367,38640,0.4395833333333333,1,38640_59367_1,38640_59367
1852,person,0.9665568,6,5,174,348,59367,38640,0.3334722222222222,0,38640_59367_0,38640_59367
1853,person,0.987761,267,0,480,355,59444,38640,0.4375868055555556,1,38640_59444_1,38640_59444
1854,person,0.9820103,7,0,191,349,59444,38640,0.3716203703703704,0,38640_59444_0,38640_59444
1855,person,0.9781708,149,50,310,320,59521,38640,0.2515625,3,38640_59521_3,38640_59521
1856,bottle,0.7547174,71,126,104,200,59521,38640,0.0141319444444444,0,38640_59521_0,38640_59521
1857,chair,0.668399,386,175,478,338,59521,38640,0.0867824074074074,2,38640_59521_2,38640_59521
1858,couch,0.5178647,391,177,473,307,59521,38640,0.0616898148148148,1,38640_59521_1,38640_59521
1859,person,0.9685255,132,19,266,360,59598,38640,0.2644328703703704,1,38640_59598_1,38640_59598
1860,person,0.9569338,203,29,357,360,59598,38640,0.2949884259259259,2,38640_59598_2,38640_59598
1861,bottle,0.5727628,53,110,92,214,59598,38640,0.0234722222222222,0,38640_59598_0,38640_59598
1862,person,0.97206086,127,18,268,357,59675,38640,0.2766145833333333,2,38640_59675_2,38640_59675
1863,person,0.9563754,277,34,382,358,59675,38640,0.196875,1,38640_59675_1,38640_59675
1864,bottle,0.72114074,56,111,92,214,59675,38640,0.0214583333333333,0,38640_59675_0,38640_59675
1865,person,0.99056643,250,13,463,360,59752,38640,0.4277256944444445,1,38640_59752_1,38640_59752
1866,person,0.9632687,117,30,234,354,59752,38640,0.219375,0,38640_59752_0,38640_59752
1867,person,0.9853735,124,25,258,352,59829,38640,0.2535763888888889,2,38640_59829_2,38640_59829
1868,person,0.9753974,226,30,331,357,59829,38640,0.1986979166666666,1,38640_59829_1,38640_59829
1869,chair,0.5223793,362,205,478,331,59829,38640,0.0845833333333333,0,38640_59829_0,38640_59829
1870,person,0.9947437,125,23,252,353,59906,38640,0.2425347222222222,1,38640_59906_1,38640_59906
1871,person,0.90399003,236,36,324,360,59906,38640,0.165,0,38640_59906_0,38640_59906
1872,person,0.99347234,19,11,168,355,59983,38640,0.2966203703703704,1,38640_59983_1,38640_59983
1873,chair,0.6619716,129,129,208,343,59983,38640,0.0978356481481481,0,38640_59983_0,38640_59983
1874,person,0.98116744,21,13,290,353,60060,38640,0.5292824074074074,1,38640_60060_1,38640_60060
1875,person,0.95076597,316,3,479,357,60060,38640,0.3339236111111111,0,38640_60060_0,38640_60060
1876,person,0.9934813,12,6,287,352,60137,38640,0.5506365740740741,2,38640_60137_2,38640_60137
1877,person,0.9736468,284,17,477,353,60137,38640,0.3752777777777777,1,38640_60137_1,38640_60137
1878,couch,0.6099649,85,159,335,350,60137,38640,0.2763310185185185,0,38640_60137_0,38640_60137
1879,person,0.98975813,13,3,288,356,60214,38640,0.5617766203703703,1,38640_60214_1,38640_60214
1880,person,0.95920354,289,12,478,348,60214,38640,0.3675,0,38640_60214_0,38640_60214
1881,person,0.9663603,298,36,477,359,60291,38640,0.3345891203703704,0,38640_60291_0,38640_60291
1882,person,0.9609711,7,3,189,343,60291,38640,0.3581018518518518,1,38640_60291_1,38640_60291
1883,person,0.98954225,9,12,272,353,60368,38640,0.5189988425925925,2,38640_60368_2,38640_60368
1884,person,0.97667897,262,18,477,349,60368,38640,0.4118344907407408,1,38640_60368_1,38640_60368
1885,couch,0.52384806,0,152,372,333,60368,38640,0.3896527777777778,0,38640_60368_0,38640_60368
1886,person,0.9158851,246,100,452,350,60445,38640,0.2980324074074074,5,38640_60445_5,38640_60445
1887,person,0.8585176999999999,180,69,347,329,60445,38640,0.2512731481481481,4,38640_60445_4,38640_60445
1888,chair,0.81469136,6,88,107,288,60445,38640,0.1168981481481481,1,38640_60445_1,38640_60445
1889,potted plant,0.7160648000000001,160,59,230,114,60445,38640,0.0222800925925925,0,38640_60445_0,38640_60445
1890,person,0.6503903,224,75,344,263,60445,38640,0.1305555555555555,2,38640_60445_2,38640_60445
1891,person,0.61446124,355,96,474,342,60445,38640,0.1694097222222222,3,38640_60445_3,38640_60445
1892,person,0.99312496,263,50,443,360,60522,38640,0.3229166666666667,3,38640_60522_3,38640_60522
1893,person,0.9704732,156,17,287,355,60522,38640,0.2562384259259259,2,38640_60522_2,38640_60522
1894,chair,0.68304265,79,154,175,346,60522,38640,0.1066666666666666,1,38640_60522_1,38640_60522
1895,chair,0.5914,90,151,173,227,60522,38640,0.0365046296296296,0,38640_60522_0,38640_60522
1896,person,0.98693895,243,50,370,360,60599,38640,0.2278356481481481,3,38640_60599_3,38640_60599
1897,person,0.96321714,181,29,261,353,60599,38640,0.15,1,38640_60599_1,38640_60599
1898,chair,0.5490797,1,220,199,360,60599,38640,0.1604166666666666,2,38640_60599_2,38640_60599
1899,couch,0.54498494,8,227,198,353,60599,38640,0.1385416666666666,0,38640_60599_0,38640_60599
1900,person,0.78417754,290,77,344,251,60676,38640,0.054375,0,38640_60676_0,38640_60676
1901,person,0.72108084,168,107,299,263,60676,38640,0.1182638888888888,2,38640_60676_2,38640_60676
1902,couch,0.665129,21,239,420,353,60676,38640,0.2632291666666667,3,38640_60676_3,38640_60676
1903,person,0.6423272,231,106,301,263,60676,38640,0.063599537037037,1,38640_60676_1,38640_60676
1904,person,0.9866034,5,0,468,353,60753,38640,0.9458275462962964,1,38640_60753_1,38640_60753
1905,person,0.89285284,195,3,473,352,60753,38640,0.5614699074074074,0,38640_60753_0,38640_60753
1906,person,0.9856769,20,0,467,336,60830,38640,0.8691666666666666,1,38640_60830_1,38640_60830
1907,person,0.8748127,194,4,474,344,60830,38640,0.5509259259259259,0,38640_60830_0,38640_60830
1908,person,0.9836469,35,1,467,347,60907,38640,0.865,1,38640_60907_1,38640_60907
1909,person,0.5073504,204,8,473,347,60907,38640,0.5277256944444444,0,38640_60907_0,38640_60907
1910,person,0.9883207,313,21,407,354,60984,38640,0.1811458333333333,1,38640_60984_1,38640_60984
1911,person,0.94491225,98,59,194,238,60984,38640,0.0994444444444444,0,38640_60984_0,38640_60984
1912,person,0.98201776,240,25,352,352,61061,38640,0.2119444444444444,3,38640_61061_3,38640_61061
1913,person,0.9580917,137,29,227,360,61061,38640,0.1723958333333333,2,38640_61061_2,38640_61061
1914,potted plant,0.6365145000000001,351,145,420,196,61061,38640,0.0203645833333333,0,38640_61061_0,38640_61061
1915,dining table,0.6165053,325,177,464,281,61061,38640,0.0836574074074074,1,38640_61061_1,38640_61061
1916,person,0.9967349,207,0,478,359,61138,38640,0.5630150462962963,2,38640_61138_2,38640_61138
1917,person,0.9809709,50,24,231,360,61138,38640,0.3519444444444444,1,38640_61138_1,38640_61138
1918,tie,0.9797577,298,150,349,327,61138,38640,0.0522395833333333,0,38640_61138_0,38640_61138
1919,person,0.98519725,208,7,462,357,61215,38640,0.5144675925925926,1,38640_61215_1,38640_61215
1920,person,0.98303384,35,48,257,350,61215,38640,0.3879861111111111,0,38640_61215_0,38640_61215
1921,person,0.99692863,216,3,477,359,61292,38640,0.5377083333333333,2,38640_61292_2,38640_61292
1922,person,0.9779935,54,32,237,360,61292,38640,0.3473611111111111,1,38640_61292_1,38640_61292
1923,tie,0.94057,315,140,369,336,61292,38640,0.06125,0,38640_61292_0,38640_61292
1924,person,0.987463,184,0,456,358,61369,38640,0.5635185185185185,2,38640_61369_2,38640_61369
1925,person,0.9856323,42,37,201,360,61369,38640,0.2972048611111111,1,38640_61369_1,38640_61369
1926,tie,0.8908056999999999,338,128,380,325,61369,38640,0.0478819444444444,0,38640_61369_0,38640_61369
1927,person,0.9883605,175,7,450,351,61446,38640,0.5474537037037037,2,38640_61446_2,38640_61446
1928,person,0.98785037,52,41,225,360,61446,38640,0.3193692129629629,1,38640_61446_1,38640_61446
1929,tie,0.9723146,343,142,399,322,61446,38640,0.0583333333333333,0,38640_61446_0,38640_61446
1930,person,0.98858184,58,34,256,357,61523,38640,0.3701041666666667,1,38640_61523_1,38640_61523
1931,person,0.96711373,296,2,476,350,61523,38640,0.3625,0,38640_61523_0,38640_61523
1932,person,0.9719943,222,0,476,355,61600,38640,0.5218171296296297,1,38640_61600_1,38640_61600
1933,person,0.9642659,46,34,277,360,61600,38640,0.4357986111111111,0,38640_61600_0,38640_61600
1934,person,0.9898323,227,0,480,358,61677,38640,0.5241550925925926,1,38640_61677_1,38640_61677
1935,person,0.9688074,51,33,271,360,61677,38640,0.4163194444444445,0,38640_61677_0,38640_61677
1936,person,0.99142754,41,0,369,355,61754,38640,0.6738425925925926,2,38640_61754_2,38640_61754
1937,person,0.9794255,301,45,475,360,61754,38640,0.3171875,1,38640_61754_1,38640_61754
1938,tie,0.9771917,151,143,208,322,61754,38640,0.0590451388888888,0,38640_61754_0,38640_61754
1939,person,0.98746526,12,8,274,359,61831,38640,0.5321875,2,38640_61831_2,38640_61831
1940,person,0.9815825,205,52,431,356,61831,38640,0.3975925925925926,1,38640_61831_1,38640_61831
1941,tie,0.8658450000000001,149,160,190,287,61831,38640,0.0301331018518518,0,38640_61831_0,38640_61831
1942,person,0.9929149,25,11,372,352,61908,38640,0.6847627314814815,1,38640_61908_1,38640_61908
1943,tie,0.95228595,204,144,259,308,61908,38640,0.052199074074074,0,38640_61908_0,38640_61908
1944,person,0.98687637,88,19,382,355,61985,38640,0.5716666666666667,0,38640_61985_0,38640_61985
1945,person,0.9897314,97,27,362,359,62062,38640,0.5091435185185185,1,38640_62062_1,38640_62062
1946,person,0.7617164000000001,323,26,465,358,62062,38640,0.272824074074074,0,38640_62062_0,38640_62062
1947,person,0.98053944,111,0,373,360,62139,38640,0.5458333333333333,0,38640_62139_0,38640_62139
1948,person,0.98161376,107,0,340,360,62216,38640,0.4854166666666666,0,38640_62216_0,38640_62216
1949,person,0.97540706,120,2,363,360,62293,38640,0.5034375,1,38640_62293_1,38640_62293
1950,person,0.6752126,344,18,441,360,62293,38640,0.1919791666666666,0,38640_62293_0,38640_62293
1951,person,0.9794109,42,14,291,354,62370,38640,0.4899305555555555,1,38640_62370_1,38640_62370
1952,handbag,0.50205094,243,151,318,351,62370,38640,0.0868055555555555,0,38640_62370_0,38640_62370
1953,person,0.9817676,42,5,341,354,62447,38640,0.6038831018518519,1,38640_62447_1,38640_62447
1954,person,0.82621866,385,21,478,354,62447,38640,0.17921875,0,38640_62447_0,38640_62447
1955,tie,0.97816443,292,205,343,360,62524,38640,0.0457465277777777,0,38640_62524_0,38640_62524
1956,person,0.97802883,147,30,470,360,62524,38640,0.6168402777777777,1,38640_62524_1,38640_62524
1957,person,0.88199383,20,12,346,349,62524,38640,0.635775462962963,2,38640_62524_2,38640_62524
1958,person,0.99152476,54,0,327,353,62601,38640,0.5576909722222222,1,38640_62601_1,38640_62601
1959,person,0.88807887,365,43,479,360,62601,38640,0.2091319444444444,0,38640_62601_0,38640_62601
1960,person,0.9861266,60,0,325,354,62678,38640,0.5428819444444445,1,38640_62678_1,38640_62678
1961,person,0.97792953,345,40,477,358,62678,38640,0.2429166666666667,0,38640_62678_0,38640_62678
1962,person,0.99070555,50,0,319,358,62755,38640,0.5573032407407408,1,38640_62755_1,38640_62755
1963,person,0.927321,354,37,480,354,62755,38640,0.2311458333333333,0,38640_62755_0,38640_62755
1964,person,0.98763984,54,9,322,357,62832,38640,0.5397222222222222,2,38640_62832_2,38640_62832
1965,person,0.9353514,350,46,480,356,62832,38640,0.2332175925925926,1,38640_62832_1,38640_62832
1966,person,0.57167774,277,27,379,348,62832,38640,0.1894791666666666,0,38640_62832_0,38640_62832
1967,person,0.9910216,59,6,327,353,62909,38640,0.5381712962962963,1,38640_62909_1,38640_62909
1968,person,0.9462589,346,36,480,360,62909,38640,0.25125,0,38640_62909_0,38640_62909
1969,person,0.989725,173,6,303,343,62986,38640,0.2535300925925925,4,38640_62986_4,38640_62986
1970,person,0.9694594,318,56,416,228,62986,38640,0.0975462962962963,0,38640_62986_0,38640_62986
1971,dining table,0.6327563,0,245,176,344,62986,38640,0.1008333333333333,1,38640_62986_1,38640_62986
1972,person,0.587379,300,57,416,343,62986,38640,0.1919907407407407,3,38640_62986_3,38640_62986
1973,dining table,0.55615544,5,185,183,349,62986,38640,0.1689351851851852,2,38640_62986_2,38640_62986
1974,person,0.9299937,261,69,373,250,63063,38640,0.1173148148148148,1,38640_63063_1,38640_63063
1975,person,0.9110458,262,61,375,358,63063,38640,0.19421875,3,38640_63063_3,38640_63063
1976,dining table,0.7238066,3,257,162,353,63063,38640,0.0883333333333333,0,38640_63063_0,38640_63063
1977,dining table,0.5372676,9,197,173,354,63063,38640,0.1490046296296296,2,38640_63063_2,38640_63063
1978,person,0.99229723,237,0,372,357,63140,38640,0.27890625,0,38640_63140_0,38640_63140
1979,person,0.9951106,291,0,470,360,63217,38640,0.3729166666666667,2,38640_63217_2,38640_63217
1980,person,0.9855688,42,33,259,355,63217,38640,0.4043634259259261,3,38640_63217_3,38640_63217
1981,person,0.7956079,15,116,104,334,63217,38640,0.1122800925925926,1,38640_63217_1,38640_63217
1982,person,0.5096744000000001,32,121,90,239,63217,38640,0.0396064814814814,0,38640_63217_0,38640_63217
1983,person,0.99258196,229,0,474,358,63294,38640,0.5075810185185186,3,38640_63294_3,38640_63294
1984,person,0.9689621,40,22,227,351,63294,38640,0.3560358796296296,2,38640_63294_2,38640_63294
1985,tie,0.8890170000000001,332,110,367,243,63294,38640,0.0269386574074074,0,38640_63294_0,38640_63294
1986,person,0.6039059,6,115,68,315,63294,38640,0.0717592592592592,1,38640_63294_1,38640_63294
1987,person,0.9979291,261,3,469,360,63371,38640,0.4297222222222222,1,38640_63371_1,38640_63371
1988,person,0.9469167,68,26,240,356,63371,38640,0.3284722222222222,0,38640_63371_0,38640_63371
1989,person,0.9975178,264,6,474,360,63448,38640,0.4302083333333333,1,38640_63448_1,38640_63448
1990,person,0.9822645,97,20,261,360,63448,38640,0.3226851851851852,0,38640_63448_0,38640_63448
1991,person,0.9866985,102,10,317,360,63525,38640,0.4354745370370369,1,38640_63525_1,38640_63525
1992,person,0.9828121,255,8,413,352,63525,38640,0.314537037037037,0,38640_63525_0,38640_63525
1993,person,0.9889163,142,28,309,360,63602,38640,0.3208564814814815,2,38640_63602_2,38640_63602
1994,chair,0.89575636,321,158,424,269,63602,38640,0.0661631944444444,0,38640_63602_0,38640_63602
1995,person,0.6029251999999999,237,12,318,217,63602,38640,0.09609375,1,38640_63602_1,38640_63602
1996,person,0.9962004,315,0,473,357,63679,38640,0.3264236111111111,1,38640_63679_1,38640_63679
1997,person,0.9903989,64,68,264,342,63679,38640,0.3171296296296296,0,38640_63679_0,38640_63679
1998,person,0.98325884,238,70,426,343,63756,38640,0.2970138888888889,5,38640_63756_5,38640_63756
1999,person,0.92221826,90,5,260,256,63756,38640,0.2469328703703704,4,38640_63756_4,38640_63756
2000,chair,0.87912774,391,145,463,257,63756,38640,0.0466666666666666,2,38640_63756_2,38640_63756
2001,tie,0.57939947,175,85,204,186,63756,38640,0.0169502314814814,1,38640_63756_1,38640_63756
2002,tie,0.5487666,170,85,194,180,63756,38640,0.0131944444444444,0,38640_63756_0,38640_63756
2003,bottle,0.50389403,80,188,176,342,63756,38640,0.0855555555555555,3,38640_63756_3,38640_63756
2004,person,0.9863305,19,0,466,333,63833,38640,0.86140625,1,38640_63833_1,38640_63833
2005,person,0.60100454,12,179,191,338,63833,38640,0.1647048611111111,0,38640_63833_0,38640_63833
2006,person,0.9688372,0,0,469,346,63910,38640,0.939085648148148,1,38640_63910_1,38640_63910
2007,person,0.9033439,203,0,476,345,63910,38640,0.5450520833333333,0,38640_63910_0,38640_63910
2008,person,0.9787498,33,11,471,346,63987,38640,0.8491319444444444,1,38640_63987_1,38640_63987
2009,suitcase,0.5179292999999999,339,0,454,166,63987,38640,0.110474537037037,0,38640_63987_0,38640_63987
2010,person,0.99390656,233,0,479,344,64064,38640,0.4897222222222222,3,38640_64064_3,38640_64064
2011,tie,0.9839099,346,131,384,278,64064,38640,0.0323263888888888,0,38640_64064_0,38640_64064
2012,person,0.9751676,27,104,279,354,64064,38640,0.3645833333333333,2,38640_64064_2,38640_64064
2013,person,0.61533463,230,143,287,341,64064,38640,0.0653125,1,38640_64064_1,38640_64064
2014,person,0.9949557,266,7,473,356,64141,38640,0.4180729166666667,2,38640_64141_2,38640_64141
2015,person,0.9879936,14,99,274,352,64141,38640,0.3806712962962963,1,38640_64141_1,38640_64141
2016,tie,0.95691264,346,141,389,282,64141,38640,0.0350868055555555,0,38640_64141_0,38640_64141
2017,person,0.9936259,271,8,472,360,64218,38640,0.4094444444444445,2,38640_64218_2,38640_64218
2018,person,0.98602736,9,95,262,360,64218,38640,0.3879918981481481,1,38640_64218_1,38640_64218
2019,tie,0.95250666,345,138,389,278,64218,38640,0.0356481481481481,0,38640_64218_0,38640_64218
2020,person,0.99479574,279,3,475,353,64295,38640,0.3969907407407408,1,38640_64295_1,38640_64295
2021,person,0.9840402,9,93,289,353,64295,38640,0.4212962962962963,2,38640_64295_2,38640_64295
2022,tie,0.91053253,346,140,391,290,64295,38640,0.0390625,0,38640_64295_0,38640_64295
2023,person,0.9945629,316,1,477,360,64372,38640,0.3344849537037037,3,38640_64372_3,38640_64372
2024,person,0.994279,20,14,168,354,64372,38640,0.2912037037037037,2,38640_64372_2,38640_64372
2025,chair,0.98696923,213,162,311,284,64372,38640,0.0691898148148148,1,38640_64372_1,38640_64372
2026,tie,0.5862848,367,90,394,196,64372,38640,0.0165625,0,38640_64372_0,38640_64372
2027,person,0.99690044,250,0,453,355,64449,38640,0.4170428240740741,1,38640_64449_1,38640_64449
2028,person,0.9917447,58,5,210,357,64449,38640,0.3096296296296296,0,38640_64449_0,38640_64449
2029,person,0.991983,235,8,456,353,64526,38640,0.4412326388888889,1,38640_64526_1,38640_64526
2030,person,0.99213797,26,32,247,360,64526,38640,0.4194907407407407,0,38640_64526_0,38640_64526
2031,person,0.9929564,245,0,468,355,64603,38640,0.458130787037037,2,38640_64603_2,38640_64603
2032,person,0.9920385,45,17,245,359,64603,38640,0.3958333333333333,1,38640_64603_1,38640_64603
2033,tie,0.5143386999999999,292,137,323,249,64603,38640,0.0200925925925925,0,38640_64603_0,38640_64603
2034,person,0.9967968,233,0,473,356,64680,38640,0.4944444444444445,2,38640_64680_2,38640_64680
2035,person,0.9887255,53,14,240,360,64680,38640,0.3744328703703704,1,38640_64680_1,38640_64680
2036,tie,0.83857375,282,134,320,245,64680,38640,0.0244097222222222,0,38640_64680_0,38640_64680
2037,person,0.98326343,179,0,417,353,64757,38640,0.4861921296296297,2,38640_64757_2,38640_64757
2038,person,0.97939336,48,15,194,351,64757,38640,0.2838888888888889,1,38640_64757_1,38640_64757
2039,tie,0.8359991,324,119,369,256,64757,38640,0.0356770833333333,0,38640_64757_0,38640_64757
2040,person,0.99524873,189,19,404,359,64834,38640,0.4230324074074074,0,38640_64834_0,38640_64834
2041,person,0.9885501,269,0,477,358,64911,38640,0.4309259259259259,2,38640_64911_2,38640_64911
2042,person,0.9817262,1,19,177,360,64911,38640,0.3473148148148148,1,38640_64911_1,38640_64911
2043,person,0.9659187,178,20,317,360,64911,38640,0.2734953703703704,0,38640_64911_0,38640_64911
2044,person,0.99199545,19,24,197,358,64988,38640,0.3440509259259259,1,38640_64988_1,38640_64988
2045,person,0.979131,298,6,477,360,64988,38640,0.3667013888888889,2,38640_64988_2,38640_64988
2046,person,0.963844,219,27,354,357,64988,38640,0.2578125,0,38640_64988_0,38640_64988
2047,person,0.98545516,327,1,476,356,65065,38640,0.3061053240740741,1,38640_65065_1,38640_65065
2048,person,0.98484707,111,35,311,353,65065,38640,0.3680555555555556,2,38640_65065_2,38640_65065
2049,person,0.9701976,7,17,122,353,65065,38640,0.2236111111111111,0,38640_65065_0,38640_65065
2050,person,0.99061275,309,6,474,356,65142,38640,0.3342013888888889,1,38640_65142_1,38640_65142
2051,person,0.9761782,99,42,343,355,65142,38640,0.4419675925925926,2,38640_65142_2,38640_65142
2052,person,0.96204257,3,16,146,348,65142,38640,0.2747453703703704,0,38640_65142_0,38640_65142
2053,person,0.98015654,19,22,158,357,65219,38640,0.2694733796296296,1,38640_65219_1,38640_65219
2054,person,0.9775039,300,0,478,360,65219,38640,0.3708333333333333,3,38640_65219_3,38640_65219
2055,person,0.9676963,208,17,359,356,65219,38640,0.2962326388888889,2,38640_65219_2,38640_65219
2056,traffic light,0.8366181999999999,137,13,191,205,65219,38640,0.06,0,38640_65219_0,38640_65219
2057,person,0.9702706,19,13,189,358,65296,38640,0.3394097222222222,1,38640_65296_1,38640_65296
2058,person,0.96694505,204,15,354,353,65296,38640,0.2934027777777778,0,38640_65296_0,38640_65296
2059,person,0.96545404,288,0,476,360,65296,38640,0.3916666666666666,2,38640_65296_2,38640_65296
2060,person,0.97447395,300,0,479,359,65373,38640,0.371880787037037,2,38640_65373_2,38640_65373
2061,person,0.96878415,15,38,216,353,65373,38640,0.36640625,1,38640_65373_1,38640_65373
2062,person,0.9511742,141,17,346,351,65373,38640,0.3962384259259261,3,38640_65373_3,38640_65373
2063,traffic light,0.5933924,141,10,190,180,65373,38640,0.0482060185185185,0,38640_65373_0,38640_65373
2064,person,0.54119486,205,9,405,360,65373,38640,0.40625,4,38640_65373_4,38640_65373
2065,person,0.98169106,214,13,353,354,65450,38640,0.2742997685185185,1,38640_65450_1,38640_65450
2066,person,0.9809475,12,19,148,357,65450,38640,0.2660185185185185,0,38640_65450_0,38640_65450
2067,person,0.96752155,303,0,479,360,65450,38640,0.3666666666666665,2,38640_65450_2,38640_65450
2068,person,0.98029476,18,18,158,353,65527,38640,0.271412037037037,2,38640_65527_2,38640_65527
2069,person,0.97354263,223,16,359,360,65527,38640,0.2707407407407407,1,38640_65527_1,38640_65527
2070,person,0.9719824,291,0,476,360,65527,38640,0.3854166666666667,3,38640_65527_3,38640_65527
2071,traffic light,0.6378354,141,13,193,204,65527,38640,0.0574768518518518,0,38640_65527_0,38640_65527
2072,person,0.9826231,15,10,169,354,65604,38640,0.306574074074074,1,38640_65604_1,38640_65604
2073,person,0.9713714,275,0,474,360,65604,38640,0.4145833333333333,2,38640_65604_2,38640_65604
2074,person,0.94841397,219,17,363,356,65604,38640,0.2825,0,38640_65604_0,38640_65604
2075,person,0.9852506,220,22,354,354,65681,38640,0.2574537037037037,0,38640_65681_0,38640_65681
2076,person,0.97913444,14,16,150,355,65681,38640,0.2668055555555556,1,38640_65681_1,38640_65681
2077,person,0.9785355,268,0,473,359,65681,38640,0.4258969907407407,2,38640_65681_2,38640_65681
2078,person,0.98623717,193,25,336,355,65758,38640,0.2730902777777778,1,38640_65758_1,38640_65758
2079,person,0.98155,296,0,475,360,65758,38640,0.3729166666666667,2,38640_65758_2,38640_65758
2080,person,0.97617537,22,26,155,360,65758,38640,0.2570717592592592,0,38640_65758_0,38640_65758
2081,person,0.9794103,81,15,329,357,65835,38640,0.4908333333333333,1,38640_65835_1,38640_65835
2082,person,0.9518386,289,1,478,359,65835,38640,0.3915625,0,38640_65835_0,38640_65835
2083,person,0.98989,14,9,230,359,65912,38640,0.4375,1,38640_65912_1,38640_65912
2084,person,0.98583406,261,19,430,356,65912,38640,0.3295891203703704,0,38640_65912_0,38640_65912
2085,person,0.9867112,25,34,255,359,65989,38640,0.4325810185185185,2,38640_65989_2,38640_65989
2086,person,0.93982077,263,7,454,360,65989,38640,0.3901793981481481,1,38640_65989_1,38640_65989
2087,person,0.57436556,393,122,476,360,65989,38640,0.1143171296296296,0,38640_65989_0,38640_65989
2088,person,0.9917951,30,23,243,359,66066,38640,0.4141666666666667,0,38640_66066_0,38640_66066
2089,person,0.97491837,226,8,454,360,66066,38640,0.4644444444444445,1,38640_66066_1,38640_66066
2090,person,0.99072367,31,20,231,360,66143,38640,0.3935185185185185,0,38640_66143_0,38640_66143
2091,person,0.9738931,234,18,450,360,66143,38640,0.4275,1,38640_66143_1,38640_66143
2092,person,0.99317425,293,5,478,354,66220,38640,0.3736400462962962,1,38640_66220_1,38640_66220
2093,person,0.9757102,71,15,292,360,66220,38640,0.4412326388888889,2,38640_66220_2,38640_66220
2094,person,0.9501744,8,25,124,352,66220,38640,0.2195138888888889,0,38640_66220_0,38640_66220
2095,person,0.9933275,281,6,476,353,66297,38640,0.3915798611111111,2,38640_66297_2,38640_66297
2096,person,0.9647598,2,15,109,351,66297,38640,0.2080555555555555,1,38640_66297_1,38640_66297
2097,person,0.91748875,75,19,304,360,66297,38640,0.4519039351851852,3,38640_66297_3,38640_66297
2098,tie,0.6676849,348,144,384,272,66297,38640,0.0266666666666666,0,38640_66297_0,38640_66297
2099,person,0.99435693,288,9,475,352,66374,38640,0.3711863425925926,4,38640_66374_4,38640_66374
2100,person,0.8793545,72,52,262,350,66374,38640,0.327662037037037,3,38640_66374_3,38640_66374
2101,person,0.7952889,4,31,107,358,66374,38640,0.1949131944444444,2,38640_66374_2,38640_66374
2102,person,0.7075178000000001,1,159,102,355,66374,38640,0.1145601851851851,1,38640_66374_1,38640_66374
2103,tie,0.5298264,354,140,390,274,66374,38640,0.0279166666666666,0,38640_66374_0,38640_66374
2104,person,0.99321896,293,1,477,358,66451,38640,0.3801388888888889,4,38640_66451_4,38640_66451
2105,person,0.95595145,76,26,265,356,66451,38640,0.3609375,3,38640_66451_3,38640_66451
2106,person,0.6815899000000001,0,142,89,360,66451,38640,0.1122800925925926,2,38640_66451_2,38640_66451
2107,tie,0.59237564,354,132,390,271,66451,38640,0.0289583333333333,1,38640_66451_1,38640_66451
2108,tie,0.51998925,363,139,395,251,66451,38640,0.0207407407407407,0,38640_66451_0,38640_66451
2109,person,0.9933315,292,2,478,353,66528,38640,0.3778125,2,38640_66528_2,38640_66528
2110,person,0.9494185,5,19,105,356,66528,38640,0.1950231481481481,0,38640_66528_0,38640_66528
2111,person,0.9441778,73,23,259,360,66528,38640,0.3627430555555556,1,38640_66528_1,38640_66528
2112,person,0.9844205,5,19,196,355,66605,38640,0.3713888888888889,1,38640_66605_1,38640_66605
2113,person,0.9794627,161,17,423,352,66605,38640,0.5079282407407407,2,38640_66605_2,38640_66605
2114,person,0.6967441,404,131,480,357,66605,38640,0.0993981481481481,0,38640_66605_0,38640_66605
2115,person,0.988282,1,38,202,357,66682,38640,0.3710590277777778,1,38640_66682_1,38640_66682
2116,person,0.973104,190,9,436,360,66682,38640,0.4996875,2,38640_66682_2,38640_66682
2117,person,0.7222135999999999,380,0,477,346,66682,38640,0.194224537037037,0,38640_66682_0,38640_66682
2118,person,0.9887834,5,25,201,358,66759,38640,0.3777083333333333,1,38640_66759_1,38640_66759
2119,person,0.9760636,182,15,431,360,66759,38640,0.4971354166666666,2,38640_66759_2,38640_66759
2120,person,0.6692913,406,0,476,360,66759,38640,0.1458333333333333,0,38640_66759_0,38640_66759
2121,person,0.98326635,8,25,203,357,66836,38640,0.3746527777777778,1,38640_66836_1,38640_66836
2122,person,0.9814156,188,17,432,355,66836,38640,0.4772685185185186,2,38640_66836_2,38640_66836
2123,person,0.7287473000000001,397,10,479,351,66836,38640,0.1618171296296296,0,38640_66836_0,38640_66836
2124,person,0.990406,3,27,212,355,66913,38640,0.396712962962963,1,38640_66913_1,38640_66913
2125,person,0.9776775,193,27,440,355,66913,38640,0.4688425925925926,2,38640_66913_2,38640_66913
2126,person,0.7058810000000001,404,6,475,360,66913,38640,0.1454513888888889,0,38640_66913_0,38640_66913
2127,person,0.9957261,287,0,463,350,66990,38640,0.3564814814814814,3,38640_66990_3,38640_66990
2128,person,0.9659939,127,15,271,357,66990,38640,0.285,2,38640_66990_2,38640_66990
2129,person,0.9632881,29,34,149,360,66990,38640,0.2263888888888889,1,38640_66990_1,38640_66990
2130,tie,0.52992594,336,120,368,202,66990,38640,0.0151851851851851,0,38640_66990_0,38640_66990
2131,person,0.9928341,288,4,461,353,67067,38640,0.3494039351851852,3,38640_67067_3,38640_67067
2132,person,0.9814166,26,27,149,360,67067,38640,0.23703125,0,38640_67067_0,38640_67067
2133,person,0.97607464,125,9,261,360,67067,38640,0.27625,1,38640_67067_1,38640_67067
2134,person,0.5723043999999999,46,0,204,356,67067,38640,0.3255092592592593,2,38640_67067_2,38640_67067
2135,person,0.9752146,112,5,469,353,67144,38640,0.7189583333333334,0,38640_67144_0,38640_67144
2136,person,0.95129424,178,1,470,358,67221,38640,0.6032638888888889,1,38640_67221_1,38640_67221
2137,person,0.6729400999999999,115,10,369,345,67221,38640,0.4924189814814815,0,38640_67221_0,38640_67221
2138,person,0.96134037,129,5,473,308,67298,38640,0.6031944444444445,1,38640_67298_1,38640_67298
2139,dining table,0.7235560000000001,0,218,423,360,67298,38640,0.3476041666666666,0,38640_67298_0,38640_67298
2140,person,0.9828888,174,33,405,274,67375,38640,0.3221701388888889,1,38640_67375_1,38640_67375
2141,person,0.59386003,88,14,102,38,67375,38640,0.0019444444444444,0,38640_67375_0,38640_67375
2142,person,0.9554237,135,6,319,205,67452,38640,0.2118981481481481,1,38640_67452_1,38640_67452
2143,person,0.68092966,3,103,69,255,67452,38640,0.0580555555555555,0,38640_67452_0,38640_67452
2144,person,0.9427996,139,11,306,208,67529,38640,0.1903877314814814,0,38640_67529_0,38640_67529
2145,dining table,0.62221175,27,200,353,360,67529,38640,0.3018518518518519,1,38640_67529_1,38640_67529
2146,person,0.96019804,82,26,188,223,67606,38640,0.1208449074074074,0,38640_67606_0,38640_67606
2147,person,0.9572257,256,56,384,344,67606,38640,0.2133333333333332,1,38640_67606_1,38640_67606
2148,dining table,0.6734247,36,165,258,335,67606,38640,0.2184027777777776,2,38640_67606_2,38640_67606
2149,person,0.97733897,96,64,163,250,67683,38640,0.0721180555555555,2,38640_67683_2,38640_67683
2150,person,0.9757195,208,34,329,336,67683,38640,0.2114699074074074,3,38640_67683_3,38640_67683
2151,person,0.8494094999999999,342,51,412,169,67683,38640,0.0478009259259259,1,38640_67683_1,38640_67683
2152,bowl,0.6905680000000001,344,161,430,193,67683,38640,0.0159259259259259,0,38640_67683_0,38640_67683
2153,person,0.98877025,199,64,342,349,67760,38640,0.2358506944444444,3,38640_67760_3,38640_67760
2154,person,0.98845774,106,58,195,256,67760,38640,0.1019791666666666,2,38640_67760_2,38640_67760
2155,person,0.70726866,365,54,438,167,67760,38640,0.0477372685185185,0,38640_67760_0,38640_67760
2156,person,0.7016551,298,56,357,209,67760,38640,0.0522395833333333,1,38640_67760_1,38640_67760
2157,person,0.99583995,216,26,352,353,67837,38640,0.2573611111111111,3,38640_67837_3,38640_67837
2158,person,0.98606366,107,60,195,258,67837,38640,0.1008333333333333,2,38640_67837_2,38640_67837
2159,person,0.783712,369,57,443,166,67837,38640,0.0466782407407407,1,38640_67837_1,38640_67837
2160,person,0.5213515000000001,314,68,370,163,67837,38640,0.030787037037037,0,38640_67837_0,38640_67837
2161,person,0.9937757,192,30,323,354,67914,38640,0.245625,3,38640_67914_3,38640_67914
2162,person,0.8304279,356,56,434,176,67914,38640,0.0541666666666666,1,38640_67914_1,38640_67914
2163,person,0.5806374,301,68,354,171,67914,38640,0.0315914351851851,0,38640_67914_0,38640_67914
2164,person,0.5134952,156,64,229,232,67914,38640,0.0709722222222222,2,38640_67914_2,38640_67914
2165,person,0.9948886,135,28,272,360,67991,38640,0.2632175925925926,0,38640_67991_0,38640_67991
2166,person,0.8730427,43,9,352,355,68068,38640,0.6187152777777778,0,38640_68068_0,38640_68068
2167,person,0.9961106,136,14,328,360,68145,38640,0.3844444444444444,1,38640_68145_1,38640_68145
2168,person,0.55242616,16,45,112,121,68145,38640,0.0422222222222222,0,38640_68145_0,38640_68145
2169,person,0.9852481,24,58,131,351,68222,38640,0.181429398148148,0,38640_68222_0,38640_68222
2170,person,0.98198617,307,30,439,356,68222,38640,0.2490277777777777,2,38640_68222_2,38640_68222
2171,person,0.97239065,143,39,256,354,68222,38640,0.2059895833333333,1,38640_68222_1,38640_68222
2172,person,0.9938885,19,18,130,352,68299,38640,0.2145486111111111,2,38640_68299_2,38640_68299
2173,person,0.9833144,150,51,254,355,68299,38640,0.1829629629629629,0,38640_68299_0,38640_68299
2174,person,0.9784169,329,22,460,359,68299,38640,0.2554803240740741,3,38640_68299_3,38640_68299
2175,person,0.9610201,234,44,344,356,68299,38640,0.1986111111111111,1,38640_68299_1,38640_68299
2176,person,0.99190146,25,14,132,356,68376,38640,0.2117708333333332,1,38640_68376_1,38640_68376
2177,person,0.97729754,322,33,447,356,68376,38640,0.2336516203703704,2,38640_68376_2,38640_68376
2178,person,0.9771335,208,37,336,355,68376,38640,0.2355555555555555,3,38640_68376_3,38640_68376
2179,person,0.9594796999999998,136,52,234,355,68376,38640,0.1718402777777777,0,38640_68376_0,38640_68376
2180,person,0.9793178,340,38,471,357,68453,38640,0.2418344907407408,3,38640_68453_3,38640_68453
2181,person,0.9515213,17,143,194,351,68453,38640,0.2130555555555555,2,38640_68453_2,38640_68453
2182,person,0.9086014,193,69,303,352,68453,38640,0.1801504629629629,1,38640_68453_1,38640_68453
2183,person,0.88589555,136,92,229,333,68453,38640,0.1297048611111111,0,38640_68453_0,38640_68453
2184,person,0.99858665,11,37,150,360,68530,38640,0.2598206018518518,2,38640_68530_2,38640_68530
2185,person,0.9953205,298,35,454,358,68530,38640,0.2915972222222222,3,38640_68530_3,38640_68530
2186,person,0.9551439,163,71,269,349,68530,38640,0.1705324074074074,1,38640_68530_1,38640_68530
2187,person,0.57551193,279,0,354,143,68530,38640,0.0620659722222222,0,38640_68530_0,38640_68530
2188,person,0.9901732,280,28,409,360,68607,38640,0.2478472222222222,2,38640_68607_2,38640_68607
2189,person,0.98704576,97,23,205,356,68607,38640,0.208125,0,38640_68607_0,38640_68607
2190,person,0.9782321,172,43,304,350,68607,38640,0.2345138888888889,1,38640_68607_1,38640_68607
2191,person,0.98630536,83,52,234,360,68684,38640,0.2691435185185185,1,38640_68684_1,38640_68684
2192,person,0.98345804,272,25,470,356,68684,38640,0.3792708333333333,2,38640_68684_2,38640_68684
2193,person,0.9769537,1,0,106,352,68684,38640,0.2138888888888888,0,38640_68684_0,38640_68684
2194,person,0.9825143,262,15,464,358,68761,38640,0.4009606481481481,2,38640_68761_2,38640_68761
2195,person,0.97011584,78,60,242,353,68761,38640,0.2780787037037037,1,38640_68761_1,38640_68761
2196,person,0.9383911,2,0,108,349,68761,38640,0.214085648148148,0,38640_68761_0,38640_68761
2197,person,0.9883746,275,24,468,355,68838,38640,0.369693287037037,3,38640_68838_3,38640_68838
2198,person,0.9704882,80,56,236,355,68838,38640,0.2699305555555556,1,38640_68838_1,38640_68838
2199,person,0.9643887,1,0,129,353,68838,38640,0.2614814814814815,0,38640_68838_0,38640_68838
2200,person,0.7178104999999999,47,32,201,360,68838,38640,0.2923148148148148,2,38640_68838_2,38640_68838
2201,person,0.9818132,279,21,461,359,68915,38640,0.3559953703703704,2,38640_68915_2,38640_68915
2202,person,0.95770913,73,62,228,350,68915,38640,0.2583333333333333,0,38640_68915_0,38640_68915
2203,person,0.94854385,3,9,134,360,68915,38640,0.26609375,1,38640_68915_1,38640_68915
2204,person,0.9957984,189,63,296,333,68992,38640,0.1671875,3,38640_68992_3,38640_68992
2205,person,0.9839333,91,63,186,338,68992,38640,0.1511863425925926,2,38640_68992_2,38640_68992
2206,chair,0.7688505999999999,295,151,402,274,68992,38640,0.0761631944444444,1,38640_68992_1,38640_68992
2207,potted plant,0.6461395999999999,2,130,58,236,68992,38640,0.0343518518518518,0,38640_68992_0,38640_68992
2208,person,0.9892503,74,48,180,358,69069,38640,0.190162037037037,2,38640_69069_2,38640_69069
2209,person,0.975878,244,117,396,359,69069,38640,0.2128703703703704,3,38640_69069_3,38640_69069
2210,person,0.96242326,158,77,245,345,69069,38640,0.1349305555555555,1,38640_69069_1,38640_69069
2211,dining table,0.52358925,347,297,477,344,69069,38640,0.0353587962962963,0,38640_69069_0,38640_69069
2212,person,0.9802304,261,37,388,360,69146,38640,0.2373900462962963,2,38640_69146_2,38640_69146
2213,person,0.9799881,85,23,179,355,69146,38640,0.1806018518518518,1,38640_69146_1,38640_69146
2214,person,0.96930873,163,44,259,356,69146,38640,0.1733333333333333,0,38640_69146_0,38640_69146
2215,person,0.9874715,76,7,175,360,69223,38640,0.2022395833333333,0,38640_69223_0,38640_69223
2216,person,0.9827723,268,28,398,360,69223,38640,0.2497685185185185,2,38640_69223_2,38640_69223
2217,person,0.9642915,157,38,272,360,69223,38640,0.2142939814814815,1,38640_69223_1,38640_69223
2218,person,0.99137247,5,5,160,349,69300,38640,0.3085648148148148,2,38640_69300_2,38640_69300
2219,person,0.9892391,174,44,393,360,69300,38640,0.4004861111111111,4,38640_69300_4,38640_69300
2220,person,0.92839676,293,0,477,360,69300,38640,0.3833333333333333,3,38640_69300_3,38640_69300
2221,tie,0.6739567,87,147,131,267,69300,38640,0.0305555555555555,1,38640_69300_1,38640_69300
2222,tie,0.5239414000000001,81,143,120,242,69300,38640,0.02234375,0,38640_69300_0,38640_69300
2223,person,0.98662114,2,6,165,344,69377,38640,0.3188310185185185,1,38640_69377_1,38640_69377
2224,person,0.9327776,223,29,366,357,69377,38640,0.2714351851851852,0,38640_69377_0,38640_69377
2225,person,0.9101391,277,0,478,353,69377,38640,0.4106076388888889,2,38640_69377_2,38640_69377
2226,person,0.99212813,0,11,169,349,69454,38640,0.3305671296296296,0,38640_69454_0,38640_69454
2227,person,0.9804431999999998,257,7,475,358,69454,38640,0.4428125,2,38640_69454_2,38640_69454
2228,person,0.9244026,187,49,381,355,69454,38640,0.3435416666666667,1,38640_69454_1,38640_69454
2229,person,0.9918508,3,8,175,347,69531,38640,0.3374305555555556,1,38640_69531_1,38640_69531
2230,person,0.9887157,162,43,381,360,69531,38640,0.4017534722222222,2,38640_69531_2,38640_69531
2231,person,0.9570136,350,0,476,358,69531,38640,0.2610416666666667,0,38640_69531_0,38640_69531
2232,person,0.98732543,252,29,478,353,69608,38640,0.42375,3,38640_69608_3,38640_69608
2233,person,0.9480172,11,19,212,355,69608,38640,0.3908333333333333,2,38640_69608_2,38640_69608
2234,person,0.87786466,110,50,252,352,69608,38640,0.2481712962962963,1,38640_69608_1,38640_69608
2235,handbag,0.6002010999999999,156,185,249,352,69608,38640,0.0898784722222222,0,38640_69608_0,38640_69608
2236,person,0.98693013,262,22,478,360,69685,38640,0.4225,3,38640_69685_3,38640_69685
2237,person,0.97407204,4,0,178,353,69685,38640,0.3554513888888889,2,38640_69685_2,38640_69685
2238,person,0.96882385,116,51,268,350,69685,38640,0.2630092592592593,0,38640_69685_0,38640_69685
2239,person,0.7888553,55,14,222,360,69685,38640,0.3343865740740741,1,38640_69685_1,38640_69685
2240,person,0.9930248,31,8,378,360,69762,38640,0.7068518518518518,3,38640_69762_3,38640_69762
2241,tie,0.97519255,140,199,184,350,69762,38640,0.038449074074074,0,38640_69762_0,38640_69762
2242,person,0.7826166999999999,368,84,476,344,69762,38640,0.1625,2,38640_69762_2,38640_69762
2243,person,0.71869177,405,76,480,300,69762,38640,0.0972222222222222,1,38640_69762_1,38640_69762
2244,person,0.9919629,307,37,451,360,69839,38640,0.2691666666666667,2,38640_69839_2,38640_69839
2245,person,0.9890848,65,12,226,355,69839,38640,0.3195775462962963,3,38640_69839_3,38640_69839
2246,person,0.9858726,188,55,322,360,69839,38640,0.2365162037037037,1,38640_69839_1,38640_69839
2247,tie,0.57030076,101,106,127,192,69839,38640,0.0129398148148148,0,38640_69839_0,38640_69839
2248,person,0.99011445,74,12,233,354,69916,38640,0.3146875,2,38640_69916_2,38640_69916
2249,person,0.98998344,327,36,474,360,69916,38640,0.275625,1,38640_69916_1,38640_69916
2250,person,0.9843088,200,55,326,356,69916,38640,0.2194791666666666,0,38640_69916_0,38640_69916
2251,person,0.9957509,124,73,376,351,69993,38640,0.4054166666666666,1,38640_69993_1,38640_69993
2252,toilet,0.75280344,73,265,159,358,69993,38640,0.0462847222222222,0,38640_69993_0,38640_69993
2253,person,0.9946801,95,98,328,352,70070,38640,0.3424884259259259,0,38640_70070_0,38640_70070
2254,person,0.9911555,22,35,237,352,70147,38640,0.3944155092592593,1,38640_70147_1,38640_70147
2255,person,0.98608714,217,20,459,353,70147,38640,0.4663541666666667,2,38640_70147_2,38640_70147
2256,tie,0.80475324,332,144,357,216,70147,38640,0.0104166666666666,0,38640_70147_0,38640_70147
2257,person,0.99518824,113,26,412,357,70224,38640,0.5727372685185185,1,38640_70224_1,38640_70224
2258,tie,0.9659466,216,153,278,345,70224,38640,0.0688888888888888,0,38640_70224_0,38640_70224
2259,person,0.98389727,116,9,387,357,70301,38640,0.5457638888888889,1,38640_70301_1,38640_70301
2260,tie,0.9745525,193,141,241,343,70301,38640,0.0561111111111111,0,38640_70301_0,38640_70301
2261,person,0.98560506,140,20,419,355,70378,38640,0.5408854166666667,2,38640_70378_2,38640_70378
2262,tie,0.9561526,231,170,273,347,70378,38640,0.0430208333333333,0,38640_70378_0,38640_70378
2263,tie,0.6868152,226,112,282,344,70378,38640,0.0751851851851851,1,38640_70378_1,38640_70378
2264,person,0.9908433,132,19,404,357,70455,38640,0.5320370370370371,0,38640_70455_0,38640_70455
2265,person,0.9887505,128,28,413,355,70532,38640,0.5393229166666667,1,38640_70532_1,38640_70532
2266,tie,0.7156060000000001,224,172,266,349,70532,38640,0.0430208333333333,0,38640_70532_0,38640_70532
2267,person,0.9925357,136,19,403,358,70609,38640,0.5238020833333333,3,38640_70609_3,38640_70609
2268,tie,0.83253014,221,169,262,341,70609,38640,0.0408101851851851,1,38640_70609_1,38640_70609
2269,tie,0.6384441,215,147,278,338,70609,38640,0.0696354166666666,2,38640_70609_2,38640_70609
2270,sports ball,0.6215516999999999,218,141,248,168,70609,38640,0.0046875,0,38640_70609_0,38640_70609
2271,person,0.99056,21,50,240,353,70686,38640,0.3840104166666667,4,38640_70686_4,38640_70686
2272,person,0.98917437,224,11,467,355,70686,38640,0.48375,5,38640_70686_5,38640_70686
2273,tie,0.8356573,330,146,356,204,70686,38640,0.0087268518518518,1,38640_70686_1,38640_70686
2274,tie,0.6739079000000001,324,148,348,205,70686,38640,0.0079166666666666,0,38640_70686_0,38640_70686
2275,tie,0.52120215,326,140,353,222,70686,38640,0.0128125,2,38640_70686_2,38640_70686
2276,person,0.5182973,440,85,473,161,70686,38640,0.0145138888888888,3,38640_70686_3,38640_70686
2277,person,0.9764498,105,0,428,354,71071,38640,0.6617013888888889,0,38640_71071_0,38640_71071
2278,person,0.9770736,108,0,430,352,71148,38640,0.6559259259259259,0,38640_71148_0,38640_71148
2279,person,0.98482776,100,9,437,356,71225,38640,0.6767303240740741,1,38640_71225_1,38640_71225
2280,tie,0.5095002000000001,246,180,280,271,71225,38640,0.0179050925925925,0,38640_71225_0,38640_71225
2281,person,0.88799524,160,18,381,348,71302,38640,0.4220486111111112,2,38640_71302_2,38640_71302
2282,person,0.83101064,286,147,419,355,71302,38640,0.1600925925925926,1,38640_71302_1,38640_71302
2283,person,0.7049177,393,157,424,231,71302,38640,0.0132754629629629,0,38640_71302_0,38640_71302
2284,person,0.94169843,5,37,155,354,71379,38640,0.2751736111111111,4,38640_71379_4,38640_71379
2285,person,0.9013289,1,31,94,356,71379,38640,0.1749131944444444,2,38640_71379_2,38640_71379
2286,person,0.73397064,247,169,358,360,71379,38640,0.1226909722222222,1,38640_71379_1,38640_71379
2287,person,0.614718,176,136,273,352,71379,38640,0.12125,0,38640_71379_0,38640_71379
2288,person,0.57373285,229,37,383,283,71379,38640,0.2192361111111111,3,38640_71379_3,38640_71379
2289,person,0.83322686,10,61,128,270,71456,38640,0.1427199074074074,3,38640_71456_3,38640_71456
2290,person,0.8023246999999999,15,63,169,314,71456,38640,0.2236921296296296,4,38640_71456_4,38640_71456
2291,person,0.7055236,373,139,469,286,71456,38640,0.0816666666666666,2,38640_71456_2,38640_71456
2292,person,0.55763835,127,149,204,249,71456,38640,0.0445601851851851,1,38640_71456_1,38640_71456
2293,person,0.50569654,155,80,213,156,71456,38640,0.0255092592592592,0,38640_71456_0,38640_71456
2294,person,0.7832104,140,86,228,356,71533,38640,0.1375,3,38640_71533_3,38640_71533
2295,person,0.75471246,279,137,353,255,71533,38640,0.0505324074074074,1,38640_71533_1,38640_71533
2296,person,0.6763985,12,117,181,335,71533,38640,0.2132060185185185,4,38640_71533_4,38640_71533
2297,person,0.56338966,366,71,426,200,71533,38640,0.0447916666666666,0,38640_71533_0,38640_71533
2298,person,0.55915487,8,71,71,223,71533,38640,0.0554166666666666,2,38640_71533_2,38640_71533
2299,person,0.8274546999999999,5,144,167,349,71610,38640,0.1921875,3,38640_71610_3,38640_71610
2300,person,0.7440901,134,123,190,335,71610,38640,0.0687037037037037,2,38640_71610_2,38640_71610
2301,person,0.56230974,8,80,69,205,71610,38640,0.0441261574074074,1,38640_71610_1,38640_71610
2302,person,0.51326007,388,93,440,174,71610,38640,0.024375,0,38640_71610_0,38640_71610
2303,person,0.99539703,290,17,471,360,71687,38640,0.3592766203703704,4,38640_71687_4,38640_71687
2304,person,0.9809107,12,0,178,358,71687,38640,0.343912037037037,3,38640_71687_3,38640_71687
2305,person,0.96891606,141,129,321,357,71687,38640,0.2375,2,38640_71687_2,38640_71687
2306,tie,0.75446916,346,111,368,182,71687,38640,0.0090393518518518,1,38640_71687_1,38640_71687
2307,tie,0.6040893,352,110,371,162,71687,38640,0.0057175925925925,0,38640_71687_0,38640_71687
2308,person,0.8159748,3,81,50,219,71764,38640,0.0375347222222222,3,38640_71764_3,38640_71764
2309,person,0.7807478,4,102,135,354,71764,38640,0.1910416666666666,6,38640_71764_6,38640_71764
2310,person,0.7391776,126,78,194,329,71764,38640,0.0987731481481481,5,38640_71764_5,38640_71764
2311,person,0.6025203,380,92,433,175,71764,38640,0.0254571759259259,0,38640_71764_0,38640_71764
2312,person,0.53333986,260,146,312,252,71764,38640,0.0318981481481481,2,38640_71764_2,38640_71764
2313,person,0.5277381999999999,419,70,476,343,71764,38640,0.0900520833333333,4,38640_71764_4,38640_71764
2314,person,0.51353407,208,152,264,237,71764,38640,0.0275462962962962,1,38640_71764_1,38640_71764
2315,person,0.7695403000000001,2,127,114,354,71841,38640,0.1471296296296296,3,38640_71841_3,38640_71841
2316,person,0.6321753999999999,249,139,326,256,71841,38640,0.0521354166666666,2,38640_71841_2,38640_71841
2317,person,0.59263146,384,91,437,177,71841,38640,0.0263773148148148,0,38640_71841_0,38640_71841
2318,person,0.5235065,323,80,374,188,71841,38640,0.031875,1,38640_71841_1,38640_71841
2319,person,0.74101716,145,131,210,334,71918,38640,0.0763599537037037,4,38640_71918_4,38640_71918
2320,person,0.72468734,5,144,155,344,71918,38640,0.1736111111111111,5,38640_71918_5,38640_71918
2321,person,0.7153166999999999,40,94,98,211,71918,38640,0.0392708333333333,2,38640_71918_2,38640_71918
2322,person,0.62010837,251,140,317,250,71918,38640,0.0420138888888888,3,38640_71918_3,38640_71918
2323,car,0.6069425,206,168,260,248,71918,38640,0.025,0,38640_71918_0,38640_71918
2324,person,0.54951614,314,76,369,191,71918,38640,0.0366030092592592,1,38640_71918_1,38640_71918
2325,person,0.95297986,227,79,303,308,71995,38640,0.1007175925925926,2,38640_71995_2,38640_71995
2326,person,0.9381377,5,151,162,353,71995,38640,0.1835300925925926,3,38640_71995_3,38640_71995
2327,person,0.5849094,385,94,439,172,71995,38640,0.024375,0,38640_71995_0,38640_71995
2328,person,0.5029286000000001,320,79,372,198,71995,38640,0.0358101851851851,1,38640_71995_1,38640_71995
2329,person,0.975541,233,79,309,302,72072,38640,0.0980787037037037,3,38640_72072_3,38640_72072
2330,person,0.95295614,4,147,146,355,72072,38640,0.1709259259259259,5,38640_72072_5,38640_72072
2331,person,0.7661103,121,78,195,350,72072,38640,0.1164814814814814,4,38640_72072_4,38640_72072
2332,person,0.58011645,383,88,435,173,72072,38640,0.0255787037037037,0,38640_72072_0,38640_72072
2333,person,0.5234325,72,88,122,209,72072,38640,0.035011574074074,1,38640_72072_1,38640_72072
2334,person,0.50637144,118,78,189,236,72072,38640,0.0649189814814814,2,38640_72072_2,38640_72072
2335,person,0.9630556,233,79,305,301,72149,38640,0.0925,1,38640_72149_1,38640_72149
2336,person,0.8894905000000001,5,149,148,349,72149,38640,0.1655092592592592,2,38640_72149_2,38640_72149
2337,person,0.58247644,78,116,125,204,72149,38640,0.0239351851851851,0,38640_72149_0,38640_72149
2338,person,0.97407544,233,75,308,302,72226,38640,0.0985243055555555,2,38640_72226_2,38640_72226
2339,person,0.81885797,6,153,147,356,72226,38640,0.1656423611111111,3,38640_72226_3,38640_72226
2340,person,0.6160502,121,78,189,245,72226,38640,0.0657175925925925,1,38640_72226_1,38640_72226
2341,person,0.5312514,388,98,434,169,72226,38640,0.0189004629629629,0,38640_72226_0,38640_72226
2342,person,0.9946327,215,0,440,357,72303,38640,0.46484375,3,38640_72303_3,38640_72303
2343,person,0.9892384,39,164,214,357,72303,38640,0.195457175925926,2,38640_72303_2,38640_72303
2344,tie,0.91974723,317,105,340,155,72303,38640,0.0066550925925925,0,38640_72303_0,38640_72303
2345,bottle,0.66711885,162,138,227,284,72303,38640,0.0549189814814814,1,38640_72303_1,38640_72303
2346,person,0.9927781,4,33,218,348,72380,38640,0.3901041666666665,1,38640_72380_1,38640_72380
2347,person,0.987909,253,52,473,322,72380,38640,0.34375,0,38640_72380_0,38640_72380
2348,person,0.9890058,0,35,219,349,72457,38640,0.3979513888888889,2,38640_72457_2,38640_72457
2349,person,0.98174024,257,52,472,316,72457,38640,0.3284722222222222,1,38640_72457_1,38640_72457
2350,tie,0.5822783,77,132,95,218,72457,38640,0.0089583333333333,0,38640_72457_0,38640_72457
2351,person,0.8500073,376,30,475,338,72534,38640,0.1764583333333333,2,38640_72534_2,38640_72534
2352,person,0.8429072,238,29,387,267,72534,38640,0.2052199074074074,3,38640_72534_3,38640_72534
2353,person,0.8326139000000001,44,56,127,201,72534,38640,0.0696469907407407,1,38640_72534_1,38640_72534
2354,person,0.75607145,11,146,89,246,72534,38640,0.0451388888888888,0,38640_72534_0,38640_72534
2355,person,0.92645794,231,20,359,328,72611,38640,0.2281481481481481,4,38640_72611_4,38640_72611
2356,person,0.8462120999999999,36,28,154,189,72611,38640,0.1099421296296296,1,38640_72611_1,38640_72611
2357,person,0.8280175999999999,380,43,472,324,72611,38640,0.1496064814814814,2,38640_72611_2,38640_72611
2358,person,0.680611,352,160,394,269,72611,38640,0.0264930555555555,0,38640_72611_0,38640_72611
2359,person,0.5358285,18,27,168,251,72611,38640,0.1944444444444444,3,38640_72611_3,38640_72611
2360,person,0.94705844,382,44,472,333,72688,38640,0.1505208333333333,2,38640_72688_2,38640_72688
2361,person,0.94643164,232,25,358,346,72688,38640,0.2340625,4,38640_72688_4,38640_72688
2362,person,0.8261988000000001,2,23,100,339,72688,38640,0.1792129629629629,3,38640_72688_3,38640_72688
2363,person,0.5203662,54,72,106,160,72688,38640,0.0264814814814814,0,38640_72688_0,38640_72688
2364,person,0.50587887,9,30,75,285,72688,38640,0.0973958333333333,1,38640_72688_1,38640_72688
2365,person,0.9863712,232,29,363,352,72765,38640,0.2448668981481481,2,38640_72765_2,38640_72765
2366,person,0.85821885,388,47,472,311,72765,38640,0.1283333333333333,0,38640_72765_0,38640_72765
2367,person,0.8355478999999999,10,28,158,291,72765,38640,0.2252546296296296,1,38640_72765_1,38640_72765
2368,person,0.9232676,223,25,384,341,72842,38640,0.2944212962962963,6,38640_72842_6,38640_72842
2369,person,0.8149605999999999,0,31,88,323,72842,38640,0.1487037037037037,2,38640_72842_2,38640_72842
2370,person,0.7685630999999999,265,26,420,344,72842,38640,0.2852430555555556,5,38640_72842_5,38640_72842
2371,person,0.66136926,325,32,421,305,72842,38640,0.1516666666666666,3,38640_72842_3,38640_72842
2372,person,0.64253247,127,63,226,192,72842,38640,0.07390625,0,38640_72842_0,38640_72842
2373,person,0.61890167,54,54,130,234,72842,38640,0.0791666666666666,1,38640_72842_1,38640_72842
2374,person,0.57546693,111,72,238,349,72842,38640,0.2035821759259259,4,38640_72842_4,38640_72842
2375,person,0.9221984,1,32,129,322,72919,38640,0.2148148148148148,4,38640_72919_4,38640_72919
2376,person,0.8780058000000001,119,43,308,338,72919,38640,0.32265625,5,38640_72919_5,38640_72919
2377,person,0.76696986,361,52,477,353,72919,38640,0.2020601851851852,3,38640_72919_3,38640_72919
2378,person,0.6327305999999999,56,53,132,263,72919,38640,0.0923611111111111,0,38640_72919_0,38640_72919
2379,person,0.62624323,272,16,385,275,72919,38640,0.1693692129629629,2,38640_72919_2,38640_72919
2380,person,0.5329524,6,37,100,260,72919,38640,0.1213078703703703,1,38640_72919_1,38640_72919
2381,person,0.7036858,192,59,303,188,72996,38640,0.0828645833333333,0,38640_72996_0,38640_72996
2382,person,0.6622313,2,27,97,297,72996,38640,0.1484375,2,38640_72996_2,38640_72996
2383,person,0.6579798000000001,185,56,312,336,72996,38640,0.205787037037037,4,38640_72996_4,38640_72996
2384,person,0.6085432,94,50,266,339,72996,38640,0.2876620370370369,5,38640_72996_5,38640_72996
2385,person,0.56189364,369,52,476,350,72996,38640,0.1845254629629629,3,38640_72996_3,38640_72996
2386,person,0.5094098,278,14,371,169,72996,38640,0.0834201388888888,1,38640_72996_1,38640_72996
2387,person,0.91858244,3,32,100,310,73073,38640,0.1560532407407407,3,38640_73073_3,38640_73073
2388,person,0.8703189,94,16,251,353,73073,38640,0.3061863425925926,7,38640_73073_7,38640_73073
2389,person,0.81212026,190,58,307,182,73073,38640,0.0839583333333333,0,38640_73073_0,38640_73073
2390,person,0.73911566,275,15,377,261,73073,38640,0.1452083333333333,2,38640_73073_2,38640_73073
2391,person,0.6958208,172,58,309,347,73073,38640,0.2291261574074074,6,38640_73073_6,38640_73073
2392,person,0.63753164,370,32,473,352,73073,38640,0.1907407407407407,5,38640_73073_5,38640_73073
2393,person,0.62517023,87,16,194,274,73073,38640,0.1597569444444444,4,38640_73073_4,38640_73073
2394,person,0.53816545,407,42,475,344,73073,38640,0.1188425925925926,1,38640_73073_1,38640_73073
2395,person,0.9159758,91,16,281,353,73150,38640,0.3705439814814815,6,38640_73150_6,38640_73150
2396,person,0.88451385,10,20,91,318,73150,38640,0.1396875,3,38640_73150_3,38640_73150
2397,person,0.7373978,189,53,308,212,73150,38640,0.1094965277777777,2,38640_73150_2,38640_73150
2398,person,0.6991473000000001,279,15,371,177,73150,38640,0.08625,0,38640_73150_0,38640_73150
2399,person,0.5859751999999999,371,50,476,357,73150,38640,0.1865451388888888,4,38640_73150_4,38640_73150
2400,person,0.5290722,180,49,312,338,73150,38640,0.2207638888888889,5,38640_73150_5,38640_73150
2401,person,0.5261486999999999,5,36,97,227,73150,38640,0.1016898148148148,1,38640_73150_1,38640_73150
2402,person,0.9140798,98,20,284,355,73227,38640,0.3605902777777778,4,38640_73227_4,38640_73227
2403,person,0.7646973000000001,191,57,307,217,73227,38640,0.1074074074074074,1,38640_73227_1,38640_73227
2404,person,0.7129121999999999,6,33,94,251,73227,38640,0.1110185185185185,2,38640_73227_2,38640_73227
2405,person,0.64741486,283,19,366,151,73227,38640,0.0634027777777777,0,38640_73227_0,38640_73227
2406,person,0.5200322000000001,367,41,475,356,73227,38640,0.196875,3,38640_73227_3,38640_73227
2407,person,0.9372785,188,60,329,349,73304,38640,0.2358159722222222,4,38640_73304_4,38640_73304
2408,person,0.8894859,10,32,97,285,73304,38640,0.1273784722222222,1,38640_73304_1,38640_73304
2409,person,0.8646687,84,9,272,315,73304,38640,0.3329166666666667,5,38640_73304_5,38640_73304
2410,person,0.7144106,343,52,475,352,73304,38640,0.2291666666666666,3,38640_73304_3,38640_73304
2411,person,0.6028339,280,20,355,159,73304,38640,0.0603298611111111,0,38640_73304_0,38640_73304
2412,person,0.595741,191,59,316,252,73304,38640,0.1396122685185185,2,38640_73304_2,38640_73304
2413,person,0.9281234,88,15,265,353,73381,38640,0.3462152777777778,6,38640_73381_6,38640_73381
2414,person,0.91842383,3,31,94,280,73381,38640,0.1311284722222222,2,38640_73381_2,38640_73381
2415,person,0.7971132,184,60,314,340,73381,38640,0.2106481481481481,5,38640_73381_5,38640_73381
2416,person,0.7790905,361,52,475,353,73381,38640,0.1985763888888889,4,38640_73381_4,38640_73381
2417,person,0.75584567,189,60,310,229,73381,38640,0.1183391203703703,1,38640_73381_1,38640_73381
2418,person,0.5854559,281,16,360,157,73381,38640,0.0644618055555555,0,38640_73381_0,38640_73381
2419,person,0.5682772,83,14,195,275,73381,38640,0.1691666666666666,3,38640_73381_3,38640_73381
2420,person,0.9793053,4,75,185,328,73458,38640,0.265005787037037,1,38640_73458_1,38640_73458
2421,person,0.93729985,304,48,475,333,73458,38640,0.28203125,2,38640_73458_2,38640_73458
2422,person,0.80262816,146,1,310,248,73458,38640,0.2344212962962963,0,38640_73458_0,38640_73458
2423,person,0.9833908,3,77,180,342,73535,38640,0.2714409722222222,0,38640_73535_0,38640_73535
2424,person,0.9348872,298,45,478,323,73535,38640,0.2895833333333333,1,38640_73535_1,38640_73535
2425,person,0.87239367,139,0,293,327,73535,38640,0.2914236111111111,2,38640_73535_2,38640_73535
2426,person,0.9772157,4,76,188,349,73612,38640,0.2906944444444444,2,38640_73612_2,38640_73612
2427,person,0.96736574,261,51,477,357,73612,38640,0.3825,4,38640_73612_4,38640_73612
2428,person,0.91787946,139,0,316,349,73612,38640,0.3574826388888889,3,38640_73612_3,38640_73612
2429,tie,0.80835843,345,173,372,239,73612,38640,0.0103125,0,38640_73612_0,38640_73612
2430,person,0.501583,141,0,279,222,73612,38640,0.1772916666666666,1,38640_73612_1,38640_73612
2431,person,0.9908545,311,38,477,355,73689,38640,0.3045254629629629,1,38640_73689_1,38640_73689
2432,person,0.9748218,7,60,178,347,73689,38640,0.2840104166666666,0,38640_73689_0,38640_73689
2433,person,0.9612235999999998,128,0,307,355,73689,38640,0.3677372685185185,2,38640_73689_2,38640_73689
2434,person,0.980993,294,55,464,360,73766,38640,0.3000578703703703,2,38640_73766_2,38640_73766
2435,person,0.6728824000000001,88,21,327,348,73766,38640,0.4522743055555555,3,38640_73766_3,38640_73766
2436,laptop,0.62748086,173,121,311,231,73766,38640,0.0878472222222222,0,38640_73766_0,38640_73766
2437,person,0.52470744,191,17,321,141,73766,38640,0.093287037037037,1,38640_73766_1,38640_73766
2438,person,0.9509304,269,0,477,360,73843,38640,0.4333333333333333,3,38640_73843_3,38640_73843
2439,person,0.9435211,78,58,166,338,73843,38640,0.1425925925925926,1,38640_73843_1,38640_73843
2440,person,0.926494,144,33,260,324,73843,38640,0.1953472222222222,2,38640_73843_2,38640_73843
2441,person,0.7773201,280,41,364,180,73843,38640,0.0675694444444444,0,38640_73843_0,38640_73843
2442,person,0.9417385,25,41,143,360,73920,38640,0.2178356481481481,0,38640_73920_0,38640_73920
2443,person,0.9321068,270,0,475,354,73920,38640,0.4199652777777777,2,38640_73920_2,38640_73920
2444,person,0.9079212,184,34,348,289,73920,38640,0.2420138888888889,1,38640_73920_1,38640_73920
2445,person,0.9722082,13,33,122,352,73997,38640,0.2012210648148148,2,38640_73997_2,38640_73997
2446,person,0.9340775,223,35,323,242,73997,38640,0.1197916666666666,1,38640_73997_1,38640_73997
2447,person,0.9082433,268,0,474,354,73997,38640,0.4220138888888889,3,38640_73997_3,38640_73997
2448,person,0.5178168,152,45,240,270,73997,38640,0.1145833333333333,0,38640_73997_0,38640_73997
2449,person,0.9842121,10,40,142,357,74074,38640,0.2421527777777777,3,38640_74074_3,38640_74074
2450,person,0.95925736,255,0,477,360,74074,38640,0.4625,4,38640_74074_4,38640_74074
2451,person,0.89597154,223,43,327,248,74074,38640,0.1233796296296296,1,38640_74074_1,38640_74074
2452,person,0.66836655,106,58,163,321,74074,38640,0.0867534722222222,0,38640_74074_0,38640_74074
2453,person,0.54051983,144,48,242,283,74074,38640,0.1332754629629629,2,38640_74074_2,38640_74074
2454,person,0.98428416,12,43,138,354,74151,38640,0.2267708333333333,2,38640_74151_2,38640_74151
2455,person,0.89671516,225,39,325,251,74151,38640,0.1226851851851852,0,38640_74151_0,38640_74151
2456,person,0.86264044,241,0,480,356,74151,38640,0.4923842592592593,3,38640_74151_3,38640_74151
2457,person,0.666277,146,41,243,293,74151,38640,0.1414583333333333,1,38640_74151_1,38640_74151
2458,person,0.95719564,13,42,135,353,74228,38640,0.2195717592592592,1,38640_74228_1,38640_74228
2459,person,0.93792176,256,0,476,353,74228,38640,0.4494212962962963,2,38640_74228_2,38640_74228
2460,person,0.88752186,224,44,327,237,74228,38640,0.1150405092592592,0,38640_74228_0,38640_74228
2461,person,0.96348685,8,39,137,355,74305,38640,0.2359027777777777,3,38640_74305_3,38640_74305
2462,person,0.9426346,278,0,475,360,74305,38640,0.4104166666666666,4,38640_74305_4,38640_74305
2463,person,0.82062304,222,39,331,262,74305,38640,0.1406655092592592,2,38640_74305_2,38640_74305
2464,person,0.57788086,156,41,243,292,74305,38640,0.1263715277777777,1,38640_74305_1,38640_74305
2465,person,0.50565153,156,47,242,194,74305,38640,0.0731597222222222,0,38640_74305_0,38640_74305
2466,person,0.9659664,11,39,135,356,74382,38640,0.2274768518518518,2,38640_74382_2,38640_74382
2467,person,0.8944037,272,0,473,356,74382,38640,0.4140972222222222,3,38640_74382_3,38640_74382
2468,person,0.850248,223,40,331,242,74382,38640,0.12625,1,38640_74382_1,38640_74382
2469,person,0.6476006999999999,146,45,237,154,74382,38640,0.0574016203703703,0,38640_74382_0,38640_74382
2470,person,0.9811539,221,2,464,349,74459,38640,0.48796875,1,38640_74459_1,38640_74459
2471,person,0.9579841999999998,57,9,290,358,74459,38640,0.4705844907407408,0,38640_74459_0,38640_74459
2472,person,0.9885315,160,7,457,353,74536,38640,0.5946875,1,38640_74536_1,38640_74536
2473,person,0.92399174,65,14,283,358,74536,38640,0.4339814814814815,0,38640_74536_0,38640_74536
2474,person,0.988025,172,2,459,351,74613,38640,0.5796469907407408,1,38640_74613_1,38640_74613
2475,person,0.9758415,39,3,278,360,74613,38640,0.4937673611111112,0,38640_74613_0,38640_74613
2476,person,0.60719377,74,9,377,356,74613,38640,0.6084548611111111,2,38640_74613_2,38640_74613
2477,person,0.995349,118,16,398,360,74690,38640,0.5574074074074075,1,38640_74690_1,38640_74690
2478,tie,0.9737481,233,168,265,241,74690,38640,0.0135185185185185,0,38640_74690_0,38640_74690
2479,person,0.9626301,113,0,411,357,74767,38640,0.6156597222222222,2,38640_74767_2,38640_74767
2480,person,0.9518696,376,208,476,358,74767,38640,0.0868055555555555,0,38640_74767_0,38640_74767
2481,person,0.9514041,3,69,142,357,74767,38640,0.2316666666666666,1,38640_74767_1,38640_74767
2482,person,0.9807459,345,71,434,340,74844,38640,0.1385474537037037,3,38640_74844_3,38640_74844
2483,person,0.95785075,220,43,359,359,74844,38640,0.2541898148148148,4,38640_74844_4,38640_74844
2484,person,0.9291287,5,54,72,333,74844,38640,0.1081770833333333,2,38640_74844_2,38640_74844
2485,person,0.65830636,84,150,173,259,74844,38640,0.0561400462962963,1,38640_74844_1,38640_74844
2486,person,0.5301564000000001,148,139,213,229,74844,38640,0.0338541666666666,0,38640_74844_0,38640_74844
2487,person,0.97316736,69,36,244,340,74921,38640,0.3078703703703703,3,38640_74921_3,38640_74921
2488,person,0.96007454,236,56,377,332,74921,38640,0.2252083333333333,2,38640_74921_2,38640_74921
2489,person,0.5941498000000001,11,146,93,327,74921,38640,0.0858912037037037,0,38640_74921_0,38640_74921
2490,chair,0.54825205,360,196,469,351,74921,38640,0.0977719907407407,1,38640_74921_1,38640_74921
2491,person,0.9883443,3,12,250,357,74998,38640,0.4931423611111111,1,38640_74998_1,38640_74998
2492,person,0.9322772,240,28,460,360,74998,38640,0.4226851851851852,0,38640_74998_0,38640_74998
2493,person,0.9884467,5,9,266,355,75075,38640,0.5226041666666666,1,38640_75075_1,38640_75075
2494,person,0.9770891,224,33,462,358,75075,38640,0.4476273148148148,0,38640_75075_0,38640_75075
2495,person,0.976646,225,28,444,360,75152,38640,0.4207638888888889,0,38640_75152_0,38640_75152
2496,person,0.97351724,25,13,250,355,75152,38640,0.4453125,1,38640_75152_1,38640_75152
2497,person,0.926989,155,60,340,306,75229,38640,0.2633680555555555,2,38640_75229_2,38640_75229
2498,person,0.71917164,95,53,335,359,75229,38640,0.425,3,38640_75229_3,38640_75229
2499,chair,0.6107134,289,179,471,353,75229,38640,0.1832638888888889,1,38640_75229_1,38640_75229
2500,person,0.6018671,36,30,140,239,75229,38640,0.125787037037037,0,38640_75229_0,38640_75229
2501,person,0.97355294,138,58,337,340,75306,38640,0.3247569444444444,1,38640_75306_1,38640_75306
2502,chair,0.72601676,282,180,476,352,75306,38640,0.1931018518518518,0,38640_75306_0,38640_75306
2503,person,0.98024195,13,4,247,354,75383,38640,0.4739583333333333,1,38640_75383_1,38640_75383
2504,person,0.9755368,233,30,461,358,75383,38640,0.4327777777777777,0,38640_75383_0,38640_75383
2505,person,0.99068165,9,0,255,343,75460,38640,0.4882986111111111,1,38640_75460_1,38640_75460
2506,person,0.9796551,217,29,455,360,75460,38640,0.4558912037037037,0,38640_75460_0,38640_75460
2507,person,0.9910121,4,14,236,360,75537,38640,0.464537037037037,1,38640_75537_1,38640_75537
2508,person,0.9786211,215,35,439,357,75537,38640,0.4174074074074074,0,38640_75537_0,38640_75537
2509,person,0.989145,8,4,239,357,75614,38640,0.4718923611111111,1,38640_75614_1,38640_75614
2510,person,0.9824827,213,28,430,359,75614,38640,0.4156655092592593,0,38640_75614_0,38640_75614
2511,person,0.98635244,8,10,250,352,75691,38640,0.4789583333333333,1,38640_75691_1,38640_75691
2512,person,0.9839864,230,20,450,355,75691,38640,0.4265046296296297,0,38640_75691_0,38640_75691
2513,person,0.9857443,47,1,409,351,75768,38640,0.7332175925925926,3,38640_75768_3,38640_75768
2514,person,0.82957363,46,67,226,348,75768,38640,0.2927083333333333,2,38640_75768_2,38640_75768
2515,person,0.65520304,14,162,62,303,75768,38640,0.0391666666666666,1,38640_75768_1,38640_75768
2516,cell phone,0.51683205,225,146,267,206,75768,38640,0.0145833333333333,0,38640_75768_0,38640_75768
2517,person,0.99715936,157,30,377,360,75845,38640,0.4201388888888889,3,38640_75845_3,38640_75845
2518,person,0.93842477,3,228,152,357,75845,38640,0.1112326388888888,2,38640_75845_2,38640_75845
2519,tie,0.93649846,242,143,269,220,75845,38640,0.01203125,1,38640_75845_1,38640_75845
2520,tie,0.77325094,239,145,261,219,75845,38640,0.0094212962962962,0,38640_75845_0,38640_75845
2521,person,0.99363625,207,12,478,358,75922,38640,0.5426273148148149,2,38640_75922_2,38640_75922
2522,person,0.9901556,12,30,239,354,75922,38640,0.425625,1,38640_75922_1,38640_75922
2523,tie,0.74029243,76,184,116,354,75922,38640,0.0393518518518518,0,38640_75922_0,38640_75922
2524,person,0.98950994,108,31,301,349,75999,38640,0.3551736111111111,1,38640_75999_1,38640_75999
2525,person,0.9892462,222,11,466,359,75999,38640,0.4913888888888889,2,38640_75999_2,38640_75999
2526,tie,0.7669766,174,179,212,300,75999,38640,0.0266087962962962,0,38640_75999_0,38640_75999
2527,person,0.9798005,96,35,305,346,76076,38640,0.3761516203703704,1,38640_76076_1,38640_76076
2528,person,0.9764391,248,11,473,360,76076,38640,0.4544270833333333,2,38640_76076_2,38640_76076
2529,tie,0.6016395,161,183,202,302,76076,38640,0.0282349537037037,0,38640_76076_0,38640_76076
2530,person,0.9911396,191,14,461,352,76153,38640,0.528125,2,38640_76153_2,38640_76153
2531,person,0.98318624,94,37,297,345,76153,38640,0.3618287037037037,1,38640_76153_1,38640_76153
2532,tie,0.73998237,172,181,207,312,76153,38640,0.0265335648148148,0,38640_76153_0,38640_76153
2533,person,0.99016833,182,12,469,355,76230,38640,0.569681712962963,2,38640_76230_2,38640_76230
2534,person,0.9735677,92,31,297,343,76230,38640,0.3701388888888889,1,38640_76230_1,38640_76230
2535,tie,0.5451745,172,182,208,301,76230,38640,0.0247916666666666,0,38640_76230_0,38640_76230
2536,person,0.9649855,16,0,239,352,76307,38640,0.4542592592592593,2,38640_76307_2,38640_76307
2537,person,0.9635663,399,92,478,269,76307,38640,0.0809201388888889,1,38640_76307_1,38640_76307
2538,person,0.9500293,161,15,397,348,76307,38640,0.4547916666666666,3,38640_76307_3,38640_76307
2539,tie,0.91263103,280,160,319,300,76307,38640,0.0315972222222222,0,38640_76307_0,38640_76307
2540,person,0.65084517,90,21,343,360,76307,38640,0.4963368055555555,4,38640_76307_4,38640_76307
2541,person,0.9804426,160,18,388,341,76384,38640,0.4261805555555556,3,38640_76384_3,38640_76384
2542,person,0.96785116,402,92,477,293,76384,38640,0.0872395833333333,2,38640_76384_2,38640_76384
2543,person,0.96467173,15,5,240,351,76384,38640,0.4505208333333333,4,38640_76384_4,38640_76384
2544,tie,0.6781813,272,156,303,289,76384,38640,0.0238599537037037,0,38640_76384_0,38640_76384
2545,person,0.6164281999999999,183,51,238,163,76384,38640,0.0356481481481481,1,38640_76384_1,38640_76384
2546,person,0.96514636,397,97,479,260,76461,38640,0.077349537037037,1,38640_76461_1,38640_76461
2547,person,0.96177715,15,6,237,352,76461,38640,0.4445138888888889,3,38640_76461_3,38640_76461
2548,person,0.9439841999999998,170,32,386,340,76461,38640,0.385,2,38640_76461_2,38640_76461
2549,person,0.6406156999999999,186,75,244,162,76461,38640,0.0292013888888888,0,38640_76461_0,38640_76461
2550,person,0.98542506,34,50,222,357,76538,38640,0.3340046296296296,0,38640_76538_0,38640_76538
2551,person,0.97342426,217,79,465,352,76538,38640,0.3918055555555556,1,38640_76538_1,38640_76538
2552,person,0.9799234,137,24,376,355,76615,38640,0.4578067129629629,5,38640_76615_5,38640_76615
2553,person,0.9707742,8,10,231,349,76615,38640,0.4374826388888889,3,38640_76615_3,38640_76615
2554,tie,0.89804244,266,159,303,310,76615,38640,0.0323321759259259,0,38640_76615_0,38640_76615
2555,person,0.84985393,353,99,479,354,76615,38640,0.1859375,2,38640_76615_2,38640_76615
2556,person,0.8317344000000001,77,22,304,360,76615,38640,0.4440162037037037,4,38640_76615_4,38640_76615
2557,person,0.69007003,403,96,478,333,76615,38640,0.1028645833333333,1,38640_76615_1,38640_76615
2558,person,0.9856917,9,6,212,353,76692,38640,0.4076446759259259,7,38640_76692_7,38640_76692
2559,person,0.95367324,266,17,452,360,76692,38640,0.3692013888888889,6,38640_76692_6,38640_76692
2560,person,0.91729033,152,47,295,338,76692,38640,0.2408159722222222,4,38640_76692_4,38640_76692
2561,person,0.86366075,153,54,278,254,76692,38640,0.1446759259259259,3,38640_76692_3,38640_76692
2562,person,0.7762812,4,34,70,221,76692,38640,0.0714236111111111,1,38640_76692_1,38640_76692
2563,person,0.70253116,419,88,479,352,76692,38640,0.0916666666666666,2,38640_76692_2,38640_76692
2564,person,0.62972456,321,55,468,358,76692,38640,0.2577604166666666,5,38640_76692_5,38640_76692
2565,person,0.6132806,426,98,474,236,76692,38640,0.0383333333333333,0,38640_76692_0,38640_76692
2566,person,0.9898824,8,8,197,358,76769,38640,0.3828125,1,38640_76769_1,38640_76769
2567,person,0.9723083,213,15,467,360,76769,38640,0.5071180555555556,2,38640_76769_2,38640_76769
2568,person,0.90800864,152,56,275,262,76769,38640,0.1466319444444444,0,38640_76769_0,38640_76769
2569,person,0.9918791,8,15,208,359,76846,38640,0.3981481481481481,1,38640_76846_1,38640_76846
2570,person,0.9757332,211,8,473,359,76846,38640,0.5321875,2,38640_76846_2,38640_76846
2571,person,0.8640981,150,52,275,258,76846,38640,0.1490162037037037,0,38640_76846_0,38640_76846
2572,person,0.9888698,6,28,247,356,76923,38640,0.4574537037037037,2,38640_76923_2,38640_76923
2573,person,0.9837263,198,13,458,357,76923,38640,0.5175925925925926,3,38640_76923_3,38640_76923
2574,person,0.8095625,429,83,478,254,76923,38640,0.0484895833333333,0,38640_76923_0,38640_76923
2575,person,0.6616161,179,67,272,251,76923,38640,0.0990277777777777,1,38640_76923_1,38640_76923
2576,person,0.9967894,5,0,190,353,77000,38640,0.3779224537037037,2,38640_77000_2,38640_77000
2577,person,0.9929455,290,50,439,357,77000,38640,0.2647164351851852,1,38640_77000_1,38640_77000
2578,tie,0.76418716,83,96,111,211,77000,38640,0.0186342592592592,0,38640_77000_0,38640_77000
2579,person,0.9874621,199,24,448,358,77077,38640,0.4812847222222222,2,38640_77077_2,38640_77077
2580,person,0.9867176,16,3,239,356,77077,38640,0.4555497685185185,1,38640_77077_1,38640_77077
2581,tie,0.96064174,304,158,348,327,77077,38640,0.0430324074074074,0,38640_77077_0,38640_77077
2582,tie,0.9783506,295,154,336,337,77154,38640,0.0434201388888888,0,38640_77154_0,38640_77154
2583,person,0.9777985,192,23,439,359,77154,38640,0.4802777777777778,2,38640_77154_2,38640_77154
2584,person,0.9581731,23,0,252,350,77154,38640,0.4638310185185186,1,38640_77154_1,38640_77154
2585,person,0.9908825,201,23,449,360,77231,38640,0.4836574074074074,2,38640_77231_2,38640_77231
2586,tie,0.9886851,294,156,333,333,77231,38640,0.0399479166666666,0,38640_77231_0,38640_77231
2587,person,0.9557894,27,0,245,358,77231,38640,0.4516435185185185,1,38640_77231_1,38640_77231
2588,person,0.98185194,135,36,266,337,77308,38640,0.2281886574074074,4,38640_77308_4,38640_77308
2589,person,0.96509236,324,27,410,360,77308,38640,0.1657291666666666,3,38640_77308_3,38640_77308
2590,person,0.9633518,238,55,323,290,77308,38640,0.1155960648148148,1,38640_77308_1,38640_77308
2591,person,0.9337301,404,69,476,335,77308,38640,0.1108333333333333,0,38640_77308_0,38640_77308
2592,person,0.9066629,40,92,140,351,77308,38640,0.1498842592592592,2,38640_77308_2,38640_77308
2593,person,0.9918771,331,38,437,357,77385,38640,0.1956828703703704,4,38640_77385_4,38640_77385
2594,person,0.9851651,138,37,265,352,77385,38640,0.2315104166666666,5,38640_77385_5,38640_77385
2595,person,0.9627545,240,63,336,357,77385,38640,0.1633333333333333,3,38640_77385_3,38640_77385
2596,person,0.71852636,32,139,128,275,77385,38640,0.0755555555555555,1,38640_77385_1,38640_77385
2597,person,0.69592685,418,68,473,329,77385,38640,0.0830729166666666,2,38640_77385_2,38640_77385
2598,person,0.5172305,213,60,274,204,77385,38640,0.0508333333333333,0,38640_77385_0,38640_77385
2599,person,0.98234516,327,41,431,357,77462,38640,0.1901851851851852,4,38640_77462_4,38640_77462
2600,person,0.9811566,123,33,247,360,77462,38640,0.2346527777777777,5,38640_77462_5,38640_77462
2601,person,0.92227435,249,69,340,358,77462,38640,0.152193287037037,3,38640_77462_3,38640_77462
2602,person,0.8746688,412,71,474,326,77462,38640,0.0914930555555555,1,38640_77462_1,38640_77462
2603,person,0.8477127,26,138,122,267,77462,38640,0.0716666666666666,0,38640_77462_0,38640_77462
2604,person,0.7983831,206,51,266,324,77462,38640,0.0947916666666666,2,38640_77462_2,38640_77462
2605,person,0.9783935,327,31,422,357,77539,38640,0.179224537037037,4,38640_77539_4,38640_77539
2606,person,0.9624167,123,42,230,357,77539,38640,0.1950520833333332,5,38640_77539_5,38640_77539
2607,person,0.9468841999999998,247,68,337,358,77539,38640,0.1510416666666666,3,38640_77539_3,38640_77539
2608,person,0.923338,407,77,476,327,77539,38640,0.0998263888888889,2,38640_77539_2,38640_77539
2609,person,0.85710955,202,61,261,327,77539,38640,0.0908217592592592,1,38640_77539_1,38640_77539
2610,person,0.77100384,22,143,118,257,77539,38640,0.0633333333333333,0,38640_77539_0,38640_77539
2611,person,0.9872012,107,39,235,358,77616,38640,0.2362962962962963,5,38640_77616_5,38640_77616
2612,person,0.97593284,250,66,332,360,77616,38640,0.1395138888888888,3,38640_77616_3,38640_77616
2613,person,0.97471976,325,32,420,360,77616,38640,0.180324074074074,4,38640_77616_4,38640_77616
2614,person,0.9175255,407,74,474,332,77616,38640,0.1000347222222222,2,38640_77616_2,38640_77616
2615,person,0.89925206,13,140,122,288,77616,38640,0.0933564814814814,1,38640_77616_1,38640_77616
2616,person,0.51194364,212,54,264,295,77616,38640,0.0725231481481481,0,38640_77616_0,38640_77616
2617,person,0.98430955,116,29,236,360,77693,38640,0.2298611111111111,3,38640_77693_3,38640_77693
2618,person,0.9693903,313,33,438,355,77693,38640,0.2329282407407408,4,38640_77693_4,38640_77693
2619,person,0.9116749,252,62,330,358,77693,38640,0.1336111111111111,2,38640_77693_2,38640_77693
2620,person,0.8883133,211,49,279,353,77693,38640,0.1196296296296296,1,38640_77693_1,38640_77693
2621,person,0.8841931000000001,410,80,475,323,77693,38640,0.09140625,0,38640_77693_0,38640_77693
2622,person,0.98826516,11,17,219,354,77770,38640,0.4056481481481481,5,38640_77770_5,38640_77770
2623,person,0.93868893,389,82,476,236,77770,38640,0.0775347222222222,1,38640_77770_1,38640_77770
2624,person,0.92704606,291,109,471,355,77770,38640,0.25625,4,38640_77770_4,38640_77770
2625,person,0.887856,186,31,314,354,77770,38640,0.2392592592592592,3,38640_77770_3,38640_77770
2626,person,0.7048459,139,51,220,264,77770,38640,0.09984375,2,38640_77770_2,38640_77770
2627,person,0.5728226,307,50,368,127,77770,38640,0.0271817129629629,0,38640_77770_0,38640_77770
2628,person,0.99327236,22,23,231,346,77847,38640,0.3906655092592593,4,38640_77847_4,38640_77847
2629,person,0.9200373,307,101,460,359,77847,38640,0.2284375,2,38640_77847_2,38640_77847
2630,person,0.9098691,404,67,476,226,77847,38640,0.06625,1,38640_77847_1,38640_77847
2631,person,0.74159116,186,29,340,333,77847,38640,0.2709259259259259,3,38640_77847_3,38640_77847
2632,person,0.60295016,305,49,385,127,77847,38640,0.0361111111111111,0,38640_77847_0,38640_77847
2633,person,0.9943112,11,0,175,349,77924,38640,0.3312268518518518,2,38640_77924_2,38640_77924
2634,person,0.9929368,277,47,431,346,77924,38640,0.2664699074074074,1,38640_77924_1,38640_77924
2635,tie,0.72399426,100,102,129,190,77924,38640,0.0147685185185185,0,38640_77924_0,38640_77924
2636,person,0.99193233,126,11,472,349,78001,38640,0.6767824074074074,1,38640_78001_1,38640_78001
2637,tie,0.96944964,314,159,348,247,78001,38640,0.0173148148148148,0,38640_78001_0,38640_78001
2638,person,0.9953963,8,0,164,350,78078,38640,0.3159722222222222,3,38640_78078_3,38640_78078
2639,person,0.99086624,276,48,428,359,78078,38640,0.2735648148148148,2,38640_78078_2,38640_78078
2640,tie,0.61896104,93,105,111,161,78078,38640,0.0058333333333333,0,38640_78078_0,38640_78078
2641,tie,0.5908888000000001,91,101,115,186,78078,38640,0.0118055555555555,1,38640_78078_1,38640_78078
2642,person,0.9895314,131,13,430,356,78232,38640,0.5935011574074074,1,38640_78232_1,38640_78232
2643,tie,0.9751544,209,183,264,345,78232,38640,0.0515625,0,38640_78232_0,38640_78232
2644,person,0.99246216,126,16,425,360,78309,38640,0.5952314814814815,2,38640_78309_2,38640_78309
2645,tie,0.9773234,209,187,264,354,78309,38640,0.0531539351851851,0,38640_78309_0,38640_78309
2646,person,0.7838092,2,226,78,359,78309,38640,0.0584953703703703,1,38640_78309_1,38640_78309
2647,person,0.9967435,12,0,197,357,78386,38640,0.3822048611111111,2,38640_78386_2,38640_78386
2648,person,0.9946319,282,45,430,351,78386,38640,0.2620833333333333,1,38640_78386_1,38640_78386
2649,tie,0.623628,101,94,125,189,78386,38640,0.0131944444444444,0,38640_78386_0,38640_78386
2650,person,0.9311758,214,88,332,351,78463,38640,0.1795949074074074,2,38640_78463_2,38640_78463
2651,person,0.82433957,316,38,450,352,78463,38640,0.2434953703703704,3,38640_78463_3,38640_78463
2652,person,0.7057373,312,45,408,283,78463,38640,0.1322222222222222,1,38640_78463_1,38640_78463
2653,person,0.7051335999999999,101,191,214,355,78463,38640,0.1072453703703703,0,38640_78463_0,38640_78463
2654,tie,0.9852727,235,171,279,347,78540,38640,0.0448148148148148,0,38640_78540_0,38640_78540
2655,person,0.9841807,34,14,379,360,78540,38640,0.6907986111111111,2,38640_78540_2,38640_78540
2656,person,0.9463667,287,42,456,353,78540,38640,0.3041608796296296,1,38640_78540_1,38640_78540
2657,person,0.9782085,77,8,355,352,78617,38640,0.5534259259259259,3,38640_78617_3,38640_78617
2658,tie,0.9669976999999998,237,171,287,337,78617,38640,0.0480324074074074,0,38640_78617_0,38640_78617
2659,person,0.9499857,300,39,457,353,78617,38640,0.2852893518518518,2,38640_78617_2,38640_78617
2660,person,0.9252352,1,81,83,302,78617,38640,0.1048726851851851,1,38640_78617_1,38640_78617
2661,person,0.9743798,273,95,379,354,78694,38640,0.1588773148148148,6,38640_78694_6,38640_78694
2662,person,0.95563793,79,63,164,313,78694,38640,0.122974537037037,4,38640_78694_4,38640_78694
2663,person,0.93432593,173,86,245,302,78694,38640,0.09,2,38640_78694_2,38640_78694
2664,person,0.81694,246,58,319,256,78694,38640,0.0836458333333333,1,38640_78694_1,38640_78694
2665,person,0.7805454000000001,345,86,434,353,78694,38640,0.1375173611111111,5,38640_78694_5,38640_78694
2666,person,0.6758163,412,77,474,329,78694,38640,0.0904166666666666,3,38640_78694_3,38640_78694
2667,chair,0.5080889000000001,28,143,100,318,78694,38640,0.0729166666666666,0,38640_78694_0,38640_78694
2668,person,0.97152555,80,66,165,323,78771,38640,0.126417824074074,4,38640_78771_4,38640_78771
2669,person,0.9547405,271,92,377,353,78771,38640,0.1601041666666666,5,38640_78771_5,38640_78771
2670,person,0.91942376,174,81,248,294,78771,38640,0.0912152777777777,1,38640_78771_1,38640_78771
2671,person,0.8551285,356,93,433,359,78771,38640,0.1185300925925926,3,38640_78771_3,38640_78771
2672,person,0.7758285,416,73,474,347,78771,38640,0.0919675925925926,2,38640_78771_2,38640_78771
2673,person,0.7170958000000001,245,62,314,226,78771,38640,0.0654861111111111,0,38640_78771_0,38640_78771
2674,person,0.9679754,81,69,166,321,78848,38640,0.1239583333333333,5,38640_78848_5,38640_78848
2675,person,0.95444894,174,75,248,305,78848,38640,0.0984953703703703,3,38640_78848_3,38640_78848
2676,person,0.88761115,271,93,373,340,78848,38640,0.1457986111111111,6,38640_78848_6,38640_78848
2677,person,0.86427945,355,93,436,353,78848,38640,0.121875,4,38640_78848_4,38640_78848
2678,person,0.8353726999999999,246,58,310,287,78848,38640,0.0848148148148148,1,38640_78848_1,38640_78848
2679,person,0.65747654,411,76,473,345,78848,38640,0.0965162037037037,2,38640_78848_2,38640_78848
2680,person,0.5631269,4,63,52,347,78848,38640,0.0788888888888888,0,38640_78848_0,38640_78848
2681,person,0.9929113000000002,293,0,480,360,78925,38640,0.3895833333333333,1,38640_78925_1,38640_78925
2682,person,0.8881474,49,69,194,315,78925,38640,0.2064236111111111,0,38640_78925_0,38640_78925
2683,person,0.9961808,202,29,373,353,79002,38640,0.320625,1,38640_79002_1,38640_79002
2684,tie,0.55971736,239,125,276,272,79002,38640,0.0314756944444444,0,38640_79002_0,38640_79002
2685,person,0.9683555,17,72,180,331,79079,38640,0.2443113425925926,0,38640_79079_0,38640_79079
2686,person,0.90446186,357,0,480,353,79079,38640,0.2512673611111111,1,38640_79079_1,38640_79079
2687,person,0.9759889,357,0,480,357,79156,38640,0.2541145833333333,1,38640_79156_1,38640_79156
2688,person,0.9353016,36,72,195,321,79156,38640,0.2291145833333333,0,38640_79156_0,38640_79156
2689,person,0.96695286,359,0,480,356,79233,38640,0.2492824074074074,1,38640_79233_1,38640_79233
2690,person,0.94494635,36,73,199,324,79233,38640,0.2367650462962963,0,38640_79233_0,38640_79233
2691,person,0.99111724,2,27,80,350,79310,38640,0.1457986111111111,3,38640_79310_3,38640_79310
2692,person,0.9795288,305,19,394,353,79310,38640,0.1720254629629629,4,38640_79310_4,38640_79310
2693,chair,0.9628184,190,175,302,342,79310,38640,0.1082407407407407,1,38640_79310_1,38640_79310
2694,person,0.9100429,124,59,203,339,79310,38640,0.1280092592592592,2,38640_79310_2,38640_79310
2695,person,0.7790779999999999,379,32,479,353,79310,38640,0.1857638888888889,5,38640_79310_5,38640_79310
2696,chair,0.7029003,135,175,216,351,79310,38640,0.0825,0,38640_79310_0,38640_79310
2697,person,0.9903837,242,26,384,355,79387,38640,0.2703587962962963,7,38640_79387_7,38640_79387
2698,person,0.9515009,2,68,199,353,79387,38640,0.3249131944444444,8,38640_79387_8,38640_79387
2699,chair,0.93341124,189,174,306,346,79387,38640,0.1164583333333333,5,38640_79387_5,38640_79387
2700,person,0.7787889,403,135,478,351,79387,38640,0.09375,4,38640_79387_4,38640_79387
2701,person,0.76848775,2,23,69,245,79387,38640,0.0860763888888888,3,38640_79387_3,38640_79387
2702,person,0.5738026999999999,379,175,441,344,79387,38640,0.060636574074074,2,38640_79387_2,38640_79387
2703,person,0.5406065,286,80,384,355,79387,38640,0.1559606481481481,6,38640_79387_6,38640_79387
2704,person,0.52947456,358,53,404,170,79387,38640,0.0311458333333333,0,38640_79387_0,38640_79387
2705,person,0.5247955,109,41,186,162,79387,38640,0.053917824074074,1,38640_79387_1,38640_79387
2706,person,0.9868602,314,24,402,349,79464,38640,0.1655092592592592,4,38640_79464_4,38640_79464
2707,person,0.96797365,123,35,229,349,79464,38640,0.1926157407407407,5,38640_79464_5,38640_79464
2708,chair,0.9623189,215,185,321,342,79464,38640,0.0963078703703703,0,38640_79464_0,38640_79464
2709,person,0.85297656,33,25,114,353,79464,38640,0.15375,3,38640_79464_3,38640_79464
2710,person,0.84673244,4,42,86,350,79464,38640,0.1461574074074074,2,38640_79464_2,38640_79464
2711,person,0.69147587,398,128,479,350,79464,38640,0.1040625,1,38640_79464_1,38640_79464
2712,person,0.9949064,222,28,356,354,79541,38640,0.2528009259259259,4,38640_79541_4,38640_79541
2713,person,0.9857448,7,41,101,341,79541,38640,0.1631944444444444,2,38640_79541_2,38640_79541
2714,person,0.94579035,374,134,476,349,79541,38640,0.1269097222222222,1,38640_79541_1,38640_79541
2715,person,0.87702304,95,60,197,340,79541,38640,0.1652777777777777,3,38640_79541_3,38640_79541
2716,person,0.57584417,91,57,189,211,79541,38640,0.0873379629629629,0,38640_79541_0,38640_79541
2717,person,0.9884326,5,28,143,350,79618,38640,0.2571527777777778,0,38640_79618_0,38640_79618
2718,person,0.981628,134,2,291,354,79618,38640,0.3198148148148148,2,38640_79618_2,38640_79618
2719,person,0.97127885,283,9,415,360,79618,38640,0.268125,1,38640_79618_1,38640_79618
2720,person,0.9927226999999998,140,3,416,354,79695,38640,0.560625,2,38640_79695_2,38640_79695
2721,person,0.99194825,6,26,157,355,79695,38640,0.2874942129629629,1,38640_79695_1,38640_79695
2722,person,0.83312166,301,11,429,359,79695,38640,0.2577777777777778,0,38640_79695_0,38640_79695
2723,person,0.9829758,143,14,354,346,79772,38640,0.4053935185185185,2,38640_79772_2,38640_79772
2724,person,0.9822443,2,37,163,355,79772,38640,0.2962847222222222,1,38640_79772_1,38640_79772
2725,person,0.95319796,286,14,418,354,79772,38640,0.2597222222222222,0,38640_79772_0,38640_79772
2726,person,0.9272041,0,0,204,328,79849,38640,0.3872222222222223,2,38640_79849_2,38640_79849
2727,person,0.91278756,227,14,410,322,79849,38640,0.3261805555555555,1,38640_79849_1,38640_79849
2728,person,0.7818877,137,13,278,222,79849,38640,0.1705381944444444,0,38640_79849_0,38640_79849
2729,person,0.9746651,94,18,281,360,79926,38640,0.3701041666666667,4,38640_79926_4,38640_79926
2730,person,0.9674501,33,28,147,350,79926,38640,0.2124305555555556,2,38640_79926_2,38640_79926
2731,person,0.905242,239,27,423,313,79926,38640,0.304537037037037,3,38640_79926_3,38640_79926
2732,tie,0.7049166,177,121,216,214,79926,38640,0.0209895833333333,0,38640_79926_0,38640_79926
2733,person,0.6541751,375,2,480,329,79926,38640,0.1986979166666666,1,38640_79926_1,38640_79926
2734,person,0.9837663,6,28,182,357,80003,38640,0.3350925925925926,2,38640_80003_2,38640_80003
2735,person,0.9602466,169,4,403,360,80003,38640,0.4820833333333333,3,38640_80003_3,38640_80003
2736,person,0.8202056000000001,273,6,429,355,80003,38640,0.3150694444444445,1,38640_80003_1,38640_80003
2737,person,0.62800384,101,31,173,153,80003,38640,0.0508333333333333,0,38640_80003_0,38640_80003
2738,person,0.98955625,16,26,206,354,80080,38640,0.3606481481481481,2,38640_80080_2,38640_80080
2739,person,0.95423126,191,6,340,357,80080,38640,0.30265625,0,38640_80080_0,38640_80080
2740,person,0.809988,255,6,414,351,80080,38640,0.3174479166666666,1,38640_80080_1,38640_80080
2741,person,0.9930293,22,25,217,355,80157,38640,0.3723958333333333,4,38640_80157_4,38640_80157
2742,person,0.96986234,197,0,398,360,80157,38640,0.41875,5,38640_80157_5,38640_80157
2743,person,0.6057715,112,24,202,163,80157,38640,0.0723958333333333,1,38640_80157_1,38640_80157
2744,tie,0.54426706,124,138,143,176,80157,38640,0.0041782407407407,0,38640_80157_0,38640_80157
2745,person,0.5396783,292,10,411,216,80157,38640,0.1418634259259259,2,38640_80157_2,38640_80157
2746,person,0.529991,295,6,467,353,80157,38640,0.3453935185185185,3,38640_80157_3,38640_80157
2747,person,0.9848173,0,22,85,350,80234,38640,0.1613425925925926,3,38640_80234_3,38640_80234
2748,person,0.9673011,43,37,295,356,80234,38640,0.4652083333333333,5,38640_80234_5,38640_80234
2749,person,0.8395113000000001,233,55,459,350,80234,38640,0.3858217592592593,4,38640_80234_4,38640_80234
2750,person,0.5863811,327,20,414,141,80234,38640,0.0609201388888888,1,38640_80234_1,38640_80234
2751,person,0.5851054,209,13,350,155,80234,38640,0.1158680555555555,2,38640_80234_2,38640_80234
2752,person,0.5825808000000001,335,40,401,132,80234,38640,0.0351388888888888,0,38640_80234_0,38640_80234
2753,person,0.9828336,24,26,237,360,80311,38640,0.4117013888888889,4,38640_80311_4,38640_80311
2754,person,0.9348151,233,26,429,359,80311,38640,0.3777083333333333,3,38640_80311_3,38640_80311
2755,person,0.65496767,0,29,72,301,80311,38640,0.1133333333333333,2,38640_80311_2,38640_80311
2756,cell phone,0.5357616999999999,144,113,173,165,80311,38640,0.0087268518518518,0,38640_80311_0,38640_80311
2757,person,0.50148076,315,8,395,142,80311,38640,0.062037037037037,1,38640_80311_1,38640_80311
2758,person,0.9804812,20,30,242,357,80388,38640,0.4201041666666666,1,38640_80388_1,38640_80388
2759,person,0.9742123,220,9,448,348,80388,38640,0.4472916666666665,2,38640_80388_2,38640_80388
2760,person,0.70375526,0,28,73,266,80388,38640,0.1005439814814814,0,38640_80388_0,38640_80388
2761,person,0.9786267,24,28,239,360,80465,38640,0.4130787037037037,1,38640_80465_1,38640_80465
2762,person,0.9729279,227,2,448,360,80465,38640,0.4578587962962963,2,38640_80465_2,38640_80465
2763,person,0.8080323,1,23,78,265,80465,38640,0.1078356481481481,0,38640_80465_0,38640_80465
2764,person,0.97713214,97,17,407,360,80542,38640,0.6153356481481481,1,38640_80542_1,38640_80542
2765,person,0.65749615,199,13,402,325,80542,38640,0.3665277777777778,0,38640_80542_0,38640_80542
2766,person,0.9594143,34,0,385,358,80619,38640,0.7271875,0,38640_80619_0,38640_80619
