,class,score,x1,y1,x2,y2,frame_num,imdb_id,pct_of_frame,instance_num,instance_id,frame_id
0,cup,0.50119644,525,213,579,246,114,23092,0.00193359375,0,23092_114_0,23092_114
1,clock,0.8729773999999999,193,269,306,391,342,23092,0.0149587673611111,0,23092_342_0,23092_342
2,clock,0.863669,193,280,307,394,456,23092,0.0141015625,0,23092_456_0,23092_456
3,clock,0.7773992,329,65,944,658,456,23092,0.3957194010416665,1,23092_456_1,23092_456
4,clock,0.511554,277,122,1166,596,456,23092,0.4572330729166666,2,23092_456_2,23092_456
5,clock,0.78803015,277,14,910,659,570,23092,0.443017578125,0,23092_570_0,23092_570
6,clock,0.60177994,223,124,1136,633,570,23092,0.5042502170138888,1,23092_570_1,23092_570
7,clock,0.89370745,271,33,907,657,684,23092,0.430625,0,23092_684_0,23092_684
8,clock,0.53172505,207,127,1194,604,684,23092,0.510849609375,1,23092_684_1,23092_684
9,clock,0.75732696,193,286,305,395,798,23092,0.0132465277777777,0,23092_798_0,23092_798
10,clock,0.6997397,202,281,306,389,1368,23092,0.0121875,0,23092_1368_0,23092_1368
11,person,0.98684585,440,90,706,539,2166,23092,0.1295941840277777,0,23092_2166_0,23092_2166
12,refrigerator,0.6495361,658,26,975,540,2166,23092,0.1767990451388889,1,23092_2166_1,23092_2166
13,person,0.71075684,807,334,1008,525,2280,23092,0.0416569010416666,1,23092_2280_1,23092_2280
14,person,0.5684296,804,340,960,489,2280,23092,0.0252213541666666,0,23092_2280_0,23092_2280
15,person,0.9393006,476,167,873,551,2394,23092,0.1654166666666666,0,23092_2394_0,23092_2394
16,person,0.96507984,671,158,971,557,2508,23092,0.1298828125,0,23092_2508_0,23092_2508
17,person,0.9650797,339,76,649,562,2622,23092,0.1634765625,2,23092_2622_2,23092_2622
18,person,0.9214344,556,158,740,547,2622,23092,0.0776649305555555,0,23092_2622_0,23092_2622
19,person,0.92059934,779,204,1056,545,2622,23092,0.1024924045138888,1,23092_2622_1,23092_2622
20,person,0.9739855,545,101,797,689,2736,23092,0.16078125,2,23092_2736_2,23092_2736
21,person,0.8373513000000001,596,116,885,681,2736,23092,0.1771755642361111,3,23092_2736_3,23092_2736
22,person,0.80645394,723,156,991,668,2736,23092,0.1488888888888888,1,23092_2736_1,23092_2736
23,person,0.7035425999999999,697,97,860,381,2736,23092,0.0502300347222222,0,23092_2736_0,23092_2736
24,person,0.9972312,359,62,689,714,2850,23092,0.2334635416666666,1,23092_2850_1,23092_2850
25,person,0.9850582,645,116,948,695,2850,23092,0.190361328125,0,23092_2850_0,23092_2850
26,person,0.99776304,617,119,944,719,2964,23092,0.212890625,1,23092_2964_1,23092_2964
27,person,0.9626406,247,88,637,692,2964,23092,0.2555989583333333,2,23092_2964_2,23092_2964
28,person,0.75519884,296,177,572,616,2964,23092,0.1314713541666666,0,23092_2964_0,23092_2964
29,person,0.9853395,394,12,725,684,3078,23092,0.2413541666666667,3,23092_3078_3,23092_3078
30,person,0.9773412,853,346,1101,700,3078,23092,0.0952604166666666,1,23092_3078_1,23092_3078
31,bottle,0.9043552,684,491,729,571,3078,23092,0.00390625,0,23092_3078_0,23092_3078
32,person,0.5784899,450,9,720,504,3078,23092,0.14501953125,2,23092_3078_2,23092_3078
33,person,0.9802757,180,57,532,718,3192,23092,0.2524652777777778,4,23092_3192_4,23092_3192
34,person,0.9590215,901,360,1122,712,3192,23092,0.0844097222222222,3,23092_3192_3,23092_3192
35,person,0.6317195999999999,581,488,704,581,3192,23092,0.012412109375,1,23092_3192_1,23092_3192
36,person,0.61312604,710,496,759,576,3192,23092,0.0042534722222222,0,23092_3192_0,23092_3192
37,person,0.54384714,301,404,524,709,3192,23092,0.0738009982638888,2,23092_3192_2,23092_3192
38,person,0.9425787,169,52,614,711,3306,23092,0.3182020399305556,2,23092_3306_2,23092_3306
39,person,0.9087084,903,307,1132,674,3306,23092,0.0911924913194444,1,23092_3306_1,23092_3306
40,person,0.521269,685,447,754,530,3306,23092,0.0062141927083333,0,23092_3306_0,23092_3306
41,person,0.95833117,182,53,676,705,3420,23092,0.3494878472222222,2,23092_3420_2,23092_3420
42,person,0.8838676999999999,957,301,1134,686,3420,23092,0.0739420572916666,1,23092_3420_1,23092_3420
43,person,0.5348816,697,441,754,500,3420,23092,0.0036490885416666,0,23092_3420_0,23092_3420
44,person,0.94511724,528,64,1028,696,3534,23092,0.3428819444444444,3,23092_3534_3,23092_3534
45,person,0.8353669,664,54,1101,649,3534,23092,0.2821343315972222,2,23092_3534_2,23092_3534
46,person,0.75117457,677,96,938,400,3534,23092,0.08609375,1,23092_3534_1,23092_3534
47,banana,0.5607966,726,423,982,652,3534,23092,0.0636111111111111,0,23092_3534_0,23092_3534
48,person,0.90549684,514,69,1097,689,3648,23092,0.3922092013888889,3,23092_3648_3,23092_3648
49,person,0.8528171999999998,483,309,950,700,3648,23092,0.1981304253472222,1,23092_3648_1,23092_3648
50,person,0.7573449000000001,603,89,998,592,3648,23092,0.2155870225694444,2,23092_3648_2,23092_3648
51,banana,0.57948875,513,391,957,663,3648,23092,0.1310416666666666,0,23092_3648_0,23092_3648
52,person,0.97732556,471,11,1073,709,3762,23092,0.4559418402777778,2,23092_3762_2,23092_3762
53,person,0.8318844000000001,655,51,1122,666,3762,23092,0.3116373697916667,1,23092_3762_1,23092_3762
54,person,0.5409568,472,262,992,709,3762,23092,0.2522135416666666,0,23092_3762_0,23092_3762
55,person,0.99451494,436,32,892,711,3876,23092,0.3359635416666666,1,23092_3876_1,23092_3876
56,tie,0.8454440000000001,631,300,668,410,3876,23092,0.0044162326388888,0,23092_3876_0,23092_3876
57,person,0.9744685,514,60,1051,682,3990,23092,0.3624283854166666,1,23092_3990_1,23092_3990
58,person,0.7695316,450,511,827,707,3990,23092,0.0801779513888888,0,23092_3990_0,23092_3990
59,person,0.99444985,436,44,887,700,4104,23092,0.3210243055555556,1,23092_4104_1,23092_4104
60,tie,0.69843596,633,303,674,402,4104,23092,0.004404296875,0,23092_4104_0,23092_4104
61,person,0.9953467,436,40,887,713,4218,23092,0.3293435329861111,1,23092_4218_1,23092_4218
62,tie,0.6247305999999999,632,312,671,412,4218,23092,0.0042317708333333,0,23092_4218_0,23092_4218
63,person,0.990829,619,69,970,669,4332,23092,0.228515625,1,23092_4332_1,23092_4332
64,person,0.98764485,289,52,682,680,4332,23092,0.2677994791666667,2,23092_4332_2,23092_4332
65,tv,0.67533803,849,39,1111,429,4332,23092,0.1108723958333333,0,23092_4332_0,23092_4332
66,person,0.9832518,380,42,825,701,4446,23092,0.3182020399305556,2,23092_4446_2,23092_4446
67,person,0.96576124,722,47,1004,611,4446,23092,0.172578125,0,23092_4446_0,23092_4446
68,person,0.5720488,606,42,940,658,4446,23092,0.2232465277777778,1,23092_4446_1,23092_4446
69,person,0.97991264,704,31,1144,704,4560,23092,0.3213107638888889,0,23092_4560_0,23092_4560
70,person,0.97584665,178,8,684,709,4560,23092,0.3848806423611112,1,23092_4560_1,23092_4560
71,person,0.9941374,153,3,658,703,4674,23092,0.3835720486111111,1,23092_4674_1,23092_4674
72,person,0.96760154,734,20,1130,717,4674,23092,0.2994921875,0,23092_4674_0,23092_4674
73,person,0.9952553,190,7,710,715,4788,23092,0.3994791666666666,1,23092_4788_1,23092_4788
74,person,0.98368555,719,17,1151,720,4788,23092,0.32953125,0,23092_4788_0,23092_4788
75,person,0.82978255,456,209,674,559,4902,23092,0.0827907986111111,0,23092_4902_0,23092_4902
76,person,0.58819926,467,183,731,584,5016,23092,0.1148697916666666,0,23092_5016_0,23092_5016
77,person,0.9658709,489,221,772,536,5130,23092,0.096728515625,0,23092_5130_0,23092_5130
78,tv,0.6272948,156,146,1048,628,5130,23092,0.4665190972222222,1,23092_5130_1,23092_5130
79,mouse,0.5532946999999999,698,587,1024,711,5244,23092,0.0438628472222222,0,23092_5244_0,23092_5244
80,person,0.9832601,505,279,627,649,5358,23092,0.0489800347222222,1,23092_5358_1,23092_5358
81,person,0.7929758000000001,599,278,720,610,5358,23092,0.0435894097222222,0,23092_5358_0,23092_5358
82,potted plant,0.5685812,918,241,1079,582,5358,23092,0.0595713975694444,2,23092_5358_2,23092_5358
83,person,0.99479973,892,249,1028,653,5472,23092,0.0596180555555555,3,23092_5472_3,23092_5472
84,person,0.9872665,354,111,477,416,5472,23092,0.0407063802083333,1,23092_5472_1,23092_5472
85,person,0.9755204,454,128,542,402,5472,23092,0.0261631944444444,0,23092_5472_0,23092_5472
86,person,0.9039523000000002,515,186,752,719,5472,23092,0.1370670572916666,4,23092_5472_4,23092_5472
87,potted plant,0.79462475,742,238,904,554,5472,23092,0.055546875,2,23092_5472_2,23092_5472
88,person,0.99703205,315,78,795,716,5586,23092,0.3322916666666666,1,23092_5586_1,23092_5586
89,vase,0.5324224,161,151,317,652,5586,23092,0.0848046875,0,23092_5586_0,23092_5586
90,person,0.99074465,423,29,889,714,5700,23092,0.3463650173611111,0,23092_5700_0,23092_5700
91,refrigerator,0.7824535,627,0,1164,720,5700,23092,0.41953125,1,23092_5700_1,23092_5700
92,person,0.99659234,470,57,952,720,5814,23092,0.3467513020833333,1,23092_5814_1,23092_5814
93,vase,0.7694167,149,154,287,703,5814,23092,0.08220703125,0,23092_5814_0,23092_5814
94,person,0.9981285,507,62,968,702,5928,23092,0.3201388888888889,1,23092_5928_1,23092_5928
95,chair,0.8437116,405,353,567,710,5928,23092,0.06275390625,0,23092_5928_0,23092_5928
96,scissors,0.91779304,637,334,702,437,6042,23092,0.0072645399305555,1,23092_6042_1,23092_6042
97,scissors,0.59876627,512,188,566,311,6042,23092,0.00720703125,0,23092_6042_0,23092_6042
98,chair,0.932358,712,421,826,642,6156,23092,0.0273372395833333,0,23092_6156_0,23092_6156
99,person,0.96327376,466,170,597,641,6270,23092,0.0669498697916666,1,23092_6270_1,23092_6270
100,person,0.9423312,923,201,1106,623,6270,23092,0.0837955729166666,2,23092_6270_2,23092_6270
101,chair,0.90376055,702,417,824,689,6270,23092,0.0360069444444444,0,23092_6270_0,23092_6270
102,person,0.9950146,507,162,790,714,6384,23092,0.1695052083333333,2,23092_6384_2,23092_6384
103,person,0.83153415,952,226,1125,617,6384,23092,0.0733973524305555,1,23092_6384_1,23092_6384
104,person,0.7410871,906,190,1042,563,6384,23092,0.0550434027777777,0,23092_6384_0,23092_6384
105,person,0.95636106,731,144,893,720,6498,23092,0.10125,2,23092_6498_2,23092_6498
106,chair,0.8527679,422,425,609,649,6498,23092,0.0454513888888888,0,23092_6498_0,23092_6498
107,person,0.54030997,956,423,1127,692,6498,23092,0.049912109375,1,23092_6498_1,23092_6498
108,person,0.9860023,618,101,783,706,6612,23092,0.1083170572916666,1,23092_6612_1,23092_6612
109,person,0.7688086999999999,685,135,869,709,6612,23092,0.1146006944444444,2,23092_6612_2,23092_6612
110,chair,0.60486805,280,431,524,697,6612,23092,0.0704253472222222,0,23092_6612_0,23092_6612
111,person,0.9958775,549,69,802,701,6726,23092,0.1734982638888889,1,23092_6726_1,23092_6726
112,person,0.6315649999999999,651,61,893,720,6726,23092,0.1730447048611111,0,23092_6726_0,23092_6726
113,person,0.9981205,455,37,767,703,6840,23092,0.22546875,1,23092_6840_1,23092_6840
114,person,0.9057901,645,99,887,709,6840,23092,0.1601779513888888,0,23092_6840_0,23092_6840
115,person,0.9949845,376,33,866,720,6954,23092,0.3652669270833333,1,23092_6954_1,23092_6954
116,teddy bear,0.7559233,670,104,848,373,6954,23092,0.0519552951388888,0,23092_6954_0,23092_6954
117,person,0.9985262,383,17,691,712,7068,23092,0.2322699652777777,1,23092_7068_1,23092_7068
118,person,0.9787089,715,83,1083,701,7068,23092,0.2467708333333333,2,23092_7068_2,23092_7068
119,chair,0.5078042,991,481,1093,630,7068,23092,0.0164908854166666,0,23092_7068_0,23092_7068
120,person,0.99812883,359,26,661,716,7182,23092,0.2261067708333333,0,23092_7182_0,23092_7182
121,person,0.9527875,684,59,1049,699,7182,23092,0.2534722222222222,1,23092_7182_1,23092_7182
122,person,0.9981845,281,11,636,713,7296,23092,0.27041015625,1,23092_7296_1,23092_7296
123,person,0.9635518,675,84,1004,715,7296,23092,0.2252593315972222,0,23092_7296_0,23092_7296
124,person,0.98538345,406,61,796,720,7410,23092,0.2788736979166666,0,23092_7410_0,23092_7410
125,person,0.97691333,494,46,708,714,7524,23092,0.1551128472222222,1,23092_7524_1,23092_7524
126,person,0.86220324,710,399,872,691,7524,23092,0.051328125,0,23092_7524_0,23092_7524
127,person,0.99067265,587,83,819,712,7638,23092,0.1583420138888888,0,23092_7638_0,23092_7638
128,person,0.9769761,409,103,633,708,7752,23092,0.1470486111111111,1,23092_7752_1,23092_7752
129,person,0.6633859999999999,693,363,804,519,7752,23092,0.0187890625,0,23092_7752_0,23092_7752
130,bed,0.63003105,619,385,1183,699,7752,23092,0.1921614583333333,2,23092_7752_2,23092_7752
131,person,0.99112105,730,65,1009,683,7866,23092,0.18708984375,2,23092_7866_2,23092_7866
132,person,0.8575179,420,347,562,530,7866,23092,0.0281966145833333,0,23092_7866_0,23092_7866
133,person,0.6472694,797,71,990,548,7866,23092,0.099892578125,1,23092_7866_1,23092_7866
134,person,0.9825088,844,96,1097,691,7980,23092,0.1633409288194444,3,23092_7980_3,23092_7980
135,person,0.9309928,371,339,509,525,7980,23092,0.0278515625,1,23092_7980_1,23092_7980
136,chair,0.73031104,200,443,394,704,7980,23092,0.05494140625,2,23092_7980_2,23092_7980
137,chair,0.5113101999999999,563,416,778,511,7980,23092,0.0221625434027777,0,23092_7980_0,23092_7980
138,person,0.87938744,866,101,1038,567,8094,23092,0.0869704861111111,3,23092_8094_3,23092_8094
139,person,0.8605019,600,324,726,512,8094,23092,0.025703125,1,23092_8094_1,23092_8094
140,person,0.7686619,346,204,404,297,8094,23092,0.0058528645833333,0,23092_8094_0,23092_8094
141,person,0.76230705,448,428,639,685,8094,23092,0.0532628038194444,2,23092_8094_2,23092_8094
142,person,0.66987634,741,114,1052,675,8094,23092,0.1893131510416666,5,23092_8094_5,23092_8094
143,couch,0.5857534000000001,442,376,959,669,8094,23092,0.1643674045138889,4,23092_8094_4,23092_8094
144,person,0.99322057,710,30,1046,697,8208,23092,0.2431770833333333,1,23092_8208_1,23092_8208
145,person,0.9824126,175,292,602,707,8208,23092,0.1922797309027776,0,23092_8208_0,23092_8208
146,person,0.996482,678,37,1016,706,8322,23092,0.2453580729166667,2,23092_8322_2,23092_8322
147,person,0.98411894,399,221,728,684,8322,23092,0.1652853732638889,1,23092_8322_1,23092_8322
148,person,0.8758594000000001,665,95,782,373,8322,23092,0.03529296875,0,23092_8322_0,23092_8322
149,person,0.996933,674,24,1021,702,8436,23092,0.2552799479166667,1,23092_8436_1,23092_8436
150,person,0.9724813,316,92,584,699,8436,23092,0.1765147569444444,0,23092_8436_0,23092_8436
151,person,0.81872267,243,123,699,691,8436,23092,0.2810416666666667,2,23092_8436_2,23092_8436
152,person,0.99749017,634,34,983,705,8550,23092,0.2541004774305556,1,23092_8550_1,23092_8550
153,person,0.9739435,416,98,593,720,8550,23092,0.1194596354166666,0,23092_8550_0,23092_8550
154,person,0.98855466,616,189,771,664,8664,23092,0.0798882378472222,3,23092_8664_3,23092_8664
155,person,0.9151457,764,272,914,644,8664,23092,0.060546875,2,23092_8664_2,23092_8664
156,chair,0.7352972,349,438,509,644,8664,23092,0.0357638888888888,0,23092_8664_0,23092_8664
157,person,0.56184626,778,266,916,517,8664,23092,0.0375846354166666,1,23092_8664_1,23092_8664
158,person,0.99427325,430,179,602,677,8778,23092,0.0929427083333333,0,23092_8778_0,23092_8778
159,person,0.996545,439,173,584,685,8892,23092,0.0805555555555555,0,23092_8892_0,23092_8892
160,person,0.92471546,675,252,924,670,9006,23092,0.1129361979166666,3,23092_9006_3,23092_9006
161,chair,0.80149895,153,456,280,635,9006,23092,0.0246668836805555,0,23092_9006_0,23092_9006
162,person,0.7353161,802,256,958,659,9006,23092,0.0682161458333333,2,23092_9006_2,23092_9006
163,chair,0.66589844,405,446,559,648,9006,23092,0.0337543402777777,1,23092_9006_1,23092_9006
164,person,0.97543204,252,193,419,666,9120,23092,0.0857107204861111,3,23092_9120_3,23092_9120
165,person,0.962117,929,272,1052,623,9120,23092,0.046845703125,2,23092_9120_2,23092_9120
166,remote,0.6957812,339,249,380,302,9120,23092,0.0023578559027777,0,23092_9120_0,23092_9120
167,chair,0.63148147,477,437,653,635,9120,23092,0.0378125,1,23092_9120_1,23092_9120
168,person,0.9957411,749,226,860,592,9234,23092,0.04408203125,1,23092_9234_1,23092_9234
169,person,0.95444405,913,292,1081,651,9234,23092,0.0654427083333333,2,23092_9234_2,23092_9234
170,chair,0.8564923000000001,236,450,375,632,9234,23092,0.0274500868055555,0,23092_9234_0,23092_9234
171,person,0.98802966,577,70,973,714,9348,23092,0.27671875,2,23092_9348_2,23092_9348
172,person,0.95281196,503,70,747,705,9348,23092,0.1681206597222222,1,23092_9348_1,23092_9348
173,tie,0.76443034,649,195,672,267,9348,23092,0.001796875,0,23092_9348_0,23092_9348
174,person,0.988962,505,50,740,692,9462,23092,0.1637044270833333,0,23092_9462_0,23092_9462
175,person,0.985107,674,58,1056,712,9462,23092,0.2710807291666666,1,23092_9462_1,23092_9462
176,person,0.98654246,453,15,805,698,9576,23092,0.2608680555555555,1,23092_9576_1,23092_9576
177,person,0.95559376,542,18,1001,720,9576,23092,0.34962890625,2,23092_9576_2,23092_9576
178,tie,0.8049964,599,157,649,273,9576,23092,0.0062934027777777,0,23092_9576_0,23092_9576
179,person,0.99137783,430,19,730,715,9690,23092,0.2265625,1,23092_9690_1,23092_9690
180,person,0.92167413,595,47,956,717,9690,23092,0.2624457465277778,2,23092_9690_2,23092_9690
181,tie,0.51638734,579,158,616,261,9690,23092,0.0041351996527777,0,23092_9690_0,23092_9690
182,person,0.99403113,429,19,869,720,9804,23092,0.3346788194444444,1,23092_9804_1,23092_9804
183,tie,0.58314997,585,166,628,268,9804,23092,0.0047591145833333,0,23092_9804_0,23092_9804
184,person,0.99293035,399,0,700,698,9918,23092,0.2279709201388889,2,23092_9918_2,23092_9918
185,person,0.88344073,787,63,1013,558,9918,23092,0.12138671875,1,23092_9918_1,23092_9918
186,tie,0.8419254999999999,492,161,532,257,9918,23092,0.0041666666666666,0,23092_9918_0,23092_9918
187,person,0.9762843,453,7,837,702,10032,23092,0.2895833333333333,1,23092_10032_1,23092_10032
188,wine glass,0.6182641999999999,361,174,443,363,10032,23092,0.01681640625,0,23092_10032_0,23092_10032
189,person,0.99073714,231,7,737,708,10146,23092,0.3848806423611112,2,23092_10146_2,23092_10146
190,toilet,0.70628476,567,23,1061,720,10146,23092,0.3736089409722223,1,23092_10146_1,23092_10146
191,person,0.62225014,526,17,672,205,10146,23092,0.0297829861111111,0,23092_10146_0,23092_10146
192,person,0.9913981,199,6,705,707,10260,23092,0.3848806423611112,3,23092_10260_3,23092_10260
193,person,0.9787047,702,61,1037,676,10260,23092,0.2235514322916666,2,23092_10260_2,23092_10260
194,person,0.9196952,728,451,914,712,10260,23092,0.05267578125,1,23092_10260_1,23092_10260
195,person,0.6224114000000001,504,48,678,206,10260,23092,0.0298307291666666,0,23092_10260_0,23092_10260
196,person,0.9931352,206,33,691,717,10374,23092,0.3599609375,3,23092_10374_3,23092_10374
197,person,0.9890559,690,49,1043,690,10374,23092,0.2455219184027778,2,23092_10374_2,23092_10374
198,person,0.60292757,494,58,636,205,10374,23092,0.0226497395833333,0,23092_10374_0,23092_10374
199,person,0.5485960999999999,725,448,892,713,10374,23092,0.0480197482638888,1,23092_10374_1,23092_10374
200,person,0.99560887,185,8,634,706,10488,23092,0.3400629340277777,1,23092_10488_1,23092_10488
201,person,0.80238765,861,32,1139,678,10488,23092,0.1948654513888889,0,23092_10488_0,23092_10488
202,person,0.9864898,200,4,544,712,10602,23092,0.2642708333333333,1,23092_10602_1,23092_10602
203,wine glass,0.68561083,914,200,999,365,10602,23092,0.0152180989583333,0,23092_10602_0,23092_10602
204,toilet,0.68321705,418,195,1069,672,10602,23092,0.336943359375,2,23092_10602_2,23092_10602
205,person,0.90377617,736,229,877,642,10716,23092,0.0631868489583333,2,23092_10716_2,23092_10716
206,chair,0.9011739,672,347,748,554,10716,23092,0.0170703125,0,23092_10716_0,23092_10716
207,person,0.87090933,287,151,576,625,10716,23092,0.1486393229166666,3,23092_10716_3,23092_10716
208,person,0.78944635,729,177,879,467,10716,23092,0.0472005208333333,1,23092_10716_1,23092_10716
209,person,0.5500191999999999,185,243,538,699,10716,23092,0.1746614583333333,4,23092_10716_4,23092_10716
210,person,0.9491465,392,104,644,642,10830,23092,0.147109375,3,23092_10830_3,23092_10830
211,person,0.8435630999999999,542,125,713,532,10830,23092,0.075517578125,2,23092_10830_2,23092_10830
212,chair,0.6337669,868,471,1046,654,10830,23092,0.0353450520833333,1,23092_10830_1,23092_10830
213,chair,0.5608531999999999,663,381,803,546,10830,23092,0.0250651041666666,0,23092_10830_0,23092_10830
214,person,0.9919207,430,91,681,711,10944,23092,0.1688585069444444,0,23092_10944_0,23092_10944
215,person,0.88872486,337,30,1091,692,11058,23092,0.5416102430555556,1,23092_11058_1,23092_11058
216,person,0.8466398,261,0,828,699,11058,23092,0.430048828125,0,23092_11058_0,23092_11058
217,person,0.9960581,428,40,810,718,11172,23092,0.2810286458333333,1,23092_11172_1,23092_11172
218,person,0.64242136,681,266,812,547,11172,23092,0.0399424913194444,0,23092_11172_0,23092_11172
219,person,0.9978399,509,26,885,720,11286,23092,0.2831423611111111,1,23092_11286_1,23092_11286
220,chair,0.9179265,314,344,596,566,11286,23092,0.0679296875,0,23092_11286_0,23092_11286
221,person,0.99444604,676,25,987,700,11400,23092,0.227783203125,2,23092_11400_2,23092_11400
222,person,0.95177037,439,70,729,706,11400,23092,0.2001302083333333,1,23092_11400_1,23092_11400
223,chair,0.78552175,162,488,303,668,11400,23092,0.0275390625,0,23092_11400_0,23092_11400
224,person,0.9972736,629,18,971,710,11514,23092,0.256796875,1,23092_11514_1,23092_11514
225,person,0.9840201,355,81,685,698,11514,23092,0.2209309895833332,0,23092_11514_0,23092_11514
226,person,0.9923206,382,57,680,700,11628,23092,0.2079144965277777,1,23092_11628_1,23092_11628
227,person,0.9920169,692,13,941,716,11628,23092,0.1899381510416666,0,23092_11628_0,23092_11628
228,person,0.99242824,650,2,900,706,11742,23092,0.1909722222222222,3,23092_11742_3,23092_11742
229,person,0.83506083,371,73,659,591,11742,23092,0.161875,2,23092_11742_2,23092_11742
230,cat,0.7625085,429,404,658,720,11742,23092,0.0785199652777777,1,23092_11742_1,23092_11742
231,chair,0.7032662,156,269,317,660,11742,23092,0.0683062065972222,0,23092_11742_0,23092_11742
232,person,0.99229115,261,54,650,710,11856,23092,0.2768923611111111,2,23092_11856_2,23092_11856
233,person,0.98715925,657,0,907,720,11856,23092,0.1953125,1,23092_11856_1,23092_11856
234,cat,0.79594064,572,380,689,707,11856,23092,0.041513671875,0,23092_11856_0,23092_11856
235,person,0.9878491,710,0,953,700,11970,23092,0.1845703125,1,23092_11970_1,23092_11970
236,person,0.98558205,375,49,682,705,11970,23092,0.2185243055555555,2,23092_11970_2,23092_11970
237,chair,0.7733262,171,483,355,662,11970,23092,0.0357378472222222,0,23092_11970_0,23092_11970
238,person,0.99190056,669,59,889,705,12084,23092,0.1542100694444444,0,23092_12084_0,23092_12084
239,chair,0.9241131,767,295,900,482,12198,23092,0.0269867621527777,1,23092_12198_1,23092_12198
240,person,0.8128271,359,327,739,644,12198,23092,0.1307074652777777,4,23092_12198_4,23092_12198
241,chair,0.7314649000000001,972,425,1122,619,12198,23092,0.0315755208333333,2,23092_12198_2,23092_12198
242,chair,0.71948653,967,329,1126,607,12198,23092,0.0479622395833333,3,23092_12198_3,23092_12198
243,person,0.59905636,344,330,479,494,12198,23092,0.0240234375,0,23092_12198_0,23092_12198
244,person,0.9779323,330,78,961,643,12312,23092,0.3868435329861111,0,23092_12312_0,23092_12312
245,person,0.93873644,337,64,855,635,12426,23092,0.3209396701388889,1,23092_12426_1,23092_12426
246,tie,0.73814493,579,326,625,442,12426,23092,0.0057899305555555,0,23092_12426_0,23092_12426
247,person,0.9869695,387,58,958,686,12540,23092,0.3890928819444445,0,23092_12540_0,23092_12540
248,person,0.97734785,384,71,954,655,12654,23092,0.3611979166666667,1,23092_12654_1,23092_12654
249,cell phone,0.50394785,163,508,294,627,12654,23092,0.0169151475694444,0,23092_12654_0,23092_12654
250,person,0.95950633,385,105,778,497,12768,23092,0.1671614583333333,2,23092_12768_2,23092_12768
251,person,0.6341525,220,454,309,602,12768,23092,0.0142925347222222,0,23092_12768_0,23092_12768
252,elephant,0.55107546,791,278,1095,491,12768,23092,0.0702604166666666,1,23092_12768_1,23092_12768
253,person,0.9782099,362,128,686,433,12882,23092,0.1072265625,0,23092_12882_0,23092_12882
254,person,0.9294459,569,143,1107,672,12882,23092,0.3088129340277777,2,23092_12882_2,23092_12882
255,person,0.8216507,771,149,1098,470,12882,23092,0.113896484375,1,23092_12882_1,23092_12882
256,person,0.9601441,271,39,852,709,12996,23092,0.4223849826388889,0,23092_12996_0,23092_12996
257,person,0.99063134,368,32,933,703,13110,23092,0.4113661024305556,0,23092_13110_0,23092_13110
258,person,0.9672451,195,31,968,705,13224,23092,0.5653233506944444,0,23092_13224_0,23092_13224
259,person,0.97091407,168,5,644,690,13338,23092,0.3537977430555556,1,23092_13338_1,23092_13338
260,tie,0.57678753,463,321,532,472,13338,23092,0.0113053385416666,0,23092_13338_0,23092_13338
261,person,0.8291815999999999,254,26,1126,705,13452,23092,0.6424565972222223,1,23092_13452_1,23092_13452
262,person,0.5071218,841,588,1015,720,13452,23092,0.024921875,0,23092_13452_0,23092_13452
263,person,0.9966652,325,24,634,711,13566,23092,0.230341796875,0,23092_13566_0,23092_13566
264,person,0.9950964,633,117,997,704,13566,23092,0.2318446180555556,1,23092_13566_1,23092_13566
265,person,0.99815255,317,29,614,710,13680,23092,0.219462890625,0,23092_13680_0,23092_13680
266,person,0.99675167,643,123,1006,699,13680,23092,0.226875,1,23092_13680_1,23092_13680
267,person,0.996603,646,125,999,697,13794,23092,0.2190928819444444,1,23092_13794_1,23092_13794
268,person,0.99572855,322,42,619,709,13794,23092,0.214951171875,0,23092_13794_0,23092_13794
269,person,0.9968144,331,48,642,714,13908,23092,0.22474609375,0,23092_13908_0,23092_13908
270,person,0.9946443,634,120,1011,702,13908,23092,0.2380794270833333,1,23092_13908_1,23092_13908
271,person,0.99720687,336,19,629,714,14022,23092,0.2209581163194444,0,23092_14022_0,23092_14022
272,person,0.99420667,661,120,1037,703,14022,23092,0.2378559027777777,1,23092_14022_1,23092_14022
273,person,0.9924602,436,50,714,713,14136,23092,0.1999934895833332,0,23092_14136_0,23092_14136
274,person,0.9763182,650,96,1057,701,14136,23092,0.2671820746527777,2,23092_14136_2,23092_14136
275,person,0.6407283,543,110,887,720,14136,23092,0.2276909722222222,1,23092_14136_1,23092_14136
276,person,0.9811612,774,122,1029,675,14250,23092,0.1530110677083333,2,23092_14250_2,23092_14250
277,person,0.970014,573,63,769,679,14250,23092,0.1310069444444444,1,23092_14250_1,23092_14250
278,person,0.8394254999999999,825,129,1037,490,14250,23092,0.0830425347222222,0,23092_14250_0,23092_14250
279,person,0.9940528,460,51,785,707,14364,23092,0.2313368055555555,0,23092_14364_0,23092_14364
280,person,0.96199346,622,30,1099,671,14478,23092,0.331767578125,3,23092_14478_3,23092_14478
281,cup,0.96088505,670,597,720,661,14478,23092,0.0034722222222222,0,23092_14478_0,23092_14478
282,person,0.94935316,230,44,651,667,14478,23092,0.2845952690972222,2,23092_14478_2,23092_14478
283,cup,0.7605927,864,532,928,635,14478,23092,0.0071527777777777,1,23092_14478_1,23092_14478
284,person,0.6359989,496,18,955,692,14478,23092,0.33568359375,4,23092_14478_4,23092_14478
285,person,0.9796332,203,43,652,664,14592,23092,0.302548828125,2,23092_14592_2,23092_14592
286,person,0.9712017,598,22,1115,669,14592,23092,0.3629546440972222,3,23092_14592_3,23092_14592
287,cup,0.9188957,670,601,719,664,14592,23092,0.003349609375,0,23092_14592_0,23092_14592
288,cup,0.5225294,366,555,422,635,14592,23092,0.0048611111111111,1,23092_14592_1,23092_14592
289,person,0.9918371,543,24,1118,666,14706,23092,0.4005533854166667,3,23092_14706_3,23092_14706
290,person,0.9765767,223,19,629,659,14706,23092,0.2819444444444444,1,23092_14706_1,23092_14706
291,cup,0.93475497,668,596,719,666,14706,23092,0.0038736979166666,0,23092_14706_0,23092_14706
292,person,0.5103069,404,48,951,702,14706,23092,0.3881705729166667,2,23092_14706_2,23092_14706
293,cup,0.9812149,668,600,719,665,14820,23092,0.0035970052083333,0,23092_14820_0,23092_14820
294,person,0.97914666,656,38,1099,647,14820,23092,0.2927376302083333,2,23092_14820_2,23092_14820
295,person,0.9523206,248,47,701,652,14820,23092,0.2973795572916666,3,23092_14820_3,23092_14820
296,person,0.71387315,826,152,1140,691,14820,23092,0.1836436631944444,1,23092_14820_1,23092_14820
297,person,0.9846415,632,39,1135,659,14934,23092,0.3383897569444444,3,23092_14934_3,23092_14934
298,person,0.9712416,224,29,635,651,14934,23092,0.2773893229166667,2,23092_14934_2,23092_14934
299,cup,0.60003173,366,556,427,633,14934,23092,0.0050965711805555,0,23092_14934_0,23092_14934
300,person,0.51643986,317,87,708,692,14934,23092,0.2566786024305556,1,23092_14934_1,23092_14934
301,person,0.98707914,619,15,1141,659,15048,23092,0.364765625,1,23092_15048_1,23092_15048
302,person,0.98048043,210,46,651,652,15048,23092,0.28998046875,0,23092_15048_0,23092_15048
303,person,0.98345804,627,25,1117,631,15162,23092,0.3222005208333333,1,23092_15162_1,23092_15162
304,person,0.9819947,190,34,663,685,15162,23092,0.3341178385416666,2,23092_15162_2,23092_15162
305,cup,0.6261882,669,602,719,666,15162,23092,0.0034722222222222,0,23092_15162_0,23092_15162
306,person,0.98923934,198,62,654,685,15276,23092,0.3082552083333333,3,23092_15276_3,23092_15276
307,person,0.98628265,628,33,1118,656,15276,23092,0.3312391493055555,4,23092_15276_4,23092_15276
308,cup,0.90190893,669,600,720,675,15276,23092,0.004150390625,0,23092_15276_0,23092_15276
309,person,0.797914,231,306,483,631,15276,23092,0.0888671875,2,23092_15276_2,23092_15276
310,person,0.64829975,784,534,943,654,15276,23092,0.020703125,1,23092_15276_1,23092_15276
311,person,0.99128085,176,48,650,662,15390,23092,0.3157942708333333,1,23092_15390_1,23092_15390
312,person,0.9870768,633,18,1129,700,15390,23092,0.3670486111111111,2,23092_15390_2,23092_15390
313,cup,0.78698665,673,604,721,667,15390,23092,0.00328125,0,23092_15390_0,23092_15390
314,person,0.9828939,176,56,674,675,15504,23092,0.3344856770833333,2,23092_15504_2,23092_15504
315,person,0.97752756,642,25,1133,642,15504,23092,0.3287185329861111,1,23092_15504_1,23092_15504
316,person,0.76799107,455,171,656,656,15504,23092,0.1057779947916666,0,23092_15504_0,23092_15504
317,person,0.9913191,631,31,1118,666,15618,23092,0.3355523003472222,1,23092_15618_1,23092_15618
318,person,0.9900372,169,34,675,669,15618,23092,0.3486436631944444,2,23092_15618_2,23092_15618
319,cup,0.74203897,672,597,721,669,15618,23092,0.003828125,0,23092_15618_0,23092_15618
320,person,0.9911487,635,27,1127,649,15732,23092,0.3320572916666666,2,23092_15732_2,23092_15732
321,person,0.9895303,193,39,679,665,15732,23092,0.3301171875,1,23092_15732_1,23092_15732
322,cup,0.8237527,671,602,719,666,15732,23092,0.0033333333333333,0,23092_15732_0,23092_15732
323,person,0.98207766,196,56,664,661,15846,23092,0.3072265625,2,23092_15846_2,23092_15846
324,person,0.9796918,622,20,1068,660,15846,23092,0.3097222222222222,3,23092_15846_3,23092_15846
325,cup,0.74936503,676,600,719,669,15846,23092,0.0032194010416666,0,23092_15846_0,23092_15846
326,person,0.5125149,1026,284,1118,512,15846,23092,0.0227604166666666,1,23092_15846_1,23092_15846
327,person,0.99493176,180,68,695,675,15960,23092,0.3391981336805556,1,23092_15960_1,23092_15960
328,person,0.99495393,728,14,1168,686,15960,23092,0.3208333333333333,0,23092_15960_0,23092_15960
329,person,0.9917645,173,81,667,718,16074,23092,0.3414474826388889,3,23092_16074_3,23092_16074
330,person,0.8961654,714,114,887,600,16074,23092,0.09123046875,0,23092_16074_0,23092_16074
331,person,0.797804,711,45,1133,702,16074,23092,0.30083984375,2,23092_16074_2,23092_16074
332,person,0.71554196,658,113,922,691,16074,23092,0.1655729166666666,1,23092_16074_1,23092_16074
333,person,0.9813871,203,38,683,627,16188,23092,0.3067708333333333,1,23092_16188_1,23092_16188
334,person,0.76346904,994,171,1131,489,16188,23092,0.0472721354166666,0,23092_16188_0,23092_16188
335,person,0.9593142,750,351,929,630,16302,23092,0.054189453125,3,23092_16302_3,23092_16302
336,person,0.7910092,627,381,691,489,16302,23092,0.0075,0,23092_16302_0,23092_16302
337,person,0.68650657,369,347,453,649,16302,23092,0.0275260416666666,1,23092_16302_1,23092_16302
338,person,0.683377,423,325,589,646,16302,23092,0.0578190104166666,4,23092_16302_4,23092_16302
339,person,0.68014276,925,328,1123,714,16302,23092,0.0829296875,5,23092_16302_5,23092_16302
340,person,0.66248566,519,330,641,611,16302,23092,0.0371983506944444,2,23092_16302_2,23092_16302
341,wine glass,0.9499253,204,566,288,716,16416,23092,0.013671875,1,23092_16416_1,23092_16416
342,person,0.7882981,164,285,289,653,16416,23092,0.0499131944444444,4,23092_16416_4,23092_16416
343,person,0.7000374,893,319,978,507,16416,23092,0.0173394097222222,2,23092_16416_2,23092_16416
344,person,0.6902771,834,228,1126,677,16416,23092,0.1422612847222222,5,23092_16416_5,23092_16416
345,person,0.66699725,473,399,583,568,16416,23092,0.0201714409722222,3,23092_16416_3,23092_16416
346,person,0.5934818000000001,156,296,236,443,16416,23092,0.0127604166666666,0,23092_16416_0,23092_16416
347,wine glass,0.95794815,286,438,348,614,16530,23092,0.0118402777777777,0,23092_16530_0,23092_16530
348,person,0.9465094,21,96,314,704,16530,23092,0.1932986111111111,5,23092_16530_5,23092_16530
349,person,0.94462097,734,199,1067,646,16530,23092,0.161513671875,4,23092_16530_4,23092_16530
350,person,0.86331594,674,339,764,513,16530,23092,0.0169921875,1,23092_16530_1,23092_16530
351,cake,0.7015581999999999,461,429,763,622,16530,23092,0.0632443576388888,2,23092_16530_2,23092_16530
352,person,0.6505181,141,132,295,569,16530,23092,0.0730230034722222,3,23092_16530_3,23092_16530
353,dining table,0.5947468000000001,112,485,1156,710,16530,23092,0.2548828125,6,23092_16530_6,23092_16530
354,person,0.9910033,205,144,468,696,16644,23092,0.1575260416666666,5,23092_16644_5,23092_16644
355,person,0.97090137,770,206,1076,659,16644,23092,0.15041015625,4,23092_16644_4,23092_16644
356,person,0.7292265,592,323,646,438,16644,23092,0.00673828125,2,23092_16644_2,23092_16644
357,dining table,0.60862875,335,444,1072,701,16644,23092,0.2055219184027777,6,23092_16644_6,23092_16644
358,person,0.57657754,428,307,504,454,16644,23092,0.0121223958333333,3,23092_16644_3,23092_16644
359,cup,0.5437824,523,487,578,531,16644,23092,0.0026258680555555,0,23092_16644_0,23092_16644
360,person,0.51868004,562,315,606,437,16644,23092,0.0058246527777777,1,23092_16644_1,23092_16644
361,cake,0.51422065,323,430,1063,701,16644,23092,0.2175998263888889,7,23092_16644_7,23092_16644
362,person,0.98978794,206,154,475,695,16758,23092,0.1579090711805555,3,23092_16758_3,23092_16758
363,cup,0.72727567,521,484,580,529,16758,23092,0.002880859375,0,23092_16758_0,23092_16758
364,dining table,0.7219890999999999,341,443,1076,696,16758,23092,0.2017740885416666,4,23092_16758_4,23092_16758
365,teddy bear,0.7072642,762,211,1026,532,16758,23092,0.091953125,1,23092_16758_1,23092_16758
366,person,0.52782524,765,206,1064,616,16758,23092,0.1330186631944444,2,23092_16758_2,23092_16758
367,person,0.9938111,177,171,551,698,16872,23092,0.2138650173611111,3,23092_16872_3,23092_16872
368,person,0.7833182,981,312,1027,391,16872,23092,0.0039431423611111,0,23092_16872_0,23092_16872
369,teddy bear,0.66499203,761,206,1020,531,16872,23092,0.0913357204861111,2,23092_16872_2,23092_16872
370,chair,0.58269477,171,377,262,596,16872,23092,0.0216243489583333,1,23092_16872_1,23092_16872
371,dining table,0.5121137,250,390,1018,712,16872,23092,0.2683333333333333,4,23092_16872_4,23092_16872
372,person,0.99468356,185,180,567,702,16986,23092,0.2163671875,1,23092_16986_1,23092_16986
373,cup,0.8875566999999999,506,482,553,530,16986,23092,0.0024479166666666,0,23092_16986_0,23092_16986
374,bed,0.5708076,241,450,1072,716,16986,23092,0.2398502604166666,2,23092_16986_2,23092_16986
375,person,0.9887488,173,144,554,684,17100,23092,0.2232421875,4,23092_17100_4,23092_17100
376,cup,0.8526016,498,483,553,530,17100,23092,0.0028049045138888,0,23092_17100_0,23092_17100
377,person,0.76251745,760,200,1047,651,17100,23092,0.1404481336805555,2,23092_17100_2,23092_17100
378,person,0.6010445,994,321,1049,388,17100,23092,0.0039984809027777,1,23092_17100_1,23092_17100
379,dining table,0.51205194,257,462,1049,720,17100,23092,0.22171875,3,23092_17100_3,23092_17100
380,person,0.9944882,155,154,427,711,17214,23092,0.1643923611111111,5,23092_17214_5,23092_17214
381,tie,0.8649503000000001,314,323,366,442,17214,23092,0.0067144097222222,1,23092_17214_1,23092_17214
382,person,0.83952796,527,310,601,447,17214,23092,0.0110004340277777,3,23092_17214_3,23092_17214
383,person,0.7900878,768,201,1048,638,17214,23092,0.1327690972222222,4,23092_17214_4,23092_17214
384,person,0.7045583000000001,386,308,459,412,17214,23092,0.0082378472222222,2,23092_17214_2,23092_17214
385,dining table,0.54302853,294,425,1050,711,17214,23092,0.234609375,6,23092_17214_6,23092_17214
386,cat,0.5004185999999999,570,373,624,480,17214,23092,0.00626953125,0,23092_17214_0,23092_17214
387,person,0.99584204,168,150,452,700,17328,23092,0.1694878472222222,2,23092_17328_2,23092_17328
388,person,0.8780061,570,295,643,437,17328,23092,0.0112478298611111,0,23092_17328_0,23092_17328
389,person,0.7895174,791,193,1061,675,17328,23092,0.1412109375,1,23092_17328_1,23092_17328
390,cake,0.5338861,301,329,1072,718,17328,23092,0.3254329427083333,4,23092_17328_4,23092_17328
391,dining table,0.5331796999999999,345,418,1032,716,17328,23092,0.2221419270833333,3,23092_17328_3,23092_17328
392,person,0.9960924,219,169,531,688,17442,23092,0.175703125,7,23092_17442_7,23092_17442
393,person,0.86449176,570,298,640,448,17442,23092,0.0113932291666666,4,23092_17442_4,23092_17442
394,person,0.8414136999999999,759,185,1063,651,17442,23092,0.1537152777777777,6,23092_17442_6,23092_17442
395,person,0.7811657,762,303,824,401,17442,23092,0.0065928819444444,3,23092_17442_3,23092_17442
396,cup,0.75576824,517,482,570,529,17442,23092,0.0027029079861111,0,23092_17442_0,23092_17442
397,dining table,0.7424476,309,458,1018,712,17442,23092,0.1954058159722222,8,23092_17442_8,23092_17442
398,person,0.66167337,542,297,621,461,17442,23092,0.0140581597222222,5,23092_17442_5,23092_17442
399,person,0.60518205,598,304,646,419,17442,23092,0.0059895833333333,2,23092_17442_2,23092_17442
400,tie,0.50484663,409,337,460,432,17442,23092,0.0052571614583333,1,23092_17442_1,23092_17442
401,person,0.9944516,205,157,573,707,17556,23092,0.2196180555555555,4,23092_17556_4,23092_17556
402,cup,0.892178,522,488,569,529,17556,23092,0.0020909288194444,0,23092_17556_0,23092_17556
403,person,0.8182138000000001,537,321,608,443,17556,23092,0.0093988715277777,2,23092_17556_2,23092_17556
404,teddy bear,0.64751625,768,206,1039,544,17556,23092,0.0993901909722222,3,23092_17556_3,23092_17556
405,person,0.5951867,188,309,246,390,17556,23092,0.00509765625,1,23092_17556_1,23092_17556
406,person,0.99443465,206,186,561,699,17670,23092,0.197607421875,3,23092_17670_3,23092_17670
407,person,0.8388677999999999,785,321,840,421,17670,23092,0.0059678819444444,1,23092_17670_1,23092_17670
408,person,0.7735860999999999,780,212,1063,670,17670,23092,0.1406401909722222,2,23092_17670_2,23092_17670
409,cup,0.70328045,510,478,568,526,17670,23092,0.0030208333333333,0,23092_17670_0,23092_17670
410,dining table,0.6173854999999999,325,446,1059,708,17670,23092,0.2086675347222222,4,23092_17670_4,23092_17670
411,person,0.9971239,171,147,451,703,17784,23092,0.1689236111111111,6,23092_17784_6,23092_17784
412,cup,0.8588495999999999,519,487,565,531,17784,23092,0.0021961805555555,0,23092_17784_0,23092_17784
413,person,0.8565742000000001,795,205,1048,534,17784,23092,0.0903179253472222,3,23092_17784_3,23092_17784
414,person,0.79520196,820,205,1071,688,17784,23092,0.1315462239583333,4,23092_17784_4,23092_17784
415,person,0.75152206,536,321,579,462,17784,23092,0.0065787760416666,1,23092_17784_1,23092_17784
416,dining table,0.5474051999999999,357,476,1017,711,17784,23092,0.1682942708333333,5,23092_17784_5,23092_17784
417,cake,0.51796436,587,347,806,549,17784,23092,0.0480013020833333,2,23092_17784_2,23092_17784
418,person,0.99614197,165,153,439,708,17898,23092,0.1650065104166666,4,23092_17898_4,23092_17898
419,cup,0.82680875,516,486,566,528,17898,23092,0.0022786458333333,0,23092_17898_0,23092_17898
420,person,0.6397593,782,198,1052,548,17898,23092,0.1025390625,3,23092_17898_3,23092_17898
421,dining table,0.54943854,350,443,1062,696,17898,23092,0.1954600694444444,5,23092_17898_5,23092_17898
422,person,0.5188695,535,332,609,456,17898,23092,0.0099565972222222,2,23092_17898_2,23092_17898
423,person,0.5095561,598,326,661,404,17898,23092,0.00533203125,1,23092_17898_1,23092_17898
424,person,0.94975895,292,31,1050,684,18012,23092,0.5370811631944444,3,23092_18012_3,23092_18012
425,person,0.7655675000000001,181,249,369,553,18012,23092,0.0620138888888888,1,23092_18012_1,23092_18012
426,cake,0.7278241,339,158,1030,713,18012,23092,0.4161295572916667,2,23092_18012_2,23092_18012
427,person,0.71460664,322,231,512,524,18012,23092,0.0604058159722222,0,23092_18012_0,23092_18012
428,person,0.93358225,995,237,1117,626,18126,23092,0.0514952256944444,0,23092_18126_0,23092_18126
429,person,0.86008215,389,32,1058,712,18126,23092,0.4936197916666666,2,23092_18126_2,23092_18126
430,cake,0.60025215,303,279,1032,720,18126,23092,0.348837890625,1,23092_18126_1,23092_18126
431,person,0.99025613,192,11,897,711,18240,23092,0.5354817708333334,4,23092_18240_4,23092_18240
432,wine glass,0.8755065000000001,356,540,461,720,18240,23092,0.0205078125,0,23092_18240_0,23092_18240
433,person,0.8455254000000001,972,310,1119,605,18240,23092,0.0470540364583333,2,23092_18240_2,23092_18240
434,person,0.73895407,841,268,973,435,18240,23092,0.0239192708333333,1,23092_18240_1,23092_18240
435,person,0.62070453,194,179,610,709,18240,23092,0.2392361111111111,3,23092_18240_3,23092_18240
436,person,0.99593914,206,38,879,718,18354,23092,0.4965711805555556,4,23092_18354_4,23092_18354
437,person,0.9531622,941,299,1081,601,18354,23092,0.0458767361111111,2,23092_18354_2,23092_18354
438,person,0.88123065,1032,348,1119,605,18354,23092,0.0242610677083333,1,23092_18354_1,23092_18354
439,wine glass,0.8544665000000001,350,530,459,720,18354,23092,0.0224717881944444,0,23092_18354_0,23092_18354
440,person,0.6407472,197,286,608,715,18354,23092,0.191318359375,3,23092_18354_3,23092_18354
441,person,0.99015534,176,41,932,712,18468,23092,0.5504296875,4,23092_18468_4,23092_18468
442,person,0.8503368,426,34,887,671,18468,23092,0.3186382378472222,2,23092_18468_2,23092_18468
443,person,0.8332518,190,285,626,713,18468,23092,0.2024826388888889,1,23092_18468_1,23092_18468
444,person,0.6333199,167,135,703,713,18468,23092,0.3361631944444444,3,23092_18468_3,23092_18468
445,person,0.51681334,174,373,258,555,18468,23092,0.0165885416666666,0,23092_18468_0,23092_18468
446,person,0.9184131,275,43,1084,668,18582,23092,0.5486382378472222,1,23092_18582_1,23092_18582
447,cake,0.6696251999999999,258,313,1050,712,18582,23092,0.342890625,0,23092_18582_0,23092_18582
448,person,0.90800107,291,33,1102,705,18696,23092,0.5913541666666666,2,23092_18696_2,23092_18696
449,person,0.5353435000000001,457,276,577,404,18696,23092,0.0166666666666666,0,23092_18696_0,23092_18696
450,cake,0.5218593,278,276,1075,717,18696,23092,0.381376953125,1,23092_18696_1,23092_18696
451,person,0.93640006,290,44,1100,720,18810,23092,0.594140625,3,23092_18810_3,23092_18810
452,person,0.91051525,218,182,364,566,18810,23092,0.0608333333333333,2,23092_18810_2,23092_18810
453,person,0.8755963,322,230,476,546,18810,23092,0.0528038194444444,1,23092_18810_1,23092_18810
454,person,0.675284,497,233,591,381,18810,23092,0.0150954861111111,0,23092_18810_0,23092_18810
455,person,0.9951184,179,5,853,720,18924,23092,0.5229058159722222,6,23092_18924_6,23092_18924
456,wine glass,0.87316316,353,530,459,720,18924,23092,0.0218532986111111,2,23092_18924_2,23092_18924
457,person,0.7995055,987,320,1062,605,18924,23092,0.023193359375,3,23092_18924_3,23092_18924
458,person,0.73254675,866,292,1008,605,18924,23092,0.0482269965277777,5,23092_18924_5,23092_18924
459,person,0.7224754,778,257,909,581,18924,23092,0.0460546875,4,23092_18924_4,23092_18924
460,person,0.7191253000000001,692,288,755,372,18924,23092,0.0057421875,0,23092_18924_0,23092_18924
461,person,0.5011128,916,298,1012,442,18924,23092,0.015,1,23092_18924_1,23092_18924
462,person,0.8771475000000001,308,13,1099,703,19038,23092,0.5922200520833333,2,23092_19038_2,23092_19038
463,person,0.6366961,432,248,545,421,19038,23092,0.0212120225694444,0,23092_19038_0,23092_19038
464,person,0.6039062,971,189,1117,547,19038,23092,0.0567144097222222,1,23092_19038_1,23092_19038
465,person,0.99236476,328,287,508,614,19152,23092,0.0638671875,1,23092_19152_1,23092_19152
466,person,0.9537045,639,306,812,564,19152,23092,0.0484309895833333,0,23092_19152_0,23092_19152
467,person,0.97544265,278,165,481,621,19266,23092,0.1004427083333333,3,23092_19266_3,23092_19266
468,person,0.9702976,681,308,855,633,19266,23092,0.0613606770833333,2,23092_19266_2,23092_19266
469,person,0.6382759,930,429,1011,502,19266,23092,0.006416015625,1,23092_19266_1,23092_19266
470,person,0.5896332,976,412,1021,467,19266,23092,0.002685546875,0,23092_19266_0,23092_19266
471,dining table,0.53747696,407,442,808,673,19266,23092,0.1005110677083333,4,23092_19266_4,23092_19266
472,person,0.9932801,577,34,833,711,19380,23092,0.1880555555555556,0,23092_19380_0,23092_19380
473,person,0.8975348,864,214,1039,563,19494,23092,0.0662706163194444,2,23092_19494_2,23092_19494
474,person,0.8962254999999999,548,264,699,525,19494,23092,0.042763671875,1,23092_19494_1,23092_19494
475,person,0.64648265,213,316,282,459,19494,23092,0.0107063802083333,0,23092_19494_0,23092_19494
476,chair,0.5708021,221,355,493,680,19494,23092,0.0959201388888889,3,23092_19494_3,23092_19494
477,person,0.8174716999999999,445,179,1155,701,19608,23092,0.4021484375,0,23092_19608_0,23092_19608
478,person,0.74939156,509,169,1245,700,19722,23092,0.4240625,3,23092_19722_3,23092_19722
479,person,0.6230953,316,333,882,702,19722,23092,0.22662109375,0,23092_19722_0,23092_19722
480,cat,0.5441103,513,301,1278,675,19722,23092,0.31044921875,2,23092_19722_2,23092_19722
481,person,0.54247683,195,289,719,692,19722,23092,0.2291362847222222,1,23092_19722_1,23092_19722
482,person,0.9571491,345,121,1096,628,19836,23092,0.4131477864583333,2,23092_19836_2,23092_19836
483,person,0.5824355999999999,1006,334,1129,470,19836,23092,0.0181510416666666,0,23092_19836_0,23092_19836
484,person,0.51441765,625,138,1230,697,19836,23092,0.3669650607638889,1,23092_19836_1,23092_19836
485,person,0.89376754,373,122,776,564,19950,23092,0.1932790798611111,2,23092_19950_2,23092_19950
486,person,0.80735457,410,310,982,709,19950,23092,0.2476432291666667,4,23092_19950_4,23092_19950
487,person,0.71515256,497,175,767,543,19950,23092,0.1078125,0,23092_19950_0,23092_19950
488,person,0.71032524,499,248,926,667,19950,23092,0.1941330295138889,3,23092_19950_3,23092_19950
489,person,0.676473,627,385,964,708,19950,23092,0.1181108940972222,1,23092_19950_1,23092_19950
490,person,0.5789535,364,182,852,675,19950,23092,0.2610503472222222,5,23092_19950_5,23092_19950
491,person,0.83449066,569,72,894,378,20178,23092,0.10791015625,0,23092_20178_0,23092_20178
492,person,0.57596797,579,72,915,580,20178,23092,0.1852083333333333,1,23092_20178_1,23092_20178
493,person,0.99006504,526,42,658,582,20292,23092,0.07734375,0,23092_20292_0,23092_20292
494,person,0.9397417,534,105,787,629,20406,23092,0.1438498263888888,3,23092_20406_3,23092_20406
495,person,0.9083133,636,221,930,712,20406,23092,0.1566341145833333,4,23092_20406_4,23092_20406
496,person,0.8927455,555,95,780,460,20406,23092,0.089111328125,2,23092_20406_2,23092_20406
497,person,0.6698914,781,45,943,431,20406,23092,0.0678515625,1,23092_20406_1,23092_20406
498,person,0.6299581999999999,736,256,852,368,20406,23092,0.0140972222222222,0,23092_20406_0,23092_20406
499,person,0.957748,452,49,689,720,20520,23092,0.1725553385416666,2,23092_20520_2,23092_20520
500,chair,0.65969294,610,526,841,720,20520,23092,0.0486263020833333,0,23092_20520_0,23092_20520
501,person,0.6315464,469,41,676,476,20520,23092,0.097705078125,1,23092_20520_1,23092_20520
502,person,0.87196565,592,151,777,534,20634,23092,0.0768825954861111,0,23092_20634_0,23092_20634
503,person,0.7652722,486,45,657,554,20634,23092,0.094443359375,2,23092_20634_2,23092_20634
504,person,0.7220029,482,32,726,671,20634,23092,0.1691796875,3,23092_20634_3,23092_20634
505,person,0.6327843000000001,504,36,720,386,20634,23092,0.08203125,1,23092_20634_1,23092_20634
506,person,0.98580056,517,35,872,702,20748,23092,0.2569281684027777,4,23092_20748_4,23092_20748
507,tie,0.91611594,665,127,694,186,20748,23092,0.0018565538194444,0,23092_20748_0,23092_20748
508,person,0.81721985,496,68,672,681,20748,23092,0.1170659722222222,3,23092_20748_3,23092_20748
509,person,0.78746045,161,142,224,226,20748,23092,0.0057421875,1,23092_20748_1,23092_20748
510,chair,0.52553064,364,308,544,567,20748,23092,0.0505859375,2,23092_20748_2,23092_20748
511,person,0.9796331,613,31,798,544,20862,23092,0.102978515625,1,23092_20862_1,23092_20862
512,person,0.9766425,507,65,646,715,20862,23092,0.0980360243055555,0,23092_20862_0,23092_20862
513,person,0.78342104,568,7,752,679,20862,23092,0.1341666666666666,2,23092_20862_2,23092_20862
514,person,0.98711616,505,25,778,701,20976,23092,0.2002473958333333,4,23092_20976_4,23092_20976
515,person,0.94362473,478,74,656,698,20976,23092,0.1205208333333333,2,23092_20976_2,23092_20976
516,person,0.89115685,578,27,796,533,20976,23092,0.1196918402777777,1,23092_20976_1,23092_20976
517,person,0.75496674,593,3,868,661,20976,23092,0.1963433159722222,3,23092_20976_3,23092_20976
518,person,0.7248038,160,147,222,227,20976,23092,0.0053819444444444,0,23092_20976_0,23092_20976
519,person,0.9898949,829,54,1069,591,21090,23092,0.13984375,3,23092_21090_3,23092_21090
520,person,0.9377309,529,63,786,550,21090,23092,0.1358062065972222,2,23092_21090_2,23092_21090
521,person,0.79086363,539,83,696,517,21090,23092,0.0739344618055555,1,23092_21090_1,23092_21090
522,person,0.6090209,385,338,600,477,21090,23092,0.0324273003472222,0,23092_21090_0,23092_21090
523,person,0.52887034,450,36,815,701,21090,23092,0.2633734809027778,4,23092_21090_4,23092_21090
524,person,0.9949183,607,62,985,703,21204,23092,0.26291015625,1,23092_21204_1,23092_21204
525,person,0.98162854,310,188,557,713,21204,23092,0.1407063802083333,0,23092_21204_0,23092_21204
526,person,0.98581123,577,109,992,684,21432,23092,0.2589246961805556,2,23092_21432_2,23092_21432
527,person,0.97309124,325,127,635,713,21432,23092,0.1971137152777777,1,23092_21432_1,23092_21432
528,cake,0.7116975,511,112,650,259,21432,23092,0.0221712239583333,0,23092_21432_0,23092_21432
529,person,0.6191251,366,88,773,695,21432,23092,0.2680653211805555,3,23092_21432_3,23092_21432
530,person,0.9949694,543,27,1053,720,21546,23092,0.38349609375,2,23092_21546_2,23092_21546
531,person,0.9855965,288,92,557,706,21546,23092,0.1792165798611111,1,23092_21546_1,23092_21546
532,person,0.61686003,277,270,500,696,21546,23092,0.1030794270833333,0,23092_21546_0,23092_21546
533,person,0.99749243,549,20,1081,720,21660,23092,0.4040798611111111,1,23092_21660_1,23092_21660
534,person,0.9908042,313,99,580,714,21660,23092,0.178173828125,0,23092_21660_0,23092_21660
535,person,0.9709237,653,25,920,692,21774,23092,0.1932389322916666,3,23092_21774_3,23092_21774
536,person,0.8878166,594,84,745,383,21774,23092,0.0489898003472222,0,23092_21774_0,23092_21774
537,person,0.7300319000000001,695,31,915,501,21774,23092,0.1121961805555555,1,23092_21774_1,23092_21774
538,couch,0.5312102,156,416,644,708,21774,23092,0.1546180555555555,2,23092_21774_2,23092_21774
539,person,0.9700903,620,25,884,692,21888,23092,0.1910677083333333,3,23092_21888_3,23092_21888
540,person,0.94504064,511,143,667,702,21888,23092,0.0946223958333333,1,23092_21888_1,23092_21888
541,person,0.76946646,516,86,670,517,21888,23092,0.0720203993055555,0,23092_21888_0,23092_21888
542,couch,0.5866129,143,422,545,720,21888,23092,0.1299869791666666,2,23092_21888_2,23092_21888
543,person,0.98765147,616,27,895,701,22002,23092,0.20404296875,2,23092_22002_2,23092_22002
544,person,0.9152062,497,105,663,720,22002,23092,0.1107747395833333,0,23092_22002_0,23092_22002
545,couch,0.82118756,160,411,595,704,22002,23092,0.1382975260416666,1,23092_22002_1,23092_22002
546,person,0.98871523,601,23,894,702,22116,23092,0.2158713107638888,4,23092_22116_4,23092_22116
547,person,0.7874523,502,125,641,625,22116,23092,0.0754123263888889,1,23092_22116_1,23092_22116
548,person,0.77028775,480,67,664,698,22116,23092,0.1259809027777777,3,23092_22116_3,23092_22116
549,couch,0.65417457,163,424,535,720,22116,23092,0.1194791666666666,2,23092_22116_2,23092_22116
550,person,0.56824565,480,361,661,711,22116,23092,0.0687391493055555,0,23092_22116_0,23092_22116
551,person,0.98592013,617,23,890,720,22230,23092,0.2064680989583332,3,23092_22230_3,23092_22230
552,person,0.90924853,502,159,662,684,22230,23092,0.0911458333333333,0,23092_22230_0,23092_22230
553,couch,0.80357647,150,396,688,695,22230,23092,0.1745464409722222,2,23092_22230_2,23092_22230
554,potted plant,0.62223923,864,253,1129,660,22230,23092,0.1170301649305555,1,23092_22230_1,23092_22230
555,person,0.96442974,447,68,777,674,22344,23092,0.2169921875,0,23092_22344_0,23092_22344
556,person,0.9811602,495,64,802,718,22458,23092,0.2178580729166666,1,23092_22458_1,23092_22458
557,person,0.5357134,584,54,767,399,22458,23092,0.068505859375,0,23092_22458_0,23092_22458
558,person,0.9884899,382,124,671,687,22572,23092,0.1765483940972222,4,23092_22572_4,23092_22572
559,person,0.6919715,471,118,680,610,22572,23092,0.1115755208333333,3,23092_22572_3,23092_22572
560,person,0.6591548,859,348,1032,650,22572,23092,0.0566905381944444,2,23092_22572_2,23092_22572
561,chair,0.6337362,489,561,775,716,22572,23092,0.0481011284722222,1,23092_22572_1,23092_22572
562,person,0.5052996,880,355,997,493,22572,23092,0.01751953125,0,23092_22572_0,23092_22572
563,person,0.7189995,487,540,769,720,22686,23092,0.055078125,0,23092_22686_0,23092_22686
564,bench,0.57524383,558,219,778,294,22800,23092,0.0179036458333333,0,23092_22800_0,23092_22800
565,person,0.91121083,716,290,823,584,23142,23092,0.0341341145833333,0,23092_23142_0,23092_23142
566,person,0.98573893,526,179,709,695,23370,23092,0.1024609375,0,23092_23370_0,23092_23370
567,person,0.97925985,414,0,708,658,23484,23092,0.2099088541666666,2,23092_23484_2,23092_23484
568,person,0.91268635,1047,400,1125,551,23484,23092,0.0127799479166666,0,23092_23484_0,23092_23484
569,person,0.8741568999999999,418,2,1067,532,23484,23092,0.3732313368055555,3,23092_23484_3,23092_23484
570,person,0.57943803,456,0,697,446,23484,23092,0.1166297743055555,1,23092_23484_1,23092_23484
571,person,0.8073178000000001,686,6,897,334,23598,23092,0.0750954861111111,0,23092_23598_0,23092_23598
572,person,0.76010114,456,24,1167,696,23598,23092,0.5184375,2,23092_23598_2,23092_23598
573,person,0.58682406,123,10,969,528,23598,23092,0.4755078125,1,23092_23598_1,23092_23598
574,person,0.9956781,494,37,940,720,23712,23092,0.3305316840277778,0,23092_23712_0,23092_23712
575,person,0.9773751,422,101,715,594,23826,23092,0.1567371961805555,2,23092_23826_2,23092_23826
576,person,0.72519815,837,344,1055,612,23826,23092,0.0633940972222222,1,23092_23826_1,23092_23826
577,mouse,0.6533494000000001,803,0,1030,187,23826,23092,0.0460601128472222,0,23092_23826_0,23092_23826
578,person,0.88253796,681,56,784,258,23940,23092,0.0225759548611111,0,23092_23940_0,23092_23940
579,person,0.85881054,427,58,852,572,23940,23092,0.2370334201388889,1,23092_23940_1,23092_23940
580,person,0.9194313,366,30,814,665,24054,23092,0.3086805555555556,2,23092_24054_2,23092_24054
581,person,0.62320364,552,21,771,368,24054,23092,0.0824576822916666,1,23092_24054_1,23092_24054
582,person,0.6101837,555,20,670,212,24054,23092,0.0239583333333333,0,23092_24054_0,23092_24054
583,person,0.99642867,594,52,941,699,24168,23092,0.2436078559027777,1,23092_24168_1,23092_24168
584,person,0.98768497,321,96,608,704,24168,23092,0.1893402777777778,0,23092_24168_0,23092_24168
585,person,0.99650335,559,36,943,706,24282,23092,0.2791666666666667,1,23092_24282_1,23092_24282
586,person,0.9712171,322,104,667,701,24282,23092,0.223486328125,0,23092_24282_0,23092_24282
587,person,0.98360425,548,57,851,711,24396,23092,0.21501953125,2,23092_24396_2,23092_24396
588,person,0.9824132,334,172,595,717,24396,23092,0.154345703125,1,23092_24396_1,23092_24396
589,cake,0.7202885,470,111,612,244,24396,23092,0.0204926215277777,0,23092_24396_0,23092_24396
590,person,0.9845941,833,104,1152,703,24510,23092,0.2073361545138889,0,23092_24510_0,23092_24510
591,bed,0.9643027,161,437,1116,713,24624,23092,0.2860026041666667,3,23092_24624_3,23092_24624
592,person,0.94598156,734,186,820,446,24624,23092,0.0242621527777777,0,23092_24624_0,23092_24624
593,bed,0.7971599,346,502,1134,720,24624,23092,0.1863975694444444,2,23092_24624_2,23092_24624
594,chair,0.59792304,907,383,1043,550,24624,23092,0.0246440972222222,1,23092_24624_1,23092_24624
595,bed,0.9671638,166,454,1191,720,24738,23092,0.2958441840277778,0,23092_24738_0,23092_24738
596,bed,0.9748873,145,441,1149,720,24852,23092,0.3039453125,1,23092_24852_1,23092_24852
597,person,0.9737775,707,162,818,451,24852,23092,0.0348079427083333,0,23092_24852_0,23092_24852
598,person,0.98462796,677,152,824,538,24966,23092,0.0615690104166666,0,23092_24966_0,23092_24966
599,bed,0.9711949,176,478,1133,720,24966,23092,0.2512955729166666,2,23092_24966_2,23092_24966
600,person,0.70408666,160,228,317,597,24966,23092,0.062861328125,1,23092_24966_1,23092_24966
601,person,0.98746246,641,131,810,537,25080,23092,0.0744509548611111,1,23092_25080_1,23092_25080
602,bed,0.9826517,172,481,1104,719,25080,23092,0.2406857638888889,3,23092_25080_3,23092_25080
603,tie,0.57979584,689,214,706,257,25080,23092,0.0007931857638888,0,23092_25080_0,23092_25080
604,person,0.5773284000000001,148,215,313,637,25080,23092,0.0755533854166666,2,23092_25080_2,23092_25080
605,person,0.9979665,601,140,785,521,25194,23092,0.0760677083333333,0,23092_25194_0,23092_25194
606,bed,0.9588405,126,482,1147,720,25194,23092,0.2636697048611111,1,23092_25194_1,23092_25194
607,person,0.9937063,531,139,691,531,25308,23092,0.0680555555555555,0,23092_25308_0,23092_25308
608,bed,0.8949079,155,464,1172,716,25308,23092,0.2780859375,1,23092_25308_1,23092_25308
609,person,0.98898494,378,160,555,524,25422,23092,0.0699088541666666,1,23092_25422_1,23092_25422
610,bed,0.9713643,98,435,1148,720,25422,23092,0.32470703125,2,23092_25422_2,23092_25422
611,chair,0.5096801999999999,914,388,1057,540,25422,23092,0.0235850694444444,0,23092_25422_0,23092_25422
612,person,0.98764265,385,171,571,526,25536,23092,0.0716471354166666,2,23092_25536_2,23092_25536
613,bed,0.9819744,118,446,1132,714,25536,23092,0.2948697916666666,4,23092_25536_4,23092_25536
614,person,0.64828336,151,229,316,633,25536,23092,0.0723307291666666,3,23092_25536_3,23092_25536
615,chair,0.6436201,304,302,406,492,25536,23092,0.0210286458333333,0,23092_25536_0,23092_25536
616,chair,0.53054136,907,383,1047,540,25536,23092,0.0238498263888888,1,23092_25536_1,23092_25536
617,person,0.98542815,506,115,826,691,25650,23092,0.2,0,23092_25650_0,23092_25650
618,person,0.9582693,363,65,714,705,25764,23092,0.24375,0,23092_25764_0,23092_25764
619,person,0.99403,473,202,863,708,25878,23092,0.2141276041666666,0,23092_25878_0,23092_25878
620,person,0.9895132,537,160,876,703,26106,23092,0.199736328125,0,23092_26106_0,23092_26106
621,person,0.89202857,580,180,971,714,26220,23092,0.2265559895833333,3,23092_26220_3,23092_26220
622,person,0.6011350999999999,482,106,679,601,26220,23092,0.105810546875,0,23092_26220_0,23092_26220
623,person,0.5612159000000001,483,126,785,626,26220,23092,0.1638454861111111,1,23092_26220_1,23092_26220
624,cat,0.55242395,611,235,966,698,26220,23092,0.1783474392361111,2,23092_26220_2,23092_26220
625,person,0.9986197,416,31,733,717,26334,23092,0.2359613715277777,0,23092_26334_0,23092_26334
626,person,0.9959971,495,0,815,710,26448,23092,0.2465277777777778,2,23092_26448_2,23092_26448
627,vase,0.7322285,549,378,775,712,26448,23092,0.0819053819444444,1,23092_26448_1,23092_26448
628,tie,0.5390875,651,158,679,230,26448,23092,0.0021875,0,23092_26448_0,23092_26448
629,person,0.9933077,538,103,894,635,26562,23092,0.2055034722222222,0,23092_26562_0,23092_26562
630,cat,0.82414055,519,299,841,552,26676,23092,0.0883962673611111,0,23092_26676_0,23092_26676
631,person,0.92895997,477,313,853,614,26790,23092,0.1228038194444444,0,23092_26790_0,23092_26790
632,person,0.9546637,537,135,852,581,26904,23092,0.15244140625,0,23092_26904_0,23092_26904
633,cake,0.53134763,189,509,1098,705,26904,23092,0.1933203125,1,23092_26904_1,23092_26904
634,person,0.990141,546,87,859,571,27018,23092,0.1643793402777778,2,23092_27018_2,23092_27018
635,person,0.7456716999999999,574,490,756,599,27018,23092,0.0215256076388888,0,23092_27018_0,23092_27018
636,bottle,0.504912,150,137,420,530,27018,23092,0.11513671875,1,23092_27018_1,23092_27018
637,person,0.99412495,462,40,858,619,27132,23092,0.2487890625,0,23092_27132_0,23092_27132
638,person,0.8413461999999999,0,10,221,714,27246,23092,0.1688194444444444,0,23092_27246_0,23092_27246
639,bed,0.63555664,141,447,868,720,27246,23092,0.2153548177083333,1,23092_27246_1,23092_27246
640,person,0.9898357,730,112,1081,716,27360,23092,0.2300390625,0,23092_27360_0,23092_27360
641,person,0.997741,337,0,711,717,27474,23092,0.2909700520833333,1,23092_27474_1,23092_27474
642,person,0.97904676,730,89,1009,693,27474,23092,0.1828515625,0,23092_27474_0,23092_27474
643,person,0.99435645,360,5,716,719,27588,23092,0.2758072916666667,1,23092_27588_1,23092_27588
644,person,0.9524647,772,102,1021,698,27588,23092,0.1610286458333333,0,23092_27588_0,23092_27588
645,person,0.5420041999999999,485,25,960,697,27588,23092,0.3463541666666667,2,23092_27588_2,23092_27588
646,person,0.99258864,419,5,717,705,27702,23092,0.2263454861111111,1,23092_27702_1,23092_27702
647,person,0.9810222,711,87,1005,690,27702,23092,0.19236328125,0,23092_27702_0,23092_27702
648,person,0.68015426,467,10,888,720,27702,23092,0.3243381076388889,2,23092_27702_2,23092_27702
649,person,0.9900238,509,32,765,702,27816,23092,0.1861111111111111,1,23092_27816_1,23092_27816
650,person,0.8948273000000001,703,74,886,617,27816,23092,0.107822265625,0,23092_27816_0,23092_27816
651,person,0.9750724,490,61,736,710,27930,23092,0.1732356770833333,2,23092_27930_2,23092_27930
652,person,0.9542315,665,91,893,704,27930,23092,0.1516536458333333,1,23092_27930_1,23092_27930
653,person,0.85679394,404,0,461,163,27930,23092,0.0100813802083333,0,23092_27930_0,23092_27930
654,person,0.98767984,493,58,760,707,28044,23092,0.1880240885416666,2,23092_28044_2,23092_28044
655,person,0.8745039000000001,399,3,503,174,28044,23092,0.019296875,0,23092_28044_0,23092_28044
656,person,0.7527998,633,81,885,701,28044,23092,0.16953125,1,23092_28044_1,23092_28044
657,person,0.98800874,501,48,754,708,28158,23092,0.1811848958333333,2,23092_28158_2,23092_28158
658,person,0.8249194,627,91,875,709,28158,23092,0.1663020833333333,1,23092_28158_1,23092_28158
659,person,0.79282796,401,0,463,178,28158,23092,0.0119748263888888,0,23092_28158_0,23092_28158
660,person,0.99466574,500,58,765,706,28272,23092,0.186328125,3,23092_28272_3,23092_28272
661,person,0.8920880999999999,724,114,885,614,28272,23092,0.0873480902777777,2,23092_28272_2,23092_28272
662,person,0.8159837,404,1,468,179,28272,23092,0.0123611111111111,0,23092_28272_0,23092_28272
663,person,0.547115,219,545,370,641,28272,23092,0.0157291666666666,1,23092_28272_1,23092_28272
664,person,0.90049654,876,179,1129,552,28386,23092,0.1023969184027777,0,23092_28386_0,23092_28386
665,person,0.74317855,162,239,464,694,28386,23092,0.1490993923611111,1,23092_28386_1,23092_28386
666,person,0.9853617,400,112,720,696,28500,23092,0.2027777777777776,2,23092_28500_2,23092_28500
667,person,0.8656812,770,139,1124,621,28500,23092,0.1851432291666666,1,23092_28500_1,23092_28500
668,person,0.8014232,766,155,968,510,28500,23092,0.0778103298611111,0,23092_28500_0,23092_28500
669,person,0.9816,461,101,708,714,28614,23092,0.1642914496527777,0,23092_28614_0,23092_28614
670,person,0.9331287,709,135,994,702,28614,23092,0.175341796875,1,23092_28614_1,23092_28614
671,person,0.97433925,442,91,671,698,28728,23092,0.1508279079861111,1,23092_28728_1,23092_28728
672,person,0.9470302,696,118,978,705,28728,23092,0.1796158854166666,2,23092_28728_2,23092_28728
673,person,0.5495616999999999,364,614,418,703,28728,23092,0.00521484375,0,23092_28728_0,23092_28728
674,person,0.9927065,446,104,698,705,28842,23092,0.1643359375,1,23092_28842_1,23092_28842
675,person,0.9472352,693,125,988,652,28842,23092,0.1686903211805555,2,23092_28842_2,23092_28842
676,donut,0.6232379,174,604,411,716,28842,23092,0.0288020833333333,0,23092_28842_0,23092_28842
677,person,0.983527,452,100,716,701,28956,23092,0.1721614583333333,2,23092_28956_2,23092_28956
678,person,0.97726953,689,134,941,715,28956,23092,0.1588671875,1,23092_28956_1,23092_28956
679,donut,0.53437567,159,599,393,719,28956,23092,0.03046875,0,23092_28956_0,23092_28956
680,person,0.9842136,436,98,712,712,29070,23092,0.1838802083333332,2,23092_29070_2,23092_29070
681,person,0.9676743,700,131,941,719,29070,23092,0.1537630208333333,1,23092_29070_1,23092_29070
682,donut,0.8512777,162,601,384,718,29070,23092,0.02818359375,0,23092_29070_0,23092_29070
683,person,0.9874653,423,96,698,709,29184,23092,0.1829155815972222,2,23092_29184_2,23092_29184
684,person,0.9751232,685,130,940,710,29184,23092,0.1604817708333333,1,23092_29184_1,23092_29184
685,donut,0.7689387,160,604,389,716,29184,23092,0.0278298611111111,0,23092_29184_0,23092_29184
686,person,0.97042423,570,64,1053,695,29298,23092,0.3306998697916666,1,23092_29298_1,23092_29298
687,person,0.56568015,521,147,702,458,29298,23092,0.0610796440972222,0,23092_29298_0,23092_29298
688,person,0.9882741,663,58,982,708,29412,23092,0.2249891493055555,3,23092_29412_3,23092_29412
689,person,0.95485395,588,177,729,713,29412,23092,0.0820052083333333,2,23092_29412_2,23092_29412
690,couch,0.683059,152,511,510,712,29412,23092,0.0780794270833333,1,23092_29412_1,23092_29412
691,person,0.50579286,523,16,594,185,29412,23092,0.0130197482638888,0,23092_29412_0,23092_29412
692,person,0.9740835,704,116,945,711,29526,23092,0.1555935329861111,0,23092_29526_0,23092_29526
693,bed,0.53854555,146,439,725,698,29526,23092,0.1627180989583333,1,23092_29526_1,23092_29526
694,person,0.97881913,460,31,744,684,29640,23092,0.2012282986111111,1,23092_29640_1,23092_29640
695,person,0.63301116,536,34,738,571,29640,23092,0.1177018229166666,0,23092_29640_0,23092_29640
696,person,0.9952761999999998,525,54,841,710,29754,23092,0.2249305555555555,0,23092_29754_0,23092_29754
697,person,0.9943737,425,99,885,708,29868,23092,0.3039713541666666,0,23092_29868_0,23092_29868
698,person,0.99296546,352,39,670,705,29982,23092,0.2298046875,0,23092_29982_0,23092_29982
699,person,0.9760744,801,149,1092,678,30096,23092,0.1670345052083333,0,23092_30096_0,23092_30096
700,person,0.97580534,598,128,914,713,30210,23092,0.2005859375,1,23092_30210_1,23092_30210
701,person,0.92501056,717,128,897,664,30210,23092,0.1046875,0,23092_30210_0,23092_30210
702,person,0.96155137,607,116,861,693,30324,23092,0.1590256076388889,1,23092_30324_1,23092_30324
703,person,0.5117119000000001,635,102,836,560,30324,23092,0.0998893229166666,0,23092_30324_0,23092_30324
704,person,0.9923805,488,94,748,701,30438,23092,0.1712456597222222,0,23092_30438_0,23092_30438
705,person,0.93664193,370,102,834,720,30552,23092,0.3111458333333333,0,23092_30552_0,23092_30552
706,person,0.9733838,342,118,658,695,30666,23092,0.1978428819444444,1,23092_30666_1,23092_30666
707,person,0.9420047,725,134,928,711,30666,23092,0.1270952690972222,0,23092_30666_0,23092_30666
708,person,0.979661,759,169,1116,718,30780,23092,0.212666015625,0,23092_30780_0,23092_30780
709,person,0.9576418,198,0,779,711,30780,23092,0.448232421875,1,23092_30780_1,23092_30780
710,person,0.97841394,200,0,735,699,30894,23092,0.4057779947916666,1,23092_30894_1,23092_30894
711,person,0.969074,768,192,1120,705,30894,23092,0.1959375,0,23092_30894_0,23092_30894
712,person,0.96118563,198,0,764,702,31008,23092,0.4311328125,2,23092_31008_2,23092_31008
713,person,0.95878583,774,191,1140,703,31008,23092,0.2033333333333333,0,23092_31008_0,23092_31008
714,person,0.82352674,242,7,900,541,31008,23092,0.3812630208333333,1,23092_31008_1,23092_31008
715,person,0.9658319,214,0,864,712,31122,23092,0.5021701388888888,1,23092_31122_1,23092_31122
716,person,0.965731,693,186,1114,713,31122,23092,0.2407411024305555,0,23092_31122_0,23092_31122
717,person,0.98274326,737,184,1122,714,31236,23092,0.2214084201388889,0,23092_31236_0,23092_31236
718,person,0.9587912,227,18,844,704,31236,23092,0.4592686631944444,2,23092_31236_2,23092_31236
719,person,0.50896573,304,0,1003,467,31236,23092,0.3542024739583333,1,23092_31236_1,23092_31236
720,person,0.98761404,451,92,781,708,31350,23092,0.2205729166666666,1,23092_31350_1,23092_31350
721,person,0.5991566999999999,647,125,831,639,31350,23092,0.1026215277777777,0,23092_31350_0,23092_31350
722,person,0.95562583,713,165,915,713,31464,23092,0.1201128472222222,1,23092_31464_1,23092_31464
723,person,0.8500114,469,92,646,661,31464,23092,0.1092805989583333,0,23092_31464_0,23092_31464
724,refrigerator,0.501926,127,35,534,672,31464,23092,0.2813140190972222,2,23092_31464_2,23092_31464
725,person,0.9747567,683,137,881,710,31578,23092,0.12310546875,0,23092_31578_0,23092_31578
726,person,0.9702794,564,148,777,592,31806,23092,0.1026171875,0,23092_31806_0,23092_31806
727,person,0.986419,527,104,726,470,31920,23092,0.0790299479166666,1,23092_31920_1,23092_31920
728,person,0.84606564,938,407,1036,518,31920,23092,0.0118033854166666,0,23092_31920_0,23092_31920
729,person,0.9297093,487,161,657,645,32034,23092,0.0892795138888888,0,23092_32034_0,23092_32034
730,person,0.5474346,451,68,697,617,32034,23092,0.14654296875,1,23092_32034_1,23092_32034
731,person,0.5156742999999999,308,0,709,607,32034,23092,0.2641134982638889,2,23092_32034_2,23092_32034
732,person,0.6733340999999999,796,266,864,436,32148,23092,0.0125434027777777,0,23092_32148_0,23092_32148
733,person,0.9971738,136,98,517,693,32490,23092,0.2459798177083333,2,23092_32490_2,23092_32490
734,person,0.9808609,819,115,1130,683,32490,23092,0.1916753472222222,1,23092_32490_1,23092_32490
735,bottle,0.73900217,592,450,656,655,32490,23092,0.0142361111111111,0,23092_32490_0,23092_32490
736,person,0.98033935,570,280,852,614,32604,23092,0.1022005208333333,0,23092_32604_0,23092_32604
737,person,0.78979117,456,255,872,686,32604,23092,0.1945486111111111,1,23092_32604_1,23092_32604
738,person,0.9491279,539,291,926,672,32718,23092,0.159990234375,2,23092_32718_2,23092_32718
739,person,0.86240256,592,346,897,606,32718,23092,0.0860460069444444,1,23092_32718_1,23092_32718
740,person,0.8163272,317,276,888,690,32718,23092,0.25650390625,3,23092_32718_3,23092_32718
741,teddy bear,0.7709130999999999,314,30,422,151,32718,23092,0.0141796875,0,23092_32718_0,23092_32718
742,person,0.9953323,169,85,516,711,32832,23092,0.2357009548611111,2,23092_32832_2,23092_32832
743,person,0.9157717,919,111,1133,503,32832,23092,0.0910243055555555,0,23092_32832_0,23092_32832
744,person,0.7164921999999999,876,107,1119,628,32832,23092,0.137373046875,1,23092_32832_1,23092_32832
745,person,0.99758554,170,93,523,708,32946,23092,0.2355631510416667,1,23092_32946_1,23092_32946
746,person,0.87325627,913,93,1124,504,32946,23092,0.0940983072916666,0,23092_32946_0,23092_32946
747,person,0.9015771,375,277,915,696,33060,23092,0.2455078125,1,23092_33060_1,23092_33060
748,person,0.64836156,544,298,857,602,33060,23092,0.1032465277777777,0,23092_33060_0,23092_33060
749,person,0.9325106,453,264,872,705,33174,23092,0.200498046875,2,23092_33174_2,23092_33174
750,person,0.93124807,567,278,826,593,33174,23092,0.088525390625,1,23092_33174_1,23092_33174
751,bowl,0.774308,512,298,634,355,33174,23092,0.0075455729166666,0,23092_33174_0,23092_33174
752,person,0.98044467,437,71,988,709,33288,23092,0.3814431423611111,1,23092_33288_1,23092_33288
753,person,0.8029035,201,492,348,709,33288,23092,0.0346126302083333,0,23092_33288_0,23092_33288
754,person,0.9506443,556,275,864,704,33402,23092,0.1433723958333333,0,23092_33402_0,23092_33402
755,person,0.88985753,402,250,840,708,33402,23092,0.2176692708333332,1,23092_33402_1,23092_33402
756,person,0.9413906,365,311,926,703,33516,23092,0.2386197916666666,2,23092_33516_2,23092_33516
757,person,0.8119985,498,313,763,633,33516,23092,0.0920138888888889,1,23092_33516_1,23092_33516
758,person,0.6448329,605,308,774,576,33516,23092,0.0491449652777777,0,23092_33516_0,23092_33516
759,person,0.9956928,176,79,513,713,33630,23092,0.2318337673611111,2,23092_33630_2,23092_33630
760,person,0.8221744000000001,906,107,1128,486,33630,23092,0.0912955729166666,1,23092_33630_1,23092_33630
761,person,0.7157033,903,112,1122,335,33630,23092,0.0529915364583333,0,23092_33630_0,23092_33630
762,person,0.99754155,178,77,627,716,33744,23092,0.311318359375,2,23092_33744_2,23092_33744
763,person,0.93979484,910,100,1129,520,33744,23092,0.0998046875,0,23092_33744_0,23092_33744
764,person,0.7574394,880,114,1140,688,33744,23092,0.1619357638888889,1,23092_33744_1,23092_33744
765,person,0.99611986,163,81,463,716,33858,23092,0.2067057291666666,2,23092_33858_2,23092_33858
766,person,0.94566953,851,110,1136,679,33858,23092,0.1759602864583333,1,23092_33858_1,23092_33858
767,toothbrush,0.50375056,579,411,643,643,33858,23092,0.0161111111111111,0,23092_33858_0,23092_33858
768,person,0.90319777,923,150,1117,544,33972,23092,0.0829383680555555,1,23092_33972_1,23092_33972
769,bottle,0.7529118,571,447,643,651,33972,23092,0.0159375,0,23092_33972_0,23092_33972
770,person,0.6659725999999999,877,183,986,485,34086,23092,0.0357183159722222,2,23092_34086_2,23092_34086
771,bottle,0.6444138,417,442,491,666,34086,23092,0.0179861111111111,1,23092_34086_1,23092_34086
772,person,0.6426425,876,185,965,323,34086,23092,0.0133268229166666,0,23092_34086_0,23092_34086
773,person,0.7881695,839,180,918,317,34200,23092,0.0117437065972222,0,23092_34200_0,23092_34200
774,person,0.98668563,476,114,995,683,34428,23092,0.3204329427083333,0,23092_34428_0,23092_34428
775,person,0.98946077,478,114,989,701,34542,23092,0.3254741753472222,1,23092_34542_1,23092_34542
776,chair,0.8194216000000001,952,487,1082,653,34542,23092,0.0234157986111111,0,23092_34542_0,23092_34542
777,person,0.8905892,331,181,900,618,34656,23092,0.2698057725694444,1,23092_34656_1,23092_34656
778,chair,0.69164366,863,184,1113,450,34656,23092,0.0721571180555555,0,23092_34656_0,23092_34656
779,person,0.9945258,491,102,990,685,34770,23092,0.3156651475694445,0,23092_34770_0,23092_34770
780,person,0.99492586,497,63,1120,689,34884,23092,0.4231749131944445,1,23092_34884_1,23092_34884
781,person,0.5735978,516,192,775,666,34884,23092,0.1332096354166666,0,23092_34884_0,23092_34884
782,person,0.9950088,500,87,1041,705,34998,23092,0.3627799479166667,0,23092_34998_0,23092_34998
783,person,0.994936,394,49,956,715,35112,23092,0.4061328125,1,23092_35112_1,23092_35112
784,tie,0.8629203999999999,671,319,711,422,35112,23092,0.0044704861111111,0,23092_35112_0,23092_35112
785,person,0.9872323,470,90,1139,685,35226,23092,0.4319173177083333,1,23092_35226_1,23092_35226
786,person,0.73160547,874,0,1254,717,35226,23092,0.2956380208333333,0,23092_35226_0,23092_35226
787,person,0.98622966,460,100,1133,687,35340,23092,0.4286577690972222,0,23092_35340_0,23092_35340
788,person,0.97841746,430,109,1151,713,35454,23092,0.4725303819444445,0,23092_35454_0,23092_35454
789,person,0.98493826,466,103,1118,690,35568,23092,0.4152821180555555,0,23092_35568_0,23092_35568
790,person,0.8887255,459,139,855,632,35682,23092,0.2118359375,2,23092_35682_2,23092_35682
791,person,0.8177941999999999,1013,0,1129,173,35682,23092,0.0217751736111111,0,23092_35682_0,23092_35682
792,chair,0.6516589,945,161,1137,457,35682,23092,0.0616666666666666,1,23092_35682_1,23092_35682
793,person,0.51102626,560,137,997,670,35682,23092,0.2527354600694444,3,23092_35682_3,23092_35682
794,person,0.99613523,435,100,948,699,35796,23092,0.333427734375,1,23092_35796_1,23092_35796
795,chair,0.64442796,918,173,1128,465,35796,23092,0.0665364583333333,0,23092_35796_0,23092_35796
796,person,0.9951279,422,89,966,666,35910,23092,0.3405902777777778,1,23092_35910_1,23092_35910
797,chair,0.8198429,921,173,1124,464,35910,23092,0.0640983072916666,0,23092_35910_0,23092_35910
798,person,0.9965796999999998,417,111,943,661,36024,23092,0.3139105902777778,1,23092_36024_1,23092_36024
799,chair,0.83321726,924,173,1121,457,36024,23092,0.0607074652777777,0,23092_36024_0,23092_36024
800,person,0.99064904,416,103,940,666,36138,23092,0.3201085069444444,2,23092_36138_2,23092_36138
801,chair,0.7079352,916,173,1121,517,36138,23092,0.0765190972222222,1,23092_36138_1,23092_36138
802,person,0.626003,842,531,952,669,36138,23092,0.0164713541666666,0,23092_36138_0,23092_36138
803,person,0.9930031,407,98,928,652,36252,23092,0.3131879340277778,1,23092_36252_1,23092_36252
804,chair,0.8488211999999999,925,177,1126,537,36252,23092,0.078515625,0,23092_36252_0,23092_36252
805,person,0.99639124,398,96,959,698,36366,23092,0.3664518229166666,1,23092_36366_1,23092_36366
806,chair,0.8005473000000001,925,170,1133,469,36366,23092,0.0674826388888888,0,23092_36366_0,23092_36366
807,person,0.7406075,759,116,948,581,36480,23092,0.095361328125,1,23092_36480_1,23092_36480
808,person,0.7209265,683,112,1041,652,36480,23092,0.209765625,2,23092_36480_2,23092_36480
809,person,0.5240925000000001,797,98,915,238,36480,23092,0.0179253472222222,0,23092_36480_0,23092_36480
810,person,0.90966374,528,52,937,689,36594,23092,0.2826963975694444,2,23092_36594_2,23092_36594
811,person,0.728491,491,73,807,656,36594,23092,0.1999001736111111,0,23092_36594_0,23092_36594
812,person,0.52268064,635,116,1021,679,36594,23092,0.2358051215277777,1,23092_36594_1,23092_36594
813,person,0.99015725,241,257,866,691,36708,23092,0.2943250868055556,2,23092_36708_2,23092_36708
814,person,0.97385037,640,123,799,359,36708,23092,0.0407161458333333,1,23092_36708_1,23092_36708
815,person,0.9693904,1033,120,1126,364,36708,23092,0.0246223958333333,0,23092_36708_0,23092_36708
816,person,0.99768233,302,36,715,698,36822,23092,0.2966644965277777,1,23092_36822_1,23092_36822
817,person,0.95541275,733,44,1003,683,36822,23092,0.18720703125,0,23092_36822_0,23092_36822
818,person,0.9957671,299,54,697,712,36936,23092,0.2841623263888889,1,23092_36936_1,23092_36936
819,person,0.98769265,727,84,1049,674,36936,23092,0.2061414930555556,0,23092_36936_0,23092_36936
820,person,0.99791807,304,48,715,707,37050,23092,0.2938899739583333,1,23092_37050_1,23092_37050
821,person,0.99347913,680,79,1049,674,37050,23092,0.238232421875,0,23092_37050_0,23092_37050
822,person,0.995204,326,59,668,695,37164,23092,0.236015625,3,23092_37164_3,23092_37164
823,person,0.7795888000000001,616,82,857,700,37164,23092,0.1616080729166666,2,23092_37164_2,23092_37164
824,person,0.6222723000000001,611,101,822,516,37164,23092,0.0950141059027777,1,23092_37164_1,23092_37164
825,person,0.61583745,640,94,816,368,37164,23092,0.0523263888888888,0,23092_37164_0,23092_37164
826,tv,0.59064174,630,12,1110,608,37164,23092,0.3104166666666667,4,23092_37164_4,23092_37164
827,person,0.9920665,591,18,994,686,37278,23092,0.2921050347222222,0,23092_37278_0,23092_37278
828,person,0.9718692,401,183,841,612,37392,23092,0.2048177083333332,1,23092_37392_1,23092_37392
829,bowl,0.5258065,821,443,1006,601,37392,23092,0.0317165798611111,0,23092_37392_0,23092_37392
830,person,0.9792625,366,121,864,706,37506,23092,0.31611328125,3,23092_37506_3,23092_37506
831,person,0.8468075,706,271,874,646,37506,23092,0.068359375,2,23092_37506_2,23092_37506
832,person,0.6058609,976,271,1126,630,37506,23092,0.0584309895833333,1,23092_37506_1,23092_37506
833,spoon,0.5494511,605,609,767,694,37506,23092,0.01494140625,0,23092_37506_0,23092_37506
834,person,0.9895097,374,130,839,694,37620,23092,0.2845703125,2,23092_37620_2,23092_37620
835,person,0.9068044,691,255,874,647,37620,23092,0.0778385416666666,1,23092_37620_1,23092_37620
836,chair,0.65767014,244,471,434,714,37620,23092,0.05009765625,0,23092_37620_0,23092_37620
837,person,0.98522156,349,128,884,672,37734,23092,0.3157986111111111,2,23092_37734_2,23092_37734
838,person,0.85423696,929,362,1117,645,37734,23092,0.0577300347222222,1,23092_37734_1,23092_37734
839,chair,0.6748016,249,444,441,720,37734,23092,0.0575,0,23092_37734_0,23092_37734
840,person,0.99446315,513,93,984,666,37848,23092,0.292841796875,0,23092_37848_0,23092_37848
841,person,0.99418205,519,106,981,671,37962,23092,0.2832356770833333,0,23092_37962_0,23092_37962
842,person,0.9871114,346,121,894,718,38076,23092,0.3549869791666666,3,23092_38076_3,23092_38076
843,chair,0.77277815,280,16,476,439,38076,23092,0.0899609375,1,23092_38076_1,23092_38076
844,person,0.70075727,708,240,879,663,38076,23092,0.078486328125,0,23092_38076_0,23092_38076
845,person,0.6884821999999999,507,115,719,601,38076,23092,0.111796875,2,23092_38076_2,23092_38076
846,person,0.9953746,369,126,856,691,38190,23092,0.2985622829861111,3,23092_38190_3,23092_38190
847,chair,0.7028904,247,467,451,713,38190,23092,0.054453125,0,23092_38190_0,23092_38190
848,person,0.6781251,696,152,879,663,38190,23092,0.1014680989583333,1,23092_38190_1,23092_38190
849,person,0.5019316,488,122,716,602,38190,23092,0.11875,2,23092_38190_2,23092_38190
850,person,0.95779115,356,120,847,720,38304,23092,0.3196614583333333,2,23092_38304_2,23092_38304
851,chair,0.6467257,246,462,442,715,38304,23092,0.0538064236111111,0,23092_38304_0,23092_38304
852,person,0.5972518,519,120,727,600,38304,23092,0.1083333333333333,1,23092_38304_1,23092_38304
853,person,0.98766476,358,119,863,692,38418,23092,0.3139811197916666,2,23092_38418_2,23092_38418
854,chair,0.80281204,251,464,464,719,38418,23092,0.058935546875,0,23092_38418_0,23092_38418
855,chair,0.7031009,276,13,468,428,38418,23092,0.0864583333333333,1,23092_38418_1,23092_38418
856,person,0.9870771,372,113,842,684,38532,23092,0.2912000868055555,3,23092_38532_3,23092_38532
857,chair,0.87176394,256,464,452,720,38532,23092,0.0544444444444444,1,23092_38532_1,23092_38532
858,cup,0.71369386,571,551,641,627,38532,23092,0.0057725694444444,0,23092_38532_0,23092_38532
859,person,0.533129,603,271,871,648,38532,23092,0.1096310763888888,2,23092_38532_2,23092_38532
860,person,0.9980867,610,221,773,719,38760,23092,0.0880794270833333,3,23092_38760_3,23092_38760
861,person,0.9977253,248,188,488,715,38760,23092,0.1372395833333333,4,23092_38760_4,23092_38760
862,person,0.9888939,1017,249,1127,488,38760,23092,0.0285264756944444,1,23092_38760_1,23092_38760
863,person,0.93010443,545,337,614,594,38760,23092,0.0192415364583333,0,23092_38760_0,23092_38760
864,chair,0.8222779,162,480,316,711,38760,23092,0.0386002604166666,2,23092_38760_2,23092_38760
865,person,0.99846303,214,197,410,687,38874,23092,0.1042100694444444,2,23092_38874_2,23092_38874
866,person,0.9783986,447,286,517,589,38874,23092,0.0230143229166666,0,23092_38874_0,23092_38874
867,person,0.97756267,820,169,1017,696,38874,23092,0.1126508246527777,3,23092_38874_3,23092_38874
868,person,0.72660077,815,184,1129,713,38874,23092,0.1802365451388889,4,23092_38874_4,23092_38874
869,chair,0.64527595,150,453,278,698,38874,23092,0.0340277777777777,1,23092_38874_1,23092_38874
870,person,0.99853003,478,119,741,717,38988,23092,0.1706532118055555,1,23092_38988_1,23092_38988
871,person,0.9977223,799,226,946,624,38988,23092,0.0634830729166666,0,23092_38988_0,23092_38988
872,person,0.9943402,205,49,457,711,39102,23092,0.181015625,6,23092_39102_6,23092_39102
873,person,0.95018375,866,319,1119,701,39102,23092,0.1048676215277777,4,23092_39102_4,23092_39102
874,person,0.94360715,388,224,557,687,39102,23092,0.0849034288194444,2,23092_39102_2,23092_39102
875,person,0.9102079,394,182,559,468,39102,23092,0.0512044270833333,1,23092_39102_1,23092_39102
876,person,0.8846252,386,415,538,685,39102,23092,0.04453125,0,23092_39102_0,23092_39102
877,person,0.85903674,732,320,1150,710,39102,23092,0.1768880208333333,5,23092_39102_5,23092_39102
878,chair,0.6680761,639,325,885,648,39102,23092,0.0862174479166666,3,23092_39102_3,23092_39102
879,person,0.99715686,452,141,656,709,39216,23092,0.1257291666666666,3,23092_39216_3,23092_39216
880,person,0.9971898,189,60,459,711,39216,23092,0.19072265625,4,23092_39216_4,23092_39216
881,person,0.95957196,860,317,1111,698,39216,23092,0.1037662760416666,2,23092_39216_2,23092_39216
882,chair,0.6160853000000001,686,308,904,626,39216,23092,0.0752213541666666,1,23092_39216_1,23092_39216
883,dining table,0.5559888000000001,641,508,772,619,39216,23092,0.0157779947916666,0,23092_39216_0,23092_39216
884,person,0.9975293,468,127,670,717,39330,23092,0.1293185763888888,5,23092_39330_5,23092_39330
885,person,0.99679226,171,58,447,710,39330,23092,0.1952604166666666,6,23092_39330_6,23092_39330
886,person,0.8811121999999999,852,312,1116,682,39330,23092,0.1059895833333333,4,23092_39330_4,23092_39330
887,person,0.7932220999999999,433,536,461,603,39330,23092,0.0020355902777777,0,23092_39330_0,23092_39330
888,dining table,0.5950092,642,507,789,625,39330,23092,0.0188216145833333,2,23092_39330_2,23092_39330
889,cup,0.5577888000000001,882,662,947,715,39330,23092,0.0037380642361111,1,23092_39330_1,23092_39330
890,chair,0.51268345,683,330,910,662,39330,23092,0.0817751736111111,3,23092_39330_3,23092_39330
891,person,0.9982326,178,71,447,709,39444,23092,0.1862217881944445,5,23092_39444_5,23092_39444
892,person,0.997727,469,122,672,719,39444,23092,0.1315006510416666,3,23092_39444_3,23092_39444
893,person,0.96309096,782,309,1096,711,39444,23092,0.1369661458333333,4,23092_39444_4,23092_39444
894,person,0.869232,434,534,463,596,39444,23092,0.0019509548611111,0,23092_39444_0,23092_39444
895,dining table,0.602225,646,508,788,633,39444,23092,0.0192599826388888,1,23092_39444_1,23092_39444
896,chair,0.56008875,678,303,905,647,39444,23092,0.0847309027777777,2,23092_39444_2,23092_39444
897,person,0.9979037,462,137,671,709,39558,23092,0.1297178819444444,4,23092_39558_4,23092_39558
898,person,0.99723595,178,54,446,707,39558,23092,0.1898914930555555,5,23092_39558_5,23092_39558
899,person,0.9114989,863,311,1115,702,39558,23092,0.1069140625,3,23092_39558_3,23092_39558
900,person,0.7563831,432,534,459,594,39558,23092,0.0017578125,0,23092_39558_0,23092_39558
901,chair,0.58669835,694,296,904,662,39558,23092,0.0833984375,2,23092_39558_2,23092_39558
902,dining table,0.5587135999999999,642,499,776,616,39558,23092,0.01701171875,1,23092_39558_1,23092_39558
903,person,0.99695146,467,139,670,705,39672,23092,0.1246723090277777,3,23092_39672_3,23092_39672
904,person,0.9961106,230,64,485,703,39672,23092,0.176806640625,5,23092_39672_5,23092_39672
905,person,0.9549856,758,305,1128,699,39672,23092,0.1581814236111111,4,23092_39672_4,23092_39672
906,person,0.7713687,880,306,1111,681,39672,23092,0.093994140625,2,23092_39672_2,23092_39672
907,person,0.5745178000000001,158,433,270,634,39672,23092,0.0244270833333333,0,23092_39672_0,23092_39672
908,chair,0.5018602,677,316,902,626,39672,23092,0.07568359375,1,23092_39672_1,23092_39672
909,person,0.99728227,201,51,460,707,39786,23092,0.1843576388888889,5,23092_39786_5,23092_39786
910,person,0.99749005,464,130,672,697,39786,23092,0.12796875,3,23092_39786_3,23092_39786
911,person,0.9605366,871,302,1115,660,39786,23092,0.0947829861111111,2,23092_39786_2,23092_39786
912,person,0.87849087,773,289,1122,706,39786,23092,0.1579134114583333,4,23092_39786_4,23092_39786
913,chair,0.5307483000000001,687,293,915,626,39786,23092,0.0823828125,1,23092_39786_1,23092_39786
914,dining table,0.50993234,640,490,783,608,39786,23092,0.0183094618055555,0,23092_39786_0,23092_39786
915,person,0.99825436,214,73,517,716,39900,23092,0.2114029947916666,3,23092_39900_3,23092_39900
916,person,0.9936911,478,99,674,719,39900,23092,0.1318576388888888,1,23092_39900_1,23092_39900
917,person,0.94037306,774,304,1122,698,39900,23092,0.1487760416666666,2,23092_39900_2,23092_39900
918,dining table,0.60263497,636,491,775,608,39900,23092,0.017646484375,0,23092_39900_0,23092_39900
919,person,0.9986632,260,58,559,709,40014,23092,0.2112076822916666,4,23092_40014_4,23092_40014
920,person,0.9932161,498,135,672,697,40014,23092,0.1061067708333333,1,23092_40014_1,23092_40014
921,person,0.95610446,851,301,1123,663,40014,23092,0.1068402777777777,2,23092_40014_2,23092_40014
922,chair,0.68474144,692,298,892,602,40014,23092,0.0659722222222222,0,23092_40014_0,23092_40014
923,person,0.66994905,742,294,1148,706,40014,23092,0.1815017361111111,3,23092_40014_3,23092_40014
924,person,0.9976616,493,123,703,720,40128,23092,0.13603515625,2,23092_40128_2,23092_40128
925,person,0.9970873,194,52,482,704,40128,23092,0.20375,4,23092_40128_4,23092_40128
926,person,0.90327805,791,281,1206,711,40128,23092,0.1936306423611111,3,23092_40128_3,23092_40128
927,person,0.8678266,889,302,1142,673,40128,23092,0.1018478732638888,1,23092_40128_1,23092_40128
928,chair,0.5067102,671,289,889,642,40128,23092,0.0835004340277777,0,23092_40128_0,23092_40128
929,person,0.9963251,157,0,435,714,40242,23092,0.2153776041666666,3,23092_40242_3,23092_40242
930,person,0.9928046,732,292,1122,714,40242,23092,0.1785807291666666,2,23092_40242_2,23092_40242
931,person,0.9924663,417,129,646,719,40242,23092,0.1466037326388889,1,23092_40242_1,23092_40242
932,cup,0.5293403,888,660,945,710,40242,23092,0.0030924479166666,0,23092_40242_0,23092_40242
933,person,0.982276,671,148,1080,691,40356,23092,0.2409798177083333,2,23092_40356_2,23092_40356
934,person,0.86217105,148,11,407,713,40356,23092,0.19728515625,1,23092_40356_1,23092_40356
935,person,0.777104,398,156,880,710,40356,23092,0.2897439236111111,3,23092_40356_3,23092_40356
936,person,0.766821,153,3,363,375,40356,23092,0.084765625,0,23092_40356_0,23092_40356
937,person,0.98606724,518,73,1075,698,40470,23092,0.3777398003472222,0,23092_40470_0,23092_40470
938,person,0.98480093,532,55,1035,676,40584,23092,0.338935546875,0,23092_40584_0,23092_40584
939,person,0.56328386,291,64,934,696,40584,23092,0.4409461805555556,1,23092_40584_1,23092_40584
940,person,0.9639119,526,54,935,691,40698,23092,0.2826963975694444,1,23092_40698_1,23092_40698
941,person,0.8645651,312,64,975,716,40698,23092,0.4690494791666666,3,23092_40698_3,23092_40698
942,person,0.6610343000000001,178,125,744,691,40698,23092,0.3476085069444444,2,23092_40698_2,23092_40698
943,suitcase,0.5673822,884,344,1048,684,40698,23092,0.0605034722222222,0,23092_40698_0,23092_40698
944,person,0.9732685,459,89,1039,647,40812,23092,0.351171875,0,23092_40812_0,23092_40812
945,person,0.9662371,323,81,909,678,40812,23092,0.3796028645833333,1,23092_40812_1,23092_40812
946,person,0.9867721,340,48,969,718,40926,23092,0.4572808159722222,2,23092_40926_2,23092_40926
947,tie,0.82972217,652,318,696,433,40926,23092,0.0054904513888888,0,23092_40926_0,23092_40926
948,person,0.7716153,302,209,565,705,40926,23092,0.1415451388888889,1,23092_40926_1,23092_40926
949,person,0.9923556999999998,541,97,988,711,41040,23092,0.2978059895833333,2,23092_41040_2,23092_41040
950,tie,0.8877848,645,333,831,693,41040,23092,0.07265625,0,23092_41040_0,23092_41040
951,person,0.62117267,109,12,423,709,41040,23092,0.2374761284722222,1,23092_41040_1,23092_41040
952,person,0.5589459,298,138,874,720,41040,23092,0.36375,3,23092_41040_3,23092_41040
953,person,0.99350435,374,54,968,699,41154,23092,0.41572265625,2,23092_41154_2,23092_41154
954,person,0.9005795,299,245,508,708,41154,23092,0.1049989149305555,1,23092_41154_1,23092_41154
955,tie,0.8643915999999999,653,324,695,426,41154,23092,0.0046484375,0,23092_41154_0,23092_41154
956,person,0.98947984,522,89,1023,720,41268,23092,0.3430240885416666,2,23092_41268_2,23092_41268
957,tie,0.6936039,634,374,798,689,41268,23092,0.0560546875,0,23092_41268_0,23092_41268
958,person,0.6419448,109,3,392,720,41268,23092,0.2201725260416666,1,23092_41268_1,23092_41268
959,person,0.98618364,528,96,986,715,41382,23092,0.3076193576388889,3,23092_41382_3,23092_41382
960,tie,0.8713218,648,350,831,707,41382,23092,0.070888671875,0,23092_41382_0,23092_41382
961,person,0.7135703,99,0,402,720,41382,23092,0.23671875,2,23092_41382_2,23092_41382
962,person,0.69977653,360,100,879,695,41382,23092,0.3350748697916667,4,23092_41382_4,23092_41382
963,refrigerator,0.539281,879,0,1136,703,41382,23092,0.1960405815972222,1,23092_41382_1,23092_41382
964,person,0.98276305,342,10,895,713,41496,23092,0.4218305121527778,1,23092_41496_1,23092_41496
965,person,0.91550684,144,23,388,691,41496,23092,0.1768576388888889,0,23092_41496_0,23092_41496
966,person,0.99025834,469,42,950,689,41610,23092,0.3376812065972222,1,23092_41610_1,23092_41610
967,person,0.98723376,270,147,574,710,41610,23092,0.1857118055555555,0,23092_41610_0,23092_41610
968,person,0.9964437,361,58,973,710,41724,23092,0.43296875,1,23092_41724_1,23092_41724
969,tie,0.7874656,635,313,678,427,41724,23092,0.0053190104166666,0,23092_41724_0,23092_41724
970,person,0.9949025,368,49,961,696,41838,23092,0.4163096788194444,2,23092_41838_2,23092_41838
971,person,0.9060912,302,241,488,703,41838,23092,0.0932421875,1,23092_41838_1,23092_41838
972,tie,0.84157294,633,312,672,428,41838,23092,0.0049088541666666,0,23092_41838_0,23092_41838
973,person,0.98866034,464,26,971,692,41952,23092,0.36638671875,2,23092_41952_2,23092_41952
974,person,0.97734785,183,184,490,707,41952,23092,0.1742198350694444,1,23092_41952_1,23092_41952
975,tie,0.88482225,604,252,728,587,41952,23092,0.0450737847222222,0,23092_41952_0,23092_41952
976,person,0.9987086,265,90,593,711,42066,23092,0.221015625,4,23092_42066_4,23092_42066
977,person,0.98677444,830,96,1109,679,42066,23092,0.176494140625,3,23092_42066_3,23092_42066
978,person,0.9725725,703,146,894,720,42066,23092,0.1189605034722222,2,23092_42066_2,23092_42066
979,person,0.7489208,1036,448,1127,592,42066,23092,0.01421875,0,23092_42066_0,23092_42066
980,vase,0.64338714,174,161,263,568,42066,23092,0.0393044704861111,1,23092_42066_1,23092_42066
981,person,0.99320555,288,188,452,642,42180,23092,0.0807899305555555,0,23092_42180_0,23092_42180
982,person,0.9870286,773,182,1017,706,42180,23092,0.1387326388888889,1,23092_42180_1,23092_42180
983,person,0.9971589,611,80,867,712,42294,23092,0.1755555555555555,0,23092_42294_0,23092_42294
984,person,0.99628097,237,41,618,706,42294,23092,0.2749186197916666,2,23092_42294_2,23092_42294
985,person,0.99592614,806,12,1084,716,42294,23092,0.2123611111111111,1,23092_42294_1,23092_42294
986,person,0.99829596,275,36,625,700,42408,23092,0.2521701388888889,3,23092_42408_3,23092_42408
987,person,0.9964856,785,15,1059,707,42408,23092,0.2057378472222222,2,23092_42408_2,23092_42408
988,person,0.9920699,596,76,842,720,42408,23092,0.1719010416666666,1,23092_42408_1,23092_42408
989,person,0.85017586,154,421,214,544,42408,23092,0.0080078125,0,23092_42408_0,23092_42408
990,person,0.9957812,372,32,813,714,42522,23092,0.32634765625,1,23092_42522_1,23092_42522
991,person,0.54999113,389,275,558,715,42522,23092,0.0806857638888888,0,23092_42522_0,23092_42522
992,person,0.99551505,347,121,672,717,42636,23092,0.2101779513888889,1,23092_42636_1,23092_42636
993,person,0.99488753,633,16,939,702,42636,23092,0.2277734375,2,23092_42636_2,23092_42636
994,person,0.9906178,194,156,423,714,42636,23092,0.13865234375,0,23092_42636_0,23092_42636
995,person,0.97786885,150,106,664,706,42750,23092,0.3346354166666667,1,23092_42750_1,23092_42750
996,person,0.82174164,323,63,700,707,42750,23092,0.2634418402777778,0,23092_42750_0,23092_42750
997,person,0.9962315,378,67,771,720,42864,23092,0.2784602864583333,1,23092_42864_1,23092_42864
998,person,0.5207025,374,239,594,710,42864,23092,0.1124348958333333,0,23092_42864_0,23092_42864
999,person,0.9940895,466,118,738,720,42978,23092,0.1776736111111111,0,23092_42978_0,23092_42978
1000,person,0.9910096,680,89,1008,711,42978,23092,0.2213715277777777,1,23092_42978_1,23092_42978
1001,person,0.99201465,690,55,945,711,43092,23092,0.1815104166666666,1,23092_43092_1,23092_43092
1002,person,0.9918007,413,78,719,720,43092,23092,0.2131640625,2,23092_43092_2,23092_43092
1003,person,0.7958651,454,77,717,510,43092,23092,0.1235666232638888,0,23092_43092_0,23092_43092
1004,person,0.996274,362,71,722,712,43206,23092,0.250390625,1,23092_43206_1,23092_43206
1005,person,0.9900921,659,41,925,719,43206,23092,0.1956901041666666,0,23092_43206_0,23092_43206
1006,person,0.99674016,686,60,977,715,43320,23092,0.2068196614583333,0,23092_43320_0,23092_43320
1007,person,0.993612,371,85,708,703,43320,23092,0.2259830729166667,1,23092_43320_1,23092_43320
1008,person,0.99746203,372,76,710,708,43434,23092,0.2317881944444445,1,23092_43434_1,23092_43434
1009,person,0.9933602,693,62,970,708,43434,23092,0.1941644965277777,0,23092_43434_0,23092_43434
1010,person,0.996172,684,75,986,703,43548,23092,0.2057899305555556,0,23092_43548_0,23092_43548
1011,person,0.98381066,374,77,713,710,43548,23092,0.232841796875,1,23092_43548_1,23092_43548
1012,person,0.9944547,702,51,991,710,43662,23092,0.2066525607638888,0,23092_43662_0,23092_43662
1013,person,0.99274194,356,77,705,713,43662,23092,0.2408463541666667,1,23092_43662_1,23092_43662
1014,person,0.9960723,697,83,975,705,43776,23092,0.1876258680555556,0,23092_43776_0,23092_43776
1015,person,0.99353456,360,75,702,720,43776,23092,0.23935546875,1,23092_43776_1,23092_43776
1016,person,0.9930051,698,45,980,696,43890,23092,0.19919921875,0,23092_43890_0,23092_43890
1017,person,0.9870248,345,71,700,708,43890,23092,0.2453721788194444,1,23092_43890_1,23092_43890
1018,person,0.9906508,704,54,994,707,44004,23092,0.2054796006944445,0,23092_44004_0,23092_44004
1019,person,0.9856097,441,116,786,710,44004,23092,0.22236328125,1,23092_44004_1,23092_44004
1020,person,0.9960305,748,111,1029,710,44118,23092,0.1826378038194444,0,23092_44118_0,23092_44118
1021,person,0.9882544,315,72,652,703,44118,23092,0.2307367621527777,1,23092_44118_1,23092_44118
1022,person,0.9963683,732,103,998,710,44232,23092,0.1751974826388889,2,23092_44232_2,23092_44232
1023,person,0.9801908,362,83,651,700,44232,23092,0.1934819878472222,3,23092_44232_3,23092_44232
1024,vase,0.9795202,274,448,353,553,44232,23092,0.0090006510416666,0,23092_44232_0,23092_44232
1025,person,0.7333086999999999,424,240,642,717,44232,23092,0.11283203125,1,23092_44232_1,23092_44232
1026,person,0.998331,631,88,929,697,44346,23092,0.1969205729166666,1,23092_44346_1,23092_44346
1027,person,0.67033446,142,183,289,599,44346,23092,0.0663541666666666,0,23092_44346_0,23092_44346
1028,person,0.8562414,585,398,1042,718,44460,23092,0.1586805555555555,1,23092_44460_1,23092_44460
1029,vase,0.73651326,317,201,448,703,44460,23092,0.0713563368055555,0,23092_44460_0,23092_44460
1030,person,0.9790248,589,190,716,628,44574,23092,0.0603580729166666,0,23092_44574_0,23092_44574
1031,person,0.53430897,183,6,585,577,44574,23092,0.2490690104166666,1,23092_44574_1,23092_44574
1032,person,0.97795916,541,119,747,704,44688,23092,0.13076171875,1,23092_44688_1,23092_44688
1033,chair,0.6729556999999999,694,369,861,713,44688,23092,0.0623350694444444,0,23092_44688_0,23092_44688
1034,person,0.9849097,355,40,572,711,44802,23092,0.1579937065972222,4,23092_44802_4,23092_44802
1035,person,0.95872086,549,99,898,701,44802,23092,0.2279709201388889,5,23092_44802_5,23092_44802
1036,person,0.92846596,968,147,1118,700,44802,23092,0.0900065104166666,3,23092_44802_3,23092_44802
1037,person,0.82556564,537,104,726,330,44802,23092,0.04634765625,0,23092_44802_0,23092_44802
1038,person,0.8023577,862,134,1021,603,44802,23092,0.0809147135416666,2,23092_44802_2,23092_44802
1039,person,0.68709534,627,86,815,341,44802,23092,0.0520182291666666,1,23092_44802_1,23092_44802
1040,person,0.99506325,532,83,909,711,44916,23092,0.2568967013888889,4,23092_44916_4,23092_44916
1041,person,0.9687001,292,63,499,712,44916,23092,0.145771484375,3,23092_44916_3,23092_44916
1042,person,0.95821863,959,127,1103,659,44916,23092,0.083125,1,23092_44916_1,23092_44916
1043,person,0.6875986999999999,844,130,999,633,44916,23092,0.0845974392361111,2,23092_44916_2,23092_44916
1044,person,0.6315333000000001,515,112,673,362,44916,23092,0.0428602430555555,0,23092_44916_0,23092_44916
1045,person,0.9361759,643,106,937,709,45030,23092,0.19236328125,4,23092_45030_4,23092_45030
1046,person,0.92926294,962,130,1107,597,45030,23092,0.0734754774305555,1,23092_45030_1,23092_45030
1047,person,0.9076516,543,110,707,336,45030,23092,0.0402170138888888,0,23092_45030_0,23092_45030
1048,person,0.8574519,327,86,528,716,45030,23092,0.13740234375,3,23092_45030_3,23092_45030
1049,person,0.7733753000000001,844,132,1009,604,45030,23092,0.0845052083333333,2,23092_45030_2,23092_45030
1050,person,0.9938519,174,111,447,692,45144,23092,0.1721061197916666,1,23092_45144_1,23092_45144
1051,person,0.95153695,420,61,781,696,45144,23092,0.2487358940972222,2,23092_45144_2,23092_45144
1052,person,0.95122933,636,70,1052,690,45144,23092,0.2798611111111111,3,23092_45144_3,23092_45144
1053,person,0.94542503,963,81,1125,456,45144,23092,0.06591796875,0,23092_45144_0,23092_45144
1054,person,0.9707645,640,68,1013,699,45258,23092,0.2553851996527778,4,23092_45258_4,23092_45258
1055,person,0.94715214,956,84,1129,451,45258,23092,0.0688921440972222,0,23092_45258_0,23092_45258
1056,person,0.93645746,224,106,469,687,45258,23092,0.1544542100694444,1,23092_45258_1,23092_45258
1057,person,0.87035114,337,167,622,697,45258,23092,0.1638997395833333,2,23092_45258_2,23092_45258
1058,person,0.8272084999999999,403,71,731,692,45258,23092,0.221015625,3,23092_45258_3,23092_45258
1059,person,0.97633696,649,61,1025,704,45372,23092,0.2623350694444445,2,23092_45372_2,23092_45372
1060,person,0.96582687,959,81,1126,464,45372,23092,0.0694021267361111,0,23092_45372_0,23092_45372
1061,person,0.95975983,226,111,475,691,45372,23092,0.1567057291666666,1,23092_45372_1,23092_45372
1062,person,0.95105225,342,22,778,698,45372,23092,0.3198090277777777,4,23092_45372_4,23092_45372
1063,person,0.524057,252,142,734,658,45372,23092,0.2698697916666667,3,23092_45372_3,23092_45372
1064,person,0.97852725,637,62,1002,716,45486,23092,0.2590169270833333,6,23092_45486_6,23092_45486
1065,person,0.9565994,408,52,739,695,45486,23092,0.2309385850694444,4,23092_45486_4,23092_45486
1066,person,0.95640475,951,90,1127,457,45486,23092,0.0700868055555555,1,23092_45486_1,23092_45486
1067,person,0.92913425,209,126,462,693,45486,23092,0.155654296875,2,23092_45486_2,23092_45486
1068,person,0.8319633,304,63,640,690,45486,23092,0.22859375,3,23092_45486_3,23092_45486
1069,person,0.66068816,548,62,879,720,45486,23092,0.2363259548611111,5,23092_45486_5,23092_45486
1070,person,0.5935151,636,107,741,246,45486,23092,0.0158365885416666,0,23092_45486_0,23092_45486
1071,person,0.9890181999999998,382,30,725,708,45600,23092,0.2523372395833333,5,23092_45600_5,23092_45600
1072,person,0.9848808,200,123,443,691,45600,23092,0.149765625,3,23092_45600_3,23092_45600
1073,person,0.97585934,620,45,993,709,45600,23092,0.2687413194444445,6,23092_45600_6,23092_45600
1074,person,0.95441693,946,87,1128,466,45600,23092,0.0748459201388888,0,23092_45600_0,23092_45600
1075,person,0.63931644,244,70,603,709,45600,23092,0.248916015625,4,23092_45600_4,23092_45600
1076,person,0.5893363,213,130,451,474,45600,23092,0.0888368055555555,1,23092_45600_1,23092_45600
1077,person,0.557982,520,118,748,711,45600,23092,0.1467057291666666,2,23092_45600_2,23092_45600
1078,person,0.99470323,185,103,437,700,45714,23092,0.1632421875,1,23092_45714_1,23092_45714
1079,person,0.97149897,381,50,737,693,45714,23092,0.2483810763888889,3,23092_45714_3,23092_45714
1080,person,0.96670467,945,85,1128,467,45714,23092,0.0758528645833333,0,23092_45714_0,23092_45714
1081,person,0.9223824,640,35,981,689,45714,23092,0.2419856770833333,2,23092_45714_2,23092_45714
1082,person,0.80352753,500,34,925,708,45714,23092,0.3108181423611111,4,23092_45714_4,23092_45714
1083,person,0.9791916,617,40,991,714,45828,23092,0.2735199652777778,5,23092_45828_5,23092_45828
1084,person,0.9583041,406,36,702,699,45828,23092,0.2129427083333333,3,23092_45828_3,23092_45828
1085,person,0.9537061,214,208,436,712,45828,23092,0.12140625,1,23092_45828_1,23092_45828
1086,person,0.95127916,939,91,1129,471,45828,23092,0.0783420138888889,0,23092_45828_0,23092_45828
1087,person,0.8879056999999999,228,77,496,693,45828,23092,0.1791319444444444,2,23092_45828_2,23092_45828
1088,person,0.59983575,477,39,801,670,45828,23092,0.2218359375,4,23092_45828_4,23092_45828
1089,person,0.98051983,560,32,999,716,45942,23092,0.3258203125,4,23092_45942_4,23092_45942
1090,person,0.97345155,362,56,703,694,45942,23092,0.2360655381944444,3,23092_45942_3,23092_45942
1091,person,0.9717469,919,87,1127,467,45942,23092,0.0857638888888888,0,23092_45942_0,23092_45942
1092,person,0.9200189,211,178,422,682,45942,23092,0.115390625,1,23092_45942_1,23092_45942
1093,person,0.6691825,240,103,490,706,45942,23092,0.16357421875,2,23092_45942_2,23092_45942
1094,person,0.993115,171,90,425,704,46056,23092,0.1692230902777777,1,23092_46056_1,23092_46056
1095,person,0.98374856,604,69,986,717,46056,23092,0.26859375,3,23092_46056_3,23092_46056
1096,person,0.96473664,360,72,738,681,46056,23092,0.24978515625,2,23092_46056_2,23092_46056
1097,person,0.9397114,900,90,1134,513,46056,23092,0.10740234375,0,23092_46056_0,23092_46056
1098,person,0.9832759,671,76,1046,681,46170,23092,0.2461751302083333,5,23092_46170_5,23092_46170
1099,person,0.9825765,186,82,421,700,46170,23092,0.1575846354166666,2,23092_46170_2,23092_46170
1100,person,0.974099,393,28,766,703,46170,23092,0.273193359375,6,23092_46170_6,23092_46170
1101,person,0.8183813,954,135,1131,482,46170,23092,0.0666438802083333,1,23092_46170_1,23092_46170
1102,person,0.81734693,537,86,794,679,46170,23092,0.1653656684027777,3,23092_46170_3,23092_46170
1103,person,0.7598111,587,79,923,712,46170,23092,0.23078125,4,23092_46170_4,23092_46170
1104,person,0.64417356,675,99,782,243,46170,23092,0.01671875,0,23092_46170_0,23092_46170
1105,person,0.98931867,298,99,648,711,46284,23092,0.232421875,2,23092_46284_2,23092_46284
1106,person,0.8334223,982,184,1122,467,46284,23092,0.0429904513888888,1,23092_46284_1,23092_46284
1107,person,0.54083127,1019,188,1123,391,46284,23092,0.0229079861111111,0,23092_46284_0,23092_46284
1108,person,0.99479586,154,41,459,716,46398,23092,0.223388671875,2,23092_46398_2,23092_46398
1109,person,0.9920324,433,86,734,708,46398,23092,0.2031488715277776,1,23092_46398_1,23092_46398
1110,person,0.97175026,733,92,1096,697,46398,23092,0.2382975260416667,3,23092_46398_3,23092_46398
1111,person,0.75103855,746,103,1004,539,46398,23092,0.1220572916666666,0,23092_46398_0,23092_46398
1112,person,0.9977992,239,28,552,706,46512,23092,0.2302669270833333,2,23092_46512_2,23092_46512
1113,person,0.9945821,504,56,806,707,46512,23092,0.2133268229166666,1,23092_46512_1,23092_46512
1114,person,0.9241347,775,98,1091,678,46512,23092,0.1988715277777776,0,23092_46512_0,23092_46512
1115,person,0.99640805,245,46,682,715,46626,23092,0.3172233072916666,2,23092_46626_2,23092_46626
1116,person,0.9834019,551,54,834,717,46626,23092,0.2035904947916666,1,23092_46626_1,23092_46626
1117,person,0.94851655,833,109,1123,676,46626,23092,0.17841796875,0,23092_46626_0,23092_46626
1118,person,0.99650794,297,36,636,714,46740,23092,0.24939453125,3,23092_46740_3,23092_46740
1119,person,0.9892958,554,73,805,706,46740,23092,0.1723990885416666,1,23092_46740_1,23092_46740
1120,person,0.8790478,812,97,1149,672,46740,23092,0.2102593315972222,2,23092_46740_2,23092_46740
1121,person,0.8633252,829,105,1094,528,46740,23092,0.121630859375,0,23092_46740_0,23092_46740
1122,person,0.966846,213,17,761,711,46854,23092,0.4126649305555555,0,23092_46854_0,23092_46854
1123,person,0.897194,458,43,1144,720,46854,23092,0.5039301215277778,1,23092_46854_1,23092_46854
1124,person,0.98470795,596,64,1114,704,46968,23092,0.3597222222222222,1,23092_46968_1,23092_46968
1125,person,0.9810728,220,9,694,700,46968,23092,0.3553971354166667,0,23092_46968_0,23092_46968
1126,person,0.9940346,224,12,631,702,47082,23092,0.3047200520833333,0,23092_47082_0,23092_47082
1127,person,0.9884948,713,47,1134,720,47082,23092,0.3074359809027778,1,23092_47082_1,23092_47082
1128,person,0.9943802,205,17,607,702,47196,23092,0.2987955729166666,0,23092_47196_0,23092_47196
1129,person,0.98994803,710,41,1132,701,47196,23092,0.3022135416666666,1,23092_47196_1,23092_47196
1130,person,0.9876766,223,137,356,678,47310,23092,0.0780740017361111,2,23092_47310_2,23092_47310
1131,person,0.98115104,365,160,527,691,47310,23092,0.09333984375,3,23092_47310_3,23092_47310
1132,person,0.9665748,619,153,955,708,47310,23092,0.20234375,4,23092_47310_4,23092_47310
1133,person,0.8464775,864,140,1114,382,47310,23092,0.0656467013888889,1,23092_47310_1,23092_47310
1134,cell phone,0.7862444000000001,257,157,319,199,47310,23092,0.0028255208333333,0,23092_47310_0,23092_47310
1135,person,0.5231612,702,93,1086,668,47310,23092,0.2395833333333333,5,23092_47310_5,23092_47310
1136,person,0.98287416,244,131,468,696,47424,23092,0.1373263888888889,2,23092_47424_2,23092_47424
1137,person,0.9755441,478,128,660,698,47424,23092,0.1125651041666666,1,23092_47424_1,23092_47424
1138,person,0.96545625,636,162,937,697,47424,23092,0.1747341579861111,3,23092_47424_3,23092_47424
1139,person,0.8609734,953,120,1126,394,47424,23092,0.0514344618055555,0,23092_47424_0,23092_47424
1140,person,0.9884276,293,108,487,709,47538,23092,0.1265125868055555,3,23092_47538_3,23092_47538
1141,person,0.9878526,651,144,945,703,47538,23092,0.1783268229166666,5,23092_47538_5,23092_47538
1142,person,0.9778485,473,128,646,679,47538,23092,0.1034320746527777,1,23092_47538_1,23092_47538
1143,person,0.8576771000000001,195,161,439,703,47538,23092,0.1434982638888889,4,23092_47538_4,23092_47538
1144,person,0.76154757,922,303,997,377,47538,23092,0.0060221354166666,0,23092_47538_0,23092_47538
1145,person,0.6879491,157,206,371,678,47538,23092,0.1096006944444444,2,23092_47538_2,23092_47538
1146,person,0.98521245,365,139,709,717,47652,23092,0.2157465277777776,1,23092_47652_1,23092_47652
1147,person,0.8262466999999999,369,179,558,706,47652,23092,0.108076171875,0,23092_47652_0,23092_47652
1148,person,0.6759206999999999,807,310,895,467,47766,23092,0.0149913194444444,0,23092_47766_0,23092_47766
1149,wine glass,0.66827184,371,262,489,492,47766,23092,0.0294487847222222,1,23092_47766_1,23092_47766
1150,person,0.50826585,715,324,901,605,47766,23092,0.0567122395833333,2,23092_47766_2,23092_47766
1151,person,0.9400435,195,102,984,707,47880,23092,0.5179524739583333,2,23092_47880_2,23092_47880
1152,person,0.88157105,476,144,1126,702,47880,23092,0.3935546875,1,23092_47880_1,23092_47880
1153,tie,0.8561968000000001,895,447,965,629,47880,23092,0.0138237847222222,0,23092_47880_0,23092_47880
1154,person,0.95470315,200,134,853,711,47994,23092,0.4088335503472222,3,23092_47994_3,23092_47994
1155,person,0.92626697,502,149,1164,697,47994,23092,0.3936371527777778,2,23092_47994_2,23092_47994
1156,tie,0.5913984999999999,899,449,968,612,47994,23092,0.0122037760416666,0,23092_47994_0,23092_47994
1157,person,0.5853295999999999,212,243,604,710,47994,23092,0.1986371527777777,1,23092_47994_1,23092_47994
1158,person,0.967498,184,122,767,707,48108,23092,0.370068359375,1,23092_48108_1,23092_48108
1159,person,0.96073914,569,151,1159,686,48108,23092,0.3425021701388889,0,23092_48108_0,23092_48108
1160,person,0.5975604,278,134,1000,697,48108,23092,0.4410655381944445,2,23092_48108_2,23092_48108
1161,person,0.9445116,418,143,1111,688,48222,23092,0.409814453125,2,23092_48222_2,23092_48222
1162,person,0.92604315,176,135,872,706,48222,23092,0.4312239583333333,3,23092_48222_3,23092_48222
1163,person,0.7686746,731,222,759,295,48222,23092,0.0022178819444444,0,23092_48222_0,23092_48222
1164,person,0.72421086,672,230,736,354,48222,23092,0.0086111111111111,1,23092_48222_1,23092_48222
1165,person,0.95745194,151,142,917,715,48336,23092,0.4762565104166666,1,23092_48336_1,23092_48336
1166,person,0.92921454,603,142,1122,698,48336,23092,0.3131119791666667,0,23092_48336_0,23092_48336
1167,person,0.942635,228,115,851,712,48450,23092,0.4035709635416666,3,23092_48450_3,23092_48450
1168,person,0.92598283,588,177,1138,704,48450,23092,0.3145073784722222,2,23092_48450_2,23092_48450
1169,tie,0.8562364,401,449,445,571,48450,23092,0.0058246527777777,0,23092_48450_0,23092_48450
1170,person,0.72317356,396,119,1073,712,48450,23092,0.4356130642361111,4,23092_48450_4,23092_48450
1171,person,0.57258123,189,89,613,716,48450,23092,0.2884635416666666,1,23092_48450_1,23092_48450
1172,person,0.9687334,164,123,808,710,48564,23092,0.4101866319444445,1,23092_48564_1,23092_48564
1173,person,0.95974666,287,125,1081,706,48564,23092,0.5005577256944445,2,23092_48564_2,23092_48564
1174,person,0.9592473,599,138,1125,708,48564,23092,0.3253255208333333,0,23092_48564_0,23092_48564
1175,person,0.9275381,648,165,1139,701,48678,23092,0.2855642361111111,3,23092_48678_3,23092_48678
1176,person,0.91568106,181,132,723,712,48678,23092,0.3411024305555556,4,23092_48678_4,23092_48678
1177,car,0.87985444,682,220,769,275,48678,23092,0.0051920572916666,2,23092_48678_2,23092_48678
1178,person,0.67748827,545,225,591,329,48678,23092,0.0051909722222222,1,23092_48678_1,23092_48678
1179,person,0.6240815,664,223,690,316,48678,23092,0.0026236979166666,0,23092_48678_0,23092_48678
1180,person,0.5625389000000001,438,121,1071,705,48678,23092,0.4011197916666666,5,23092_48678_5,23092_48678
1181,person,0.9612506,520,174,1127,704,48792,23092,0.3490776909722222,1,23092_48792_1,23092_48792
1182,person,0.95630294,189,134,785,700,48792,23092,0.3660329861111111,2,23092_48792_2,23092_48792
1183,person,0.8309653,317,144,976,715,48792,23092,0.4082996961805556,3,23092_48792_3,23092_48792
1184,person,0.57965314,238,648,359,719,48792,23092,0.0093218315972222,0,23092_48792_0,23092_48792
1185,person,0.960357,233,133,786,716,48906,23092,0.3498253038194444,2,23092_48906_2,23092_48906
1186,person,0.9577508,670,168,1156,705,48906,23092,0.28318359375,1,23092_48906_1,23092_48906
1187,person,0.8608598,354,113,980,719,48906,23092,0.4116276041666666,3,23092_48906_3,23092_48906
1188,tie,0.6060723000000001,892,434,968,603,48906,23092,0.0139366319444444,0,23092_48906_0,23092_48906
1189,person,0.9842769,215,136,851,712,49020,23092,0.3975,3,23092_49020_3,23092_49020
1190,person,0.9193956,562,141,1148,711,49020,23092,0.3624348958333333,2,23092_49020_2,23092_49020
1191,tie,0.6598961999999999,888,445,966,598,49020,23092,0.01294921875,1,23092_49020_1,23092_49020
1192,bowl,0.6122141,718,225,788,256,49020,23092,0.0023546006944444,0,23092_49020_0,23092_49020
1193,person,0.98135066,180,115,755,708,49134,23092,0.3699815538194444,3,23092_49134_3,23092_49134
1194,person,0.9676925,570,147,1146,700,49134,23092,0.345625,2,23092_49134_2,23092_49134
1195,tie,0.7142015,898,448,972,636,49134,23092,0.0150954861111111,0,23092_49134_0,23092_49134
1196,person,0.71266717,405,124,916,708,49134,23092,0.3238107638888889,1,23092_49134_1,23092_49134
1197,person,0.9622113,188,122,806,712,49248,23092,0.3956380208333333,1,23092_49248_1,23092_49248
1198,person,0.9392195,568,153,1101,685,49248,23092,0.3076779513888889,0,23092_49248_0,23092_49248
1199,person,0.941083,213,86,765,711,49362,23092,0.3743489583333333,1,23092_49362_1,23092_49362
1200,person,0.9267021,461,175,1145,697,49362,23092,0.387421875,2,23092_49362_2,23092_49362
1201,person,0.5571029000000001,287,222,955,710,49362,23092,0.3537152777777778,0,23092_49362_0,23092_49362
1202,person,0.94665736,210,150,853,705,49476,23092,0.3872233072916666,3,23092_49476_3,23092_49476
1203,person,0.9149631,508,150,1108,701,49476,23092,0.3587239583333333,2,23092_49476_2,23092_49476
1204,tie,0.66344583,908,449,968,610,49476,23092,0.0104817708333333,0,23092_49476_0,23092_49476
1205,chair,0.58900464,689,229,808,349,49476,23092,0.0154947916666666,1,23092_49476_1,23092_49476
1206,person,0.9618997,161,134,767,714,49590,23092,0.3813802083333333,1,23092_49590_1,23092_49590
1207,person,0.93214697,596,161,1177,712,49590,23092,0.3473643663194444,0,23092_49590_0,23092_49590
1208,person,0.9647485999999998,236,125,838,702,49704,23092,0.3769032118055556,1,23092_49704_1,23092_49704
1209,person,0.9624418,514,191,1193,692,49704,23092,0.3691178385416667,0,23092_49704_0,23092_49704
1210,person,0.9657552,178,93,796,715,49818,23092,0.4170963541666667,1,23092_49818_1,23092_49818
1211,person,0.9539489,552,146,1158,706,49818,23092,0.3682291666666666,0,23092_49818_0,23092_49818
1212,person,0.9478513,214,105,906,718,49932,23092,0.4602821180555556,2,23092_49932_2,23092_49932
1213,person,0.9222904,590,190,1132,704,49932,23092,0.3022873263888889,0,23092_49932_0,23092_49932
1214,person,0.71140504,151,68,668,720,49932,23092,0.3657595486111111,1,23092_49932_1,23092_49932
1215,person,0.94785887,200,105,968,707,50046,23092,0.5016666666666667,2,23092_50046_2,23092_50046
1216,person,0.84800637,525,148,1123,705,50046,23092,0.3614214409722222,1,23092_50046_1,23092_50046
1217,person,0.565652,153,113,693,714,50046,23092,0.3521484375,0,23092_50046_0,23092_50046
1218,person,0.9769249,209,102,796,692,50160,23092,0.3757921006944445,1,23092_50160_1,23092_50160
1219,person,0.9260789,569,162,1062,705,50160,23092,0.2904720052083333,0,23092_50160_0,23092_50160
1220,person,0.643691,289,149,1055,719,50160,23092,0.4737630208333333,2,23092_50160_2,23092_50160
1221,person,0.97454494,168,159,870,709,50274,23092,0.4189453125,2,23092_50274_2,23092_50274
1222,person,0.9148528,534,148,1129,716,50274,23092,0.3667100694444445,1,23092_50274_1,23092_50274
1223,person,0.5354675999999999,803,134,1059,654,50274,23092,0.1444444444444444,0,23092_50274_0,23092_50274
1224,person,0.9695264,128,94,790,712,50388,23092,0.4439192708333333,1,23092_50388_1,23092_50388
1225,person,0.92426187,480,149,1162,698,50388,23092,0.40626953125,0,23092_50388_0,23092_50388
1226,person,0.98848724,169,120,855,714,50502,23092,0.4421484375,1,23092_50502_1,23092_50502
1227,person,0.9737554,600,154,1106,706,50502,23092,0.3030729166666667,0,23092_50502_0,23092_50502
1228,person,0.90226465,337,105,1127,707,50502,23092,0.5160373263888889,2,23092_50502_2,23092_50502
1229,person,0.95411533,184,126,918,704,50616,23092,0.4603428819444445,2,23092_50616_2,23092_50616
1230,person,0.93188304,522,163,1147,697,50616,23092,0.3621419270833333,1,23092_50616_1,23092_50616
1231,tie,0.5264308000000001,901,450,966,625,50616,23092,0.0123426649305555,0,23092_50616_0,23092_50616
1232,wine glass,0.5321682,338,174,495,528,50730,23092,0.0603059895833333,0,23092_50730_0,23092_50730
1233,person,0.85111326,369,146,569,395,50844,23092,0.0540364583333333,0,23092_50844_0,23092_50844
1234,person,0.99035966,242,60,503,699,50958,23092,0.180966796875,2,23092_50958_2,23092_50958
1235,person,0.98899966,619,80,892,702,50958,23092,0.1842513020833332,3,23092_50958_3,23092_50958
1236,person,0.95314366,878,297,1129,619,50958,23092,0.0876974826388889,1,23092_50958_1,23092_50958
1237,person,0.7414735,223,573,352,719,50958,23092,0.0204361979166666,0,23092_50958_0,23092_50958
1238,person,0.9983896,708,132,994,703,51072,23092,0.1771983506944444,0,23092_51072_0,23092_51072
1239,person,0.93226445,644,52,1042,673,51186,23092,0.26818359375,1,23092_51186_1,23092_51186
1240,person,0.903345,532,30,965,658,51186,23092,0.2950564236111111,2,23092_51186_2,23092_51186
1241,person,0.61100346,453,495,756,714,51186,23092,0.072001953125,0,23092_51186_0,23092_51186
1242,person,0.9942502,452,27,915,718,51300,23092,0.3471495225694444,0,23092_51300_0,23092_51300
1243,person,0.97593904,292,132,726,685,51414,23092,0.2604188368055555,1,23092_51414_1,23092_51414
1244,person,0.53323436,531,138,726,483,51414,23092,0.072998046875,0,23092_51414_0,23092_51414
1245,person,0.9941227,383,100,690,704,51528,23092,0.2012022569444444,1,23092_51528_1,23092_51528
1246,person,0.98221934,712,120,920,702,51528,23092,0.1313541666666666,0,23092_51528_0,23092_51528
1247,person,0.9895287,360,85,702,693,51642,23092,0.225625,1,23092_51642_1,23092_51642
1248,person,0.96331227,591,142,792,654,51642,23092,0.1116666666666666,0,23092_51642_0,23092_51642
1249,person,0.9868606,357,130,677,698,51756,23092,0.1972222222222222,2,23092_51756_2,23092_51756
1250,person,0.97146916,642,144,897,686,51756,23092,0.1499674479166666,1,23092_51756_1,23092_51756
1251,person,0.9650492,849,136,1045,682,51756,23092,0.1161197916666666,0,23092_51756_0,23092_51756
1252,person,0.9863869,347,128,675,703,51870,23092,0.2046440972222222,2,23092_51870_2,23092_51870
1253,person,0.9666021,577,131,864,698,51870,23092,0.176572265625,1,23092_51870_1,23092_51870
1254,person,0.9592482,841,130,1027,708,51870,23092,0.1166536458333333,0,23092_51870_0,23092_51870
1255,person,0.9962451,341,130,658,707,51984,23092,0.1984689670138889,3,23092_51984_3,23092_51984
1256,person,0.9811478,599,157,875,702,51984,23092,0.1632161458333333,1,23092_51984_1,23092_51984
1257,person,0.91209084,841,126,1036,694,51984,23092,0.1201822916666666,0,23092_51984_0,23092_51984
1258,person,0.8483968000000001,674,149,970,699,51984,23092,0.1766493055555555,2,23092_51984_2,23092_51984
1259,person,0.99434835,345,131,647,712,52098,23092,0.1903884548611111,3,23092_52098_3,23092_52098
1260,person,0.98838437,597,149,882,715,52098,23092,0.1750325520833333,1,23092_52098_1,23092_52098
1261,person,0.9207585,812,144,1032,702,52098,23092,0.133203125,0,23092_52098_0,23092_52098
1262,person,0.65070754,684,145,993,704,52098,23092,0.1874251302083332,2,23092_52098_2,23092_52098
1263,person,0.99217284,343,118,655,709,52212,23092,0.200078125,2,23092_52212_2,23092_52212
1264,person,0.9758316,618,148,879,697,52212,23092,0.155478515625,1,23092_52212_1,23092_52212
1265,person,0.8660796000000001,822,134,1032,688,52212,23092,0.1262369791666666,0,23092_52212_0,23092_52212
1266,person,0.9939433,756,137,1091,683,52326,23092,0.1984700520833332,3,23092_52326_3,23092_52326
1267,person,0.9938379,604,134,889,694,52326,23092,0.1731770833333333,1,23092_52326_1,23092_52326
1268,person,0.9911158,345,128,649,710,52326,23092,0.1919791666666666,2,23092_52326_2,23092_52326
1269,person,0.5692098000000001,567,256,631,424,52326,23092,0.0116666666666666,0,23092_52326_0,23092_52326
1270,person,0.99183804,569,141,890,687,52440,23092,0.19017578125,0,23092_52440_0,23092_52440
1271,person,0.99015933,342,130,661,698,52440,23092,0.1966059027777777,1,23092_52440_1,23092_52440
1272,person,0.99560803,602,130,896,709,52554,23092,0.18470703125,0,23092_52554_0,23092_52554
1273,person,0.9885994,202,136,636,709,52554,23092,0.2698372395833333,1,23092_52554_1,23092_52554
1274,person,0.9941988000000002,611,136,885,713,52668,23092,0.1715473090277778,0,23092_52668_0,23092_52668
1275,person,0.99444926,347,124,654,700,52668,23092,0.191875,1,23092_52668_1,23092_52668
1276,person,0.9952846,340,122,652,704,52782,23092,0.19703125,0,23092_52782_0,23092_52782
1277,person,0.99502397,583,111,966,699,52782,23092,0.2443619791666666,1,23092_52782_1,23092_52782
1278,person,0.995548,574,121,920,694,52896,23092,0.2151236979166666,1,23092_52896_1,23092_52896
1279,person,0.9942344,345,123,639,703,52896,23092,0.1850260416666666,0,23092_52896_0,23092_52896
1280,person,0.99433905,547,111,878,711,53010,23092,0.2154947916666666,1,23092_53010_1,23092_53010
1281,person,0.96256393,151,88,350,696,53010,23092,0.1312847222222222,0,23092_53010_0,23092_53010
1282,person,0.95102787,152,18,397,687,53124,23092,0.1778483072916666,1,23092_53124_1,23092_53124
1283,person,0.80143315,337,0,993,669,53124,23092,0.4761979166666666,2,23092_53124_2,23092_53124
1284,person,0.52029437,896,535,1126,713,53124,23092,0.0444227430555555,0,23092_53124_0,23092_53124
1285,person,0.98779154,299,28,616,649,53238,23092,0.213603515625,1,23092_53238_1,23092_53238
1286,person,0.9752847,963,53,1136,506,53238,23092,0.0850358072916666,0,23092_53238_0,23092_53238
1287,person,0.9706187,890,68,1120,617,53352,23092,0.13701171875,3,23092_53352_3,23092_53352
1288,person,0.9536211,195,19,374,580,53352,23092,0.1089615885416666,2,23092_53352_2,23092_53352
1289,person,0.9290053,638,249,851,463,53352,23092,0.0494596354166666,1,23092_53352_1,23092_53352
1290,person,0.7675148,756,300,863,469,53352,23092,0.0196213107638888,0,23092_53352_0,23092_53352
1291,person,0.98460174,880,65,1102,565,53466,23092,0.1204427083333333,2,23092_53466_2,23092_53466
1292,person,0.9681612,192,58,378,570,53466,23092,0.1033333333333333,1,23092_53466_1,23092_53466
1293,person,0.94771355,618,261,861,476,53466,23092,0.056689453125,0,23092_53466_0,23092_53466
1294,person,0.97984916,857,77,1117,665,53580,23092,0.1658854166666666,3,23092_53580_3,23092_53580
1295,person,0.97070307,188,39,373,530,53580,23092,0.0985622829861111,2,23092_53580_2,23092_53580
1296,person,0.93533564,624,255,853,459,53580,23092,0.0506901041666666,1,23092_53580_1,23092_53580
1297,person,0.53772,714,273,847,455,53580,23092,0.0262651909722222,0,23092_53580_0,23092_53580
1298,person,0.9927796999999998,856,74,1108,683,53694,23092,0.1665234375,2,23092_53694_2,23092_53694
1299,person,0.9789444,632,267,870,478,53694,23092,0.0544900173611111,0,23092_53694_0,23092_53694
1300,person,0.97004503,189,54,374,561,53694,23092,0.1017740885416666,1,23092_53694_1,23092_53694
1301,person,0.98579735,871,80,1109,640,53808,23092,0.1446180555555555,2,23092_53808_2,23092_53808
1302,person,0.97584766,186,56,372,536,53808,23092,0.096875,1,23092_53808_1,23092_53808
1303,person,0.9619787,638,279,847,482,53808,23092,0.0460362413194444,0,23092_53808_0,23092_53808
1304,person,0.98423874,869,81,1116,667,53922,23092,0.1570551215277778,2,23092_53922_2,23092_53922
1305,person,0.9711439,186,52,367,569,53922,23092,0.1015375434027777,1,23092_53922_1,23092_53922
1306,person,0.96237034,639,273,847,477,53922,23092,0.0460416666666666,0,23092_53922_0,23092_53922
1307,person,0.99410015,590,79,797,483,54036,23092,0.0907421875,0,23092_54036_0,23092_54036
1308,person,0.9869363,851,69,1115,676,54036,23092,0.1738802083333333,2,23092_54036_2,23092_54036
1309,person,0.96995294,196,50,373,538,54036,23092,0.0937239583333333,1,23092_54036_1,23092_54036
1310,person,0.9968453000000002,653,81,872,476,54150,23092,0.0938639322916666,1,23092_54150_1,23092_54150
1311,person,0.9858144,860,71,1113,697,54150,23092,0.1718511284722222,3,23092_54150_3,23092_54150
1312,person,0.9447668,192,41,376,596,54150,23092,0.1108072916666666,2,23092_54150_2,23092_54150
1313,chair,0.5886340999999999,363,425,457,506,54150,23092,0.00826171875,0,23092_54150_0,23092_54150
1314,person,0.9928998,659,71,868,473,54264,23092,0.0911653645833333,0,23092_54264_0,23092_54264
1315,person,0.9838336,848,63,1111,654,54264,23092,0.1686555989583333,2,23092_54264_2,23092_54264
1316,person,0.97257024,192,44,371,540,54264,23092,0.0963368055555555,1,23092_54264_1,23092_54264
1317,person,0.9949969,648,82,864,480,54378,23092,0.09328125,0,23092_54378_0,23092_54378
1318,person,0.9824388,887,59,1105,609,54378,23092,0.1300998263888889,1,23092_54378_1,23092_54378
1319,person,0.91798395,187,64,430,563,54378,23092,0.131572265625,2,23092_54378_2,23092_54378
1320,person,0.99346656,650,82,871,477,54492,23092,0.0947211371527777,0,23092_54492_0,23092_54492
1321,person,0.97851896,888,39,1097,618,54492,23092,0.1313053385416666,1,23092_54492_1,23092_54492
1322,person,0.96983474,182,48,449,673,54492,23092,0.1810709635416666,2,23092_54492_2,23092_54492
1323,person,0.9978219000000002,420,21,1004,708,54606,23092,0.4353385416666667,0,23092_54606_0,23092_54606
1324,person,0.99589133,472,85,1006,720,54720,23092,0.3679361979166666,0,23092_54720_0,23092_54720
1325,person,0.9951127,310,37,851,719,54834,23092,0.4003493923611111,1,23092_54834_1,23092_54834
1326,tie,0.59616405,574,349,628,479,54834,23092,0.0076171875,0,23092_54834_0,23092_54834
1327,person,0.989023,377,39,956,720,54948,23092,0.427841796875,1,23092_54948_1,23092_54948
1328,tie,0.8500235,633,277,671,404,54948,23092,0.0052365451388888,0,23092_54948_0,23092_54948
1329,person,0.99823064,337,63,751,720,55062,23092,0.29513671875,2,23092_55062_2,23092_55062
1330,person,0.96476597,807,18,1161,671,55062,23092,0.2508268229166667,1,23092_55062_1,23092_55062
1331,tie,0.72492576,521,282,564,432,55062,23092,0.0069986979166666,0,23092_55062_0,23092_55062
1332,person,0.9985636,328,74,709,709,55176,23092,0.2625162760416666,0,23092_55176_0,23092_55176
1333,person,0.9959394,700,25,1110,700,55176,23092,0.30029296875,1,23092_55176_1,23092_55176
1334,person,0.99842536,685,17,1058,705,55290,23092,0.2784548611111111,1,23092_55290_1,23092_55290
1335,person,0.99796283,360,93,702,702,55290,23092,0.22599609375,0,23092_55290_0,23092_55290
1336,person,0.99701536,712,83,1068,700,55404,23092,0.2383376736111111,1,23092_55404_1,23092_55404
1337,person,0.99418265,455,134,743,665,55404,23092,0.1659375,0,23092_55404_0,23092_55404
1338,person,0.9944563,828,111,1116,679,55518,23092,0.1775,2,23092_55518_2,23092_55518
1339,person,0.98334324,152,72,401,697,55518,23092,0.1688639322916666,1,23092_55518_1,23092_55518
1340,person,0.97771114,601,131,863,607,55518,23092,0.1353211805555555,0,23092_55518_0,23092_55518
1341,person,0.99707437,822,97,1104,671,55632,23092,0.1756380208333333,5,23092_55632_5,23092_55632
1342,person,0.9891551,184,76,452,636,55632,23092,0.1628472222222222,4,23092_55632_4,23092_55632
1343,person,0.9822546999999998,542,108,790,559,55632,23092,0.1213628472222222,3,23092_55632_3,23092_55632
1344,person,0.7979848,449,426,570,562,55632,23092,0.0178559027777777,2,23092_55632_2,23092_55632
1345,tie,0.768422,643,235,672,308,55632,23092,0.0022970920138888,0,23092_55632_0,23092_55632
1346,person,0.55864716,488,430,582,543,55632,23092,0.0115256076388888,1,23092_55632_1,23092_55632
1347,person,0.9967961,743,52,1084,545,55746,23092,0.1824142795138889,1,23092_55746_1,23092_55746
1348,person,0.957793,251,23,542,686,55746,23092,0.209345703125,2,23092_55746_2,23092_55746
1349,person,0.9189393,531,107,728,499,55746,23092,0.0837934027777777,0,23092_55746_0,23092_55746
1350,person,0.7716281999999999,234,21,636,666,55860,23092,0.28134765625,1,23092_55860_1,23092_55860
1351,person,0.6784106,180,0,524,720,55860,23092,0.26875,0,23092_55860_0,23092_55860
1352,person,0.97240776,176,9,504,695,55974,23092,0.2441493055555556,1,23092_55974_1,23092_55974
1353,person,0.652656,279,19,522,497,55974,23092,0.12603515625,0,23092_55974_0,23092_55974
1354,person,0.9717513,254,77,432,375,56088,23092,0.0575564236111111,1,23092_56088_1,23092_56088
1355,person,0.8216075,210,266,689,680,56088,23092,0.21517578125,2,23092_56088_2,23092_56088
1356,person,0.7058099,946,360,1076,500,56088,23092,0.0197482638888888,0,23092_56088_0,23092_56088
1357,person,0.9900157,305,77,987,720,56202,23092,0.4758311631944445,1,23092_56202_1,23092_56202
1358,tie,0.92604315,621,367,699,487,56202,23092,0.01015625,0,23092_56202_0,23092_56202
1359,person,0.88983417,293,51,1080,698,56316,23092,0.5525054253472222,1,23092_56316_1,23092_56316
1360,person,0.55625916,1078,614,1126,709,56316,23092,0.0049479166666666,0,23092_56316_0,23092_56316
1361,tie,0.95329535,659,400,729,557,56430,23092,0.0119249131944444,0,23092_56430_0,23092_56430
1362,person,0.9428125,304,17,927,719,56430,23092,0.47455078125,2,23092_56430_2,23092_56430
1363,person,0.6702537,520,46,1109,703,56430,23092,0.419892578125,1,23092_56430_1,23092_56430
1364,person,0.98666245,297,38,998,709,56544,23092,0.5103851996527777,1,23092_56544_1,23092_56544
1365,tie,0.9444424,620,366,690,526,56544,23092,0.0121527777777777,0,23092_56544_0,23092_56544
1366,person,0.98250824,294,38,986,700,56658,23092,0.4970746527777778,2,23092_56658_2,23092_56658
1367,tie,0.9023919,629,397,693,552,56658,23092,0.0107638888888888,0,23092_56658_0,23092_56658
1368,person,0.5467509,275,176,725,706,56658,23092,0.2587890625,1,23092_56658_1,23092_56658
1369,person,0.9881143,293,62,1025,707,56772,23092,0.5123046875,0,23092_56772_0,23092_56772
1370,person,0.95783424,274,64,1057,702,56886,23092,0.54205078125,1,23092_56886_1,23092_56886
1371,tie,0.94992596,621,392,689,551,56886,23092,0.0117317708333333,0,23092_56886_0,23092_56886
1372,person,0.97176504,417,41,1106,715,57000,23092,0.5038910590277778,1,23092_57000_1,23092_57000
1373,tie,0.8760315000000001,701,337,800,509,57000,23092,0.0184765625,0,23092_57000_0,23092_57000
1374,person,0.9779719,409,43,1112,714,57114,23092,0.5118413628472223,1,23092_57114_1,23092_57114
1375,tie,0.7308566,707,337,798,516,57114,23092,0.0176746961805555,0,23092_57114_0,23092_57114
1376,person,0.9865631,394,55,1086,711,57228,23092,0.4925694444444445,1,23092_57228_1,23092_57228
1377,tie,0.80898094,708,340,788,501,57228,23092,0.0139756944444444,0,23092_57228_0,23092_57228
1378,person,0.9910001,358,27,985,711,57342,23092,0.4653515625,3,23092_57342_3,23092_57342
1379,tie,0.9564251,676,480,747,694,57342,23092,0.0164865451388888,0,23092_57342_0,23092_57342
1380,chair,0.774597,157,380,374,708,57342,23092,0.0772309027777777,2,23092_57342_2,23092_57342
1381,person,0.50752753,163,328,298,519,57342,23092,0.027978515625,1,23092_57342_1,23092_57342
1382,person,0.9795996,417,42,1120,720,57456,23092,0.5171809895833334,1,23092_57456_1,23092_57456
1383,tie,0.8017345,703,336,796,509,57456,23092,0.0174576822916666,0,23092_57456_0,23092_57456
1384,person,0.9641216,416,47,1105,687,57570,23092,0.4784722222222222,0,23092_57570_0,23092_57570
1385,tie,0.9903046999999998,654,479,721,712,57684,23092,0.0169390190972222,0,23092_57684_0,23092_57684
1386,person,0.9361477,260,58,1079,714,57684,23092,0.58296875,2,23092_57684_2,23092_57684
1387,person,0.7042588000000001,562,100,1108,716,57684,23092,0.3649479166666666,1,23092_57684_1,23092_57684
1388,person,0.98546314,405,59,1106,720,57798,23092,0.5027788628472222,0,23092_57798_0,23092_57798
1389,person,0.9553507,367,52,1150,688,57912,23092,0.5403515625,0,23092_57912_0,23092_57912
1390,person,0.9928964,465,114,706,362,58026,23092,0.0648524305555555,1,23092_58026_1,23092_58026
1391,person,0.92667145,887,281,1090,609,58026,23092,0.0722482638888888,2,23092_58026_2,23092_58026
1392,person,0.8059335999999999,165,277,524,705,58026,23092,0.1667230902777778,4,23092_58026_4,23092_58026
1393,person,0.760495,778,286,1074,666,58026,23092,0.1220486111111111,3,23092_58026_3,23092_58026
1394,couch,0.554476,153,423,1010,711,58026,23092,0.2678125,5,23092_58026_5,23092_58026
1395,book,0.5469773,185,136,205,213,58026,23092,0.0016710069444444,0,23092_58026_0,23092_58026
1396,person,0.9818725,433,103,708,359,58140,23092,0.0763888888888889,1,23092_58140_1,23092_58140
1397,person,0.9495487,886,291,1093,616,58140,23092,0.072998046875,0,23092_58140_0,23092_58140
1398,person,0.6296123,168,290,531,712,58140,23092,0.1662174479166666,2,23092_58140_2,23092_58140
1399,person,0.57325083,720,281,1093,692,58140,23092,0.1663444010416666,3,23092_58140_3,23092_58140
1400,person,0.98321354,435,87,693,364,58254,23092,0.0775455729166666,1,23092_58254_1,23092_58254
1401,person,0.9317939,895,281,1092,618,58254,23092,0.0720366753472222,0,23092_58254_0,23092_58254
1402,person,0.83969253,157,293,527,720,58254,23092,0.1714301215277777,3,23092_58254_3,23092_58254
1403,person,0.5674623000000001,800,292,1080,663,58254,23092,0.1127170138888888,2,23092_58254_2,23092_58254
1404,person,0.97868484,437,98,686,362,58368,23092,0.071328125,1,23092_58368_1,23092_58368
1405,person,0.9112117,154,300,511,715,58368,23092,0.1607584635416666,2,23092_58368_2,23092_58368
1406,person,0.90302145,895,278,1093,592,58368,23092,0.0674609375,0,23092_58368_0,23092_58368
1407,person,0.6719715,727,286,1115,698,58368,23092,0.1734548611111111,3,23092_58368_3,23092_58368
1408,person,0.979634,429,89,689,360,58482,23092,0.0764539930555555,3,23092_58482_3,23092_58482
1409,book,0.6962245,188,137,204,213,58482,23092,0.0013194444444444,0,23092_58482_0,23092_58482
1410,book,0.6068834,202,137,220,209,58482,23092,0.00140625,1,23092_58482_1,23092_58482
1411,person,0.5947876999999999,163,287,644,710,58482,23092,0.220771484375,5,23092_58482_5,23092_58482
1412,person,0.58348083,952,293,1150,605,58482,23092,0.06703125,2,23092_58482_2,23092_58482
1413,person,0.51571643,793,257,1193,690,58482,23092,0.1879340277777778,4,23092_58482_4,23092_58482
1414,person,0.9845887,456,130,689,366,58596,23092,0.0596657986111111,3,23092_58596_3,23092_58596
1415,person,0.7645837,773,220,1233,702,58596,23092,0.2405815972222222,5,23092_58596_5,23092_58596
1416,person,0.7293210999999999,1004,296,1115,436,58596,23092,0.0168619791666666,2,23092_58596_2,23092_58596
1417,person,0.6855704,158,290,581,716,58596,23092,0.19552734375,4,23092_58596_4,23092_58596
1418,book,0.54155236,188,140,205,213,58596,23092,0.0013465711805555,0,23092_58596_0,23092_58596
1419,chair,0.5022995,157,194,275,307,58596,23092,0.0144683159722222,1,23092_58596_1,23092_58596
1420,person,0.98739326,458,140,690,366,58710,23092,0.0568923611111111,3,23092_58710_3,23092_58710
1421,person,0.77024084,756,244,1207,693,58710,23092,0.2197254774305556,5,23092_58710_5,23092_58710
1422,person,0.6940263000000001,206,294,857,700,58710,23092,0.2867903645833333,6,23092_58710_6,23092_58710
1423,person,0.6349089,159,295,599,711,58710,23092,0.1986111111111111,4,23092_58710_4,23092_58710
1424,person,0.6307903,1011,307,1122,452,58710,23092,0.0174641927083333,2,23092_58710_2,23092_58710
1425,book,0.5900279,187,138,205,213,58710,23092,0.00146484375,0,23092_58710_0,23092_58710
1426,book,0.5152818,197,137,225,208,58710,23092,0.0021571180555555,1,23092_58710_1,23092_58710
1427,person,0.9863687,458,138,691,363,58824,23092,0.056884765625,2,23092_58824_2,23092_58824
1428,person,0.7928732,148,288,580,709,58824,23092,0.19734375,4,23092_58824_4,23092_58824
1429,person,0.6051664000000001,875,228,1243,700,58824,23092,0.1884722222222222,3,23092_58824_3,23092_58824
1430,book,0.55674696,188,137,205,209,58824,23092,0.001328125,0,23092_58824_0,23092_58824
1431,book,0.5195226,202,136,221,208,58824,23092,0.001484375,1,23092_58824_1,23092_58824
1432,person,0.98726964,452,140,688,370,58938,23092,0.0588975694444444,3,23092_58938_3,23092_58938
1433,person,0.90521866,820,285,1097,628,58938,23092,0.1030935329861111,4,23092_58938_4,23092_58938
1434,person,0.7828989000000001,169,281,546,718,58938,23092,0.1787641059027777,5,23092_58938_5,23092_58938
1435,book,0.5895347,195,136,225,206,58938,23092,0.0022786458333333,2,23092_58938_2,23092_58938
1436,book,0.5516081,188,137,206,208,58938,23092,0.00138671875,1,23092_58938_1,23092_58938
1437,book,0.5484395000000001,203,136,219,206,58938,23092,0.0012152777777777,0,23092_58938_0,23092_58938
1438,person,0.98559046,456,138,684,363,59052,23092,0.0556640625,2,23092_59052_2,23092_59052
1439,person,0.8768436,815,272,1087,623,59052,23092,0.10359375,3,23092_59052_3,23092_59052
1440,person,0.81008095,148,277,531,708,59052,23092,0.1791156684027778,4,23092_59052_4,23092_59052
1441,book,0.56900537,180,135,210,207,59052,23092,0.00234375,1,23092_59052_1,23092_59052
1442,book,0.54284614,200,133,220,205,59052,23092,0.0015625,0,23092_59052_0,23092_59052
1443,person,0.98338574,442,102,700,357,59166,23092,0.07138671875,3,23092_59166_3,23092_59166
1444,person,0.91172516,779,280,1101,658,59166,23092,0.1320703125,4,23092_59166_4,23092_59166
1445,book,0.66417253,193,137,225,205,59166,23092,0.0023611111111111,2,23092_59166_2,23092_59166
1446,book,0.6540931,188,138,205,209,59166,23092,0.0013096788194444,1,23092_59166_1,23092_59166
1447,person,0.647142,151,300,628,705,59166,23092,0.209619140625,5,23092_59166_5,23092_59166
1448,book,0.61002403,202,137,219,205,59166,23092,0.0012543402777777,0,23092_59166_0,23092_59166
1449,person,0.9779351,445,87,689,339,59280,23092,0.06671875,0,23092_59280_0,23092_59280
1450,person,0.8286357,885,270,1087,622,59280,23092,0.0771527777777777,2,23092_59280_2,23092_59280
1451,person,0.6940175000000001,834,260,1040,582,59280,23092,0.0719748263888888,1,23092_59280_1,23092_59280
1452,person,0.60171396,156,260,607,695,59280,23092,0.2128743489583332,3,23092_59280_3,23092_59280
1453,couch,0.52024734,136,384,1031,720,59280,23092,0.3263020833333333,4,23092_59280_4,23092_59280
1454,person,0.95601225,657,127,908,403,59394,23092,0.0751692708333333,1,23092_59394_1,23092_59394
1455,person,0.86455256,214,124,477,501,59394,23092,0.1075857204861111,2,23092_59394_2,23092_59394
1456,person,0.66592944,775,467,938,651,59394,23092,0.0325434027777777,0,23092_59394_0,23092_59394
1457,person,0.9789221,653,135,905,411,59508,23092,0.07546875,2,23092_59508_2,23092_59508
1458,person,0.84994423,365,149,667,654,59508,23092,0.1654839409722222,4,23092_59508_4,23092_59508
1459,person,0.6881875,728,412,960,697,59508,23092,0.0717447916666666,1,23092_59508_1,23092_59508
1460,person,0.50448287,372,146,582,413,59508,23092,0.06083984375,0,23092_59508_0,23092_59508
1461,person,0.5044541,376,153,634,493,59508,23092,0.0951822916666666,3,23092_59508_3,23092_59508
1462,person,0.97160375,654,141,881,413,59622,23092,0.0669965277777777,0,23092_59622_0,23092_59622
1463,person,0.84895134,733,361,1156,713,59622,23092,0.1615625,2,23092_59622_2,23092_59622
1464,person,0.7372116999999999,325,145,682,638,59622,23092,0.1909733072916666,3,23092_59622_3,23092_59622
1465,person,0.71538305,383,143,642,433,59622,23092,0.0814995659722222,1,23092_59622_1,23092_59622
1466,person,0.9895079,643,144,885,415,59736,23092,0.0711610243055555,0,23092_59736_0,23092_59736
1467,person,0.86371213,372,140,659,649,59736,23092,0.1585101996527777,3,23092_59736_3,23092_59736
1468,person,0.6805734999999999,793,330,1047,689,59736,23092,0.0989431423611111,2,23092_59736_2,23092_59736
1469,person,0.5809304,372,146,598,467,59736,23092,0.0787174479166666,1,23092_59736_1,23092_59736
1470,person,0.95541865,593,355,803,491,59850,23092,0.0309895833333333,0,23092_59850_0,23092_59850
1471,person,0.99427855,721,145,1003,484,59964,23092,0.10373046875,2,23092_59964_2,23092_59964
1472,person,0.9767347,334,173,537,493,59964,23092,0.0704861111111111,1,23092_59964_1,23092_59964
1473,person,0.8857488000000001,160,192,310,490,59964,23092,0.0485026041666666,0,23092_59964_0,23092_59964
1474,person,0.98261696,190,137,548,701,60078,23092,0.2190885416666666,4,23092_60078_4,23092_60078
1475,person,0.9761761999999998,824,182,1034,501,60078,23092,0.0726888020833333,3,23092_60078_3,23092_60078
1476,person,0.9725549,488,167,651,490,60078,23092,0.0571278211805555,1,23092_60078_1,23092_60078
1477,person,0.62848973,1027,347,1096,515,60078,23092,0.012578125,0,23092_60078_0,23092_60078
1478,refrigerator,0.5093911,558,201,759,474,60078,23092,0.059541015625,2,23092_60078_2,23092_60078
1479,person,0.9794621,445,175,609,478,60192,23092,0.0539192708333333,1,23092_60192_1,23092_60192
1480,person,0.97819704,702,179,861,474,60192,23092,0.0508951822916666,0,23092_60192_0,23092_60192
1481,person,0.96336204,700,183,876,487,60306,23092,0.0580555555555555,1,23092_60306_1,23092_60306
1482,person,0.8498846,271,193,479,471,60306,23092,0.0627430555555555,3,23092_60306_3,23092_60306
1483,person,0.7752475999999999,311,193,460,423,60306,23092,0.0371853298611111,0,23092_60306_0,23092_60306
1484,person,0.7504755999999999,219,178,433,439,60306,23092,0.06060546875,2,23092_60306_2,23092_60306
1485,person,0.9434383,372,187,550,492,60420,23092,0.0589084201388888,0,23092_60420_0,23092_60420
1486,person,0.9800965,255,180,480,485,60534,23092,0.074462890625,0,23092_60534_0,23092_60534
1487,tv,0.5379954,708,210,1016,463,60534,23092,0.0845529513888889,1,23092_60534_1,23092_60534
1488,person,0.98986596,272,151,554,500,60648,23092,0.1067903645833333,2,23092_60648_2,23092_60648
1489,person,0.970022,867,128,1119,502,60648,23092,0.102265625,1,23092_60648_1,23092_60648
1490,person,0.7998684,823,345,888,492,60648,23092,0.0103678385416666,0,23092_60648_0,23092_60648
1491,person,0.98859495,378,124,642,490,60762,23092,0.10484375,0,23092_60762_0,23092_60762
1492,person,0.95418113,787,97,1180,653,60762,23092,0.2370963541666666,1,23092_60762_1,23092_60762
1493,person,0.98328155,284,134,538,485,60876,23092,0.09673828125,0,23092_60876_0,23092_60876
1494,person,0.9703629,630,132,1079,591,60876,23092,0.223623046875,1,23092_60876_1,23092_60876
1495,person,0.9882684000000002,258,133,502,493,60990,23092,0.0953125,1,23092_60990_1,23092_60990
1496,person,0.97008294,597,123,986,632,60990,23092,0.2148448350694444,2,23092_60990_2,23092_60990
1497,person,0.8424275,820,131,1020,496,60990,23092,0.0792100694444444,0,23092_60990_0,23092_60990
1498,person,0.9877834,257,168,520,490,61104,23092,0.0918901909722222,1,23092_61104_1,23092_61104
1499,person,0.93659025,614,149,998,625,61104,23092,0.1983333333333333,2,23092_61104_2,23092_61104
1500,person,0.85484487,818,159,1034,483,61104,23092,0.0759375,0,23092_61104_0,23092_61104
1501,person,0.9886361,259,141,506,497,61218,23092,0.0954123263888888,1,23092_61218_1,23092_61218
1502,person,0.8261924,751,142,959,521,61218,23092,0.0855381944444444,0,23092_61218_0,23092_61218
1503,person,0.5893933000000001,780,92,1198,614,61218,23092,0.2367578125,2,23092_61218_2,23092_61218
1504,person,0.9899046,702,124,896,505,61332,23092,0.0802018229166666,0,23092_61332_0,23092_61332
1505,person,0.9024403,281,124,582,496,61332,23092,0.1214973958333333,1,23092_61332_1,23092_61332
1506,person,0.95791966,386,301,676,702,61446,23092,0.1261827256944444,1,23092_61446_1,23092_61446
1507,person,0.8445239999999999,427,321,655,540,61446,23092,0.0541796875,0,23092_61446_0,23092_61446
1508,person,0.99731773,692,148,981,704,61560,23092,0.1743532986111111,2,23092_61560_2,23092_61560
1509,person,0.9795109,210,140,492,534,61560,23092,0.1205598958333333,0,23092_61560_0,23092_61560
1510,person,0.9643559000000002,397,294,705,698,61560,23092,0.1350173611111111,1,23092_61560_1,23092_61560
1511,person,0.99593556,196,119,464,555,61674,23092,0.1267881944444444,3,23092_61674_3,23092_61674
1512,person,0.9610757,609,300,1018,686,61674,23092,0.1713042534722222,4,23092_61674_4,23092_61674
1513,person,0.9556058,954,146,1106,658,61674,23092,0.0844444444444444,1,23092_61674_1,23092_61674
1514,person,0.90369755,760,294,1020,648,61674,23092,0.0998697916666666,2,23092_61674_2,23092_61674
1515,car,0.6607046,150,484,213,549,61674,23092,0.004443359375,0,23092_61674_0,23092_61674
1516,person,0.99375784,270,110,527,557,61788,23092,0.1246516927083333,1,23092_61788_1,23092_61788
1517,person,0.96395284,744,300,1092,696,61788,23092,0.14953125,2,23092_61788_2,23092_61788
1518,person,0.9142085,660,132,906,542,61788,23092,0.1094401041666666,0,23092_61788_0,23092_61788
1519,person,0.9901524,258,105,520,553,61902,23092,0.1273611111111111,3,23092_61902_3,23092_61902
1520,person,0.98876524,694,123,914,540,61902,23092,0.0995442708333333,1,23092_61902_1,23092_61902
1521,person,0.93861127,860,299,1097,689,61902,23092,0.10029296875,2,23092_61902_2,23092_61902
1522,chair,0.764216,150,470,277,568,61902,23092,0.0135047743055555,0,23092_61902_0,23092_61902
1523,person,0.9910075,225,269,530,564,62016,23092,0.0976291232638889,1,23092_62016_1,23092_62016
1524,person,0.98094475,735,129,951,547,62016,23092,0.09796875,2,23092_62016_2,23092_62016
1525,person,0.9478176,838,305,1122,647,62016,23092,0.105390625,3,23092_62016_3,23092_62016
1526,person,0.6756982,633,499,680,564,62016,23092,0.0033148871527777,0,23092_62016_0,23092_62016
1527,person,0.9925315,412,86,1051,713,62130,23092,0.434736328125,3,23092_62130_3,23092_62130
1528,person,0.7104722,714,85,753,192,62130,23092,0.0045279947916666,1,23092_62130_1,23092_62130
1529,person,0.6058504,790,125,858,170,62130,23092,0.0033203125,0,23092_62130_0,23092_62130
1530,chair,0.58961946,506,615,775,716,62130,23092,0.0294802517361111,2,23092_62130_2,23092_62130
1531,person,0.9954454,403,73,1068,709,62244,23092,0.4589192708333333,1,23092_62244_1,23092_62244
1532,person,0.8215256999999999,251,544,343,717,62244,23092,0.0172699652777777,0,23092_62244_0,23092_62244
1533,person,0.99753594,472,44,991,720,62358,23092,0.3806901041666666,0,23092_62358_0,23092_62358
1534,person,0.9920408000000002,400,69,824,715,62472,23092,0.2972048611111111,0,23092_62472_0,23092_62472
1535,person,0.99724716,526,78,824,700,62586,23092,0.2011241319444444,0,23092_62586_0,23092_62586
1536,person,0.9682169,593,103,810,705,62700,23092,0.1417469618055555,0,23092_62700_0,23092_62700
1537,person,0.99490154,426,69,1033,700,62814,23092,0.4156000434027778,1,23092_62814_1,23092_62814
1538,tie,0.6056691,697,387,775,630,62814,23092,0.02056640625,0,23092_62814_0,23092_62814
1539,person,0.97470593,340,59,1063,714,62928,23092,0.5138509114583333,0,23092_62928_0,23092_62928
1540,person,0.9913118,367,68,1068,695,63042,23092,0.4769173177083333,0,23092_63042_0,23092_63042
1541,person,0.9857803,341,69,1054,720,63156,23092,0.5036490885416667,1,23092_63156_1,23092_63156
1542,person,0.65395147,249,539,335,713,63156,23092,0.0162369791666666,0,23092_63156_0,23092_63156
1543,person,0.9886335,379,65,1000,715,63270,23092,0.43798828125,0,23092_63270_0,23092_63270
1544,person,0.98743755,377,68,1005,710,63384,23092,0.4374739583333333,0,23092_63384_0,23092_63384
1545,person,0.9904227,359,59,1001,720,63498,23092,0.4604622395833333,0,23092_63498_0,23092_63498
1546,person,0.994665,351,59,984,711,63612,23092,0.4478255208333333,0,23092_63612_0,23092_63612
1547,person,0.9895588,397,52,1050,708,63726,23092,0.4648090277777778,1,23092_63726_1,23092_63726
1548,person,0.6016931,219,474,369,713,63726,23092,0.0388997395833333,0,23092_63726_0,23092_63726
1549,person,0.9899858,401,62,1057,717,63840,23092,0.4662326388888889,0,23092_63840_0,23092_63840
1550,person,0.98369986,180,209,463,496,63954,23092,0.0881304253472222,2,23092_63954_2,23092_63954
1551,person,0.9532034,502,119,711,451,63954,23092,0.0752907986111111,1,23092_63954_1,23092_63954
1552,person,0.8798478000000001,819,221,1130,587,63954,23092,0.1235091145833333,3,23092_63954_3,23092_63954
1553,person,0.65385216,564,457,616,514,63954,23092,0.0032161458333333,0,23092_63954_0,23092_63954
1554,person,0.99090075,186,220,460,479,64068,23092,0.0770030381944444,1,23092_64068_1,23092_64068
1555,person,0.9726759,790,209,1121,637,64068,23092,0.1537196180555555,3,23092_64068_3,23092_64068
1556,person,0.9510339,494,114,745,460,64068,23092,0.0942339409722222,2,23092_64068_2,23092_64068
1557,cup,0.6859911,283,428,367,496,64068,23092,0.0061979166666666,0,23092_64068_0,23092_64068
1558,person,0.9887299,192,224,466,486,64182,23092,0.0778949652777777,1,23092_64182_1,23092_64182
1559,person,0.9720067,494,116,720,465,64182,23092,0.0855837673611111,2,23092_64182_2,23092_64182
1560,person,0.943663,784,218,1111,629,64182,23092,0.145830078125,3,23092_64182_3,23092_64182
1561,cup,0.5596396,289,429,366,500,64182,23092,0.0059320746527777,0,23092_64182_0,23092_64182
1562,person,0.9897809,183,219,453,489,64296,23092,0.0791015625,1,23092_64296_1,23092_64296
1563,person,0.9799382,492,120,691,466,64296,23092,0.0747113715277777,0,23092_64296_0,23092_64296
1564,person,0.93867564,774,215,1128,659,64296,23092,0.170546875,3,23092_64296_3,23092_64296
1565,person,0.58765644,833,221,1125,540,64296,23092,0.1010720486111111,2,23092_64296_2,23092_64296
1566,person,0.9908584,189,220,454,487,64410,23092,0.0767740885416666,1,23092_64410_1,23092_64410
1567,person,0.9796109,772,224,1127,675,64410,23092,0.1737250434027777,3,23092_64410_3,23092_64410
1568,person,0.96903,497,122,710,461,64410,23092,0.078349609375,2,23092_64410_2,23092_64410
1569,person,0.6534063,561,460,622,515,64410,23092,0.0036404079861111,0,23092_64410_0,23092_64410
1570,person,0.98608285,206,214,463,486,64524,23092,0.0758506944444444,1,23092_64524_1,23092_64524
1571,person,0.96863,503,115,755,463,64524,23092,0.09515625,2,23092_64524_2,23092_64524
1572,person,0.9630149,795,221,1122,629,64524,23092,0.144765625,3,23092_64524_3,23092_64524
1573,tie,0.7582321,991,360,1015,415,64524,23092,0.0014322916666666,0,23092_64524_0,23092_64524
1574,person,0.9825472,191,217,469,487,64638,23092,0.0814453125,1,23092_64638_1,23092_64638
1575,person,0.96166474,506,115,746,467,64638,23092,0.0916666666666666,2,23092_64638_2,23092_64638
1576,person,0.95440096,796,228,1130,655,64638,23092,0.1547504340277777,4,23092_64638_4,23092_64638
1577,tie,0.8704206,991,363,1017,418,64638,23092,0.0015516493055555,0,23092_64638_0,23092_64638
1578,person,0.55488724,843,218,1124,528,64638,23092,0.0945203993055555,3,23092_64638_3,23092_64638
1579,person,0.9930056,191,211,464,487,64752,23092,0.0817578125,1,23092_64752_1,23092_64752
1580,person,0.9824699,769,210,1118,679,64752,23092,0.1776052517361111,2,23092_64752_2,23092_64752
1581,person,0.9742778,502,119,685,449,64752,23092,0.06552734375,0,23092_64752_0,23092_64752
1582,person,0.9905047,197,217,462,490,64866,23092,0.0784993489583333,2,23092_64866_2,23092_64866
1583,person,0.97204655,493,120,700,463,64866,23092,0.077041015625,1,23092_64866_1,23092_64866
1584,person,0.94524616,767,217,1124,653,64866,23092,0.1688932291666666,3,23092_64866_3,23092_64866
1585,cup,0.58450454,775,429,820,474,64866,23092,0.002197265625,0,23092_64866_0,23092_64866
1586,person,0.9828455,186,218,463,486,64980,23092,0.0805512152777777,1,23092_64980_1,23092_64980
1587,person,0.97982085,492,119,684,452,64980,23092,0.069375,0,23092_64980_0,23092_64980
1588,person,0.95100534,794,220,1122,649,64980,23092,0.1526822916666666,2,23092_64980_2,23092_64980
1589,person,0.9907788,184,222,459,478,65094,23092,0.0763888888888889,0,23092_65094_0,23092_65094
1590,person,0.9716401,497,119,709,467,65094,23092,0.0800520833333333,1,23092_65094_1,23092_65094
1591,person,0.95799136,855,215,1126,592,65094,23092,0.1108582899305555,2,23092_65094_2,23092_65094
1592,person,0.96471745,191,211,487,493,65208,23092,0.0905729166666666,1,23092_65208_1,23092_65208
1593,person,0.9287665,497,109,741,434,65208,23092,0.0860460069444444,0,23092_65208_0,23092_65208
1594,person,0.89839315,747,214,1120,670,65208,23092,0.1845572916666666,3,23092_65208_3,23092_65208
1595,person,0.62317836,828,222,1130,568,65208,23092,0.1133810763888888,2,23092_65208_2,23092_65208
1596,person,0.9828492,218,245,543,535,65322,23092,0.1022677951388889,2,23092_65322_2,23092_65322
1597,person,0.97761494,679,33,952,624,65322,23092,0.175068359375,3,23092_65322_3,23092_65322
1598,person,0.9550136,498,148,681,456,65322,23092,0.0611588541666666,1,23092_65322_1,23092_65322
1599,frisbee,0.88023674,643,392,800,531,65322,23092,0.0236794704861111,0,23092_65322_0,23092_65322
1600,person,0.9922644,327,51,803,720,65436,23092,0.3455338541666666,3,23092_65436_3,23092_65436
1601,person,0.85669136,737,219,833,364,65436,23092,0.0151041666666666,0,23092_65436_0,23092_65436
1602,chair,0.68591505,586,455,909,713,65436,23092,0.0904231770833333,1,23092_65436_1,23092_65436
1603,person,0.6069768,513,198,909,706,65436,23092,0.21828125,2,23092_65436_2,23092_65436
1604,person,0.9911178,361,79,994,703,65550,23092,0.42859375,1,23092_65550_1,23092_65550
1605,tie,0.90439457,609,384,645,462,65550,23092,0.003046875,0,23092_65550_0,23092_65550
1606,person,0.9974738,491,53,888,714,65664,23092,0.2847406684027778,2,23092_65664_2,23092_65664
1607,person,0.8051581,839,219,941,386,65664,23092,0.0184830729166666,0,23092_65664_0,23092_65664
1608,tv,0.7043714,357,199,471,354,65664,23092,0.0191731770833333,1,23092_65664_1,23092_65664
1609,person,0.9935369,352,89,974,708,65778,23092,0.4177712673611111,1,23092_65778_1,23092_65778
1610,tie,0.8013986999999999,614,386,646,467,65778,23092,0.0028125,0,23092_65778_0,23092_65778
1611,person,0.99758637,470,62,854,717,65892,23092,0.2729166666666666,3,23092_65892_3,23092_65892
1612,person,0.7989289,844,232,938,372,65892,23092,0.0142795138888888,1,23092_65892_1,23092_65892
1613,person,0.5663424,396,235,475,344,65892,23092,0.0093435329861111,0,23092_65892_0,23092_65892
1614,tv,0.50873935,361,207,487,358,65892,23092,0.02064453125,2,23092_65892_2,23092_65892
1615,person,0.99586344,510,66,978,720,66006,23092,0.332109375,1,23092_66006_1,23092_66006
1616,person,0.899173,872,237,978,375,66006,23092,0.0158723958333333,0,23092_66006_0,23092_66006
1617,person,0.94613737,587,64,985,650,66120,23092,0.2530685763888889,2,23092_66120_2,23092_66120
1618,person,0.690109,858,108,955,242,66120,23092,0.0141037326388888,1,23092_66120_1,23092_66120
1619,person,0.56649387,401,99,485,219,66120,23092,0.0109375,0,23092_66120_0,23092_66120
1620,person,0.9924831,560,18,969,560,66234,23092,0.2405360243055556,1,23092_66234_1,23092_66234
1621,person,0.9898074,172,219,719,693,66234,23092,0.2813346354166666,2,23092_66234_2,23092_66234
1622,chair,0.56931484,832,362,976,538,66234,23092,0.0275,0,23092_66234_0,23092_66234
1623,person,0.9961647,159,208,618,689,66348,23092,0.239560546875,2,23092_66348_2,23092_66348
1624,person,0.95405805,760,24,1042,611,66348,23092,0.1796158854166666,1,23092_66348_1,23092_66348
1625,chair,0.5197501,611,438,771,587,66348,23092,0.0258680555555555,0,23092_66348_0,23092_66348
1626,person,0.9963561,165,229,778,711,66462,23092,0.3206011284722222,1,23092_66462_1,23092_66462
1627,person,0.99214655,691,73,1038,629,66462,23092,0.2093446180555555,0,23092_66462_0,23092_66462
1628,person,0.99743927,177,243,587,706,66576,23092,0.2059787326388888,1,23092_66576_1,23092_66576
1629,person,0.9883393,718,69,1075,611,66576,23092,0.2099544270833333,2,23092_66576_2,23092_66576
1630,person,0.5101167000000001,969,526,1077,643,66576,23092,0.0137109375,0,23092_66576_0,23092_66576
1631,person,0.99659497,182,263,591,700,66690,23092,0.1939377170138889,1,23092_66690_1,23092_66690
1632,person,0.9894275,727,68,1063,616,66690,23092,0.1997916666666666,2,23092_66690_2,23092_66690
1633,person,0.5727908,967,531,1076,643,66690,23092,0.0132465277777777,0,23092_66690_0,23092_66690
1634,person,0.9971136,193,242,558,692,66804,23092,0.17822265625,0,23092_66804_0,23092_66804
1635,person,0.99209094,722,78,1063,609,66804,23092,0.196474609375,1,23092_66804_1,23092_66804
1636,person,0.99503255,710,37,1102,617,66918,23092,0.2467013888888889,1,23092_66918_1,23092_66918
1637,person,0.99435943,198,259,585,695,66918,23092,0.1830859375,0,23092_66918_0,23092_66918
1638,person,0.9951102,169,274,567,709,67032,23092,0.1878580729166666,0,23092_67032_0,23092_67032
1639,person,0.9939308,717,64,1095,631,67032,23092,0.23255859375,1,23092_67032_1,23092_67032
1640,person,0.9925513,703,59,1082,643,67146,23092,0.2401649305555555,0,23092_67146_0,23092_67146
1641,person,0.9922673,171,252,717,711,67146,23092,0.27193359375,1,23092_67146_1,23092_67146
1642,person,0.9987233,168,267,703,704,67260,23092,0.2536838107638889,1,23092_67260_1,23092_67260
1643,person,0.9934622,727,56,1088,628,67260,23092,0.2240581597222222,0,23092_67260_0,23092_67260
1644,person,0.9976605,152,236,680,699,67374,23092,0.2652604166666667,1,23092_67374_1,23092_67374
1645,person,0.9955937,730,57,1077,624,67374,23092,0.213486328125,0,23092_67374_0,23092_67374
1646,person,0.9977437,269,24,686,700,67488,23092,0.3058723958333333,2,23092_67488_2,23092_67488
1647,person,0.9847478,745,104,1133,683,67488,23092,0.2437630208333333,1,23092_67488_1,23092_67488
1648,frisbee,0.5304786,536,437,707,525,67488,23092,0.016328125,0,23092_67488_0,23092_67488
1649,person,0.9976972,272,76,697,705,67602,23092,0.2900661892361111,1,23092_67602_1,23092_67602
1650,person,0.98700964,754,68,1161,699,67602,23092,0.2786642795138889,0,23092_67602_0,23092_67602
1651,person,0.9954596,239,60,695,708,67716,23092,0.320625,1,23092_67716_1,23092_67716
1652,person,0.99128866,753,36,1129,683,67716,23092,0.2639670138888889,0,23092_67716_0,23092_67716
1653,person,0.9944607,241,59,707,711,67830,23092,0.3296788194444444,1,23092_67830_1,23092_67830
1654,person,0.99260485,758,38,1138,694,67830,23092,0.2704861111111111,0,23092_67830_0,23092_67830
1655,person,0.9978666,138,69,614,699,67944,23092,0.325390625,1,23092_67944_1,23092_67944
1656,person,0.99364555,744,36,1135,693,67944,23092,0.278740234375,0,23092_67944_0,23092_67944
1657,person,0.9919327,225,73,692,714,68058,23092,0.3248122829861111,2,23092_68058_2,23092_68058
1658,person,0.9877458,764,30,1157,697,68058,23092,0.2844303385416666,1,23092_68058_1,23092_68058
1659,tie,0.5296715999999999,435,301,468,394,68058,23092,0.003330078125,0,23092_68058_0,23092_68058
1660,person,0.99557483,201,58,662,720,68172,23092,0.3311436631944444,1,23092_68172_1,23092_68172
1661,person,0.99406034,747,35,1142,699,68172,23092,0.2845920138888889,0,23092_68172_0,23092_68172
1662,person,0.99518377,246,67,708,715,68286,23092,0.32484375,1,23092_68286_1,23092_68286
1663,person,0.9916796,752,42,1148,710,68286,23092,0.28703125,0,23092_68286_0,23092_68286
1664,person,0.99650806,212,65,673,720,68400,23092,0.3276421440972222,1,23092_68400_1,23092_68400
1665,person,0.98966026,747,27,1103,688,68400,23092,0.2553342013888889,0,23092_68400_0,23092_68400
1666,person,0.9942046999999998,732,63,1092,701,68514,23092,0.24921875,1,23092_68514_1,23092_68514
1667,person,0.9937245,143,43,528,698,68514,23092,0.2736273871527778,2,23092_68514_2,23092_68514
1668,tie,0.5238273,352,289,393,407,68514,23092,0.0052495659722222,0,23092_68514_0,23092_68514
1669,person,0.9981793,289,67,645,718,68628,23092,0.2514713541666666,1,23092_68628_1,23092_68628
1670,person,0.9879313,779,27,1126,687,68628,23092,0.2485026041666667,0,23092_68628_0,23092_68628
1671,person,0.9983292,280,68,606,718,68742,23092,0.2299262152777778,2,23092_68742_2,23092_68742
1672,person,0.99581474,745,36,1082,715,68742,23092,0.2482888454861111,3,23092_68742_3,23092_68742
1673,refrigerator,0.87588644,529,118,766,532,68742,23092,0.10646484375,0,23092_68742_0,23092_68742
1674,refrigerator,0.5950015999999999,460,82,798,683,68742,23092,0.2204188368055555,1,23092_68742_1,23092_68742
1675,person,0.9938139,265,59,809,720,68856,23092,0.3901736111111111,1,23092_68856_1,23092_68856
1676,person,0.9781892,605,48,1058,689,68856,23092,0.3150748697916666,0,23092_68856_0,23092_68856
1677,person,0.9957969,318,73,638,710,68970,23092,0.2211805555555555,1,23092_68970_1,23092_68970
1678,person,0.99110454,815,118,1118,679,68970,23092,0.184443359375,0,23092_68970_0,23092_68970
1679,person,0.99272,601,108,931,698,69084,23092,0.2112630208333333,0,23092_69084_0,23092_69084
1680,person,0.97716093,587,157,757,398,69198,23092,0.0444552951388888,0,23092_69198_0,23092_69198
1681,person,0.97309846,232,112,600,698,69198,23092,0.2339930555555555,1,23092_69198_1,23092_69198
1682,person,0.9860263,786,134,1024,402,69312,23092,0.0692100694444444,1,23092_69312_1,23092_69312
1683,person,0.8729275,444,114,756,541,69312,23092,0.1445572916666666,2,23092_69312_2,23092_69312
1684,person,0.6947755999999999,874,554,1093,643,69312,23092,0.0211490885416666,0,23092_69312_0,23092_69312
1685,person,0.99375325,782,134,1021,407,69426,23092,0.0707975260416666,0,23092_69426_0,23092_69426
1686,person,0.9096161,389,124,799,601,69426,23092,0.21220703125,1,23092_69426_1,23092_69426
1687,person,0.9904821,791,141,1008,408,69540,23092,0.0628678385416666,0,23092_69540_0,23092_69540
1688,person,0.81581724,443,122,801,594,69540,23092,0.1833506944444444,2,23092_69540_2,23092_69540
1689,person,0.67296237,413,116,732,468,69540,23092,0.1218402777777777,1,23092_69540_1,23092_69540
1690,person,0.98146087,866,119,1043,411,69654,23092,0.0560807291666666,0,23092_69654_0,23092_69654
1691,person,0.91103715,392,99,957,575,69654,23092,0.2918185763888889,1,23092_69654_1,23092_69654
1692,person,0.99253416,195,90,609,711,69882,23092,0.27896484375,2,23092_69882_2,23092_69882
1693,person,0.98026913,777,94,1137,676,69882,23092,0.22734375,1,23092_69882_1,23092_69882
1694,person,0.9580605,557,267,778,585,69882,23092,0.0762565104166666,0,23092_69882_0,23092_69882
1695,person,0.9908262,191,97,621,702,69996,23092,0.2822808159722222,1,23092_69996_1,23092_69996
1696,person,0.9748321,678,41,1142,702,69996,23092,0.3327951388888889,2,23092_69996_2,23092_69996
1697,person,0.9376149,555,271,751,581,69996,23092,0.0659288194444444,0,23092_69996_0,23092_69996
1698,person,0.98415226,171,78,546,713,70110,23092,0.2583821614583333,1,23092_70110_1,23092_70110
1699,person,0.98303586,703,68,1102,701,70110,23092,0.274052734375,2,23092_70110_2,23092_70110
1700,person,0.9539074,496,263,737,589,70110,23092,0.0852495659722222,0,23092_70110_0,23092_70110
1701,person,0.9910918,163,76,574,707,70224,23092,0.2814029947916667,1,23092_70224_1,23092_70224
1702,person,0.9717319,685,57,1137,699,70224,23092,0.3148697916666667,2,23092_70224_2,23092_70224
1703,person,0.94453436,528,270,752,606,70224,23092,0.0816666666666666,0,23092_70224_0,23092_70224
1704,person,0.990121,167,65,576,715,70338,23092,0.2884657118055556,2,23092_70338_2,23092_70338
1705,person,0.9823345,644,58,1095,697,70338,23092,0.312705078125,3,23092_70338_3,23092_70338
1706,person,0.8953114,515,280,699,581,70338,23092,0.0600954861111111,1,23092_70338_1,23092_70338
1707,person,0.5424279000000001,1058,3,1126,228,70338,23092,0.0166015625,0,23092_70338_0,23092_70338
1708,person,0.9770891,671,110,1083,711,70452,23092,0.2686762152777778,1,23092_70452_1,23092_70452
1709,person,0.9748584,153,91,612,710,70452,23092,0.308291015625,2,23092_70452_2,23092_70452
1710,person,0.85032237,513,252,718,615,70452,23092,0.0807454427083333,0,23092_70452_0,23092_70452
1711,person,0.9890063,160,25,647,716,70566,23092,0.3651443142361111,2,23092_70566_2,23092_70566
1712,person,0.97642595,686,60,1134,689,70566,23092,0.3057638888888889,1,23092_70566_1,23092_70566
1713,person,0.89677817,559,261,761,580,70566,23092,0.0699197048611111,0,23092_70566_0,23092_70566
1714,person,0.9381652,465,261,789,581,70680,23092,0.1125,2,23092_70680_2,23092_70680
1715,cat,0.8967035,506,99,605,182,70680,23092,0.008916015625,0,23092_70680_0,23092_70680
1716,person,0.65319574,428,64,495,196,70680,23092,0.0095963541666666,1,23092_70680_1,23092_70680
1717,person,0.80508834,709,4,954,299,70908,23092,0.0784233940972222,1,23092_70908_1,23092_70908
1718,person,0.72239685,696,11,1022,451,70908,23092,0.1556423611111111,2,23092_70908_2,23092_70908
1719,person,0.70835686,10,0,285,720,70908,23092,0.21484375,3,23092_70908_3,23092_70908
1720,car,0.5930153,251,274,1027,706,70908,23092,0.36375,4,23092_70908_4,23092_70908
1721,person,0.50644916,485,11,651,338,70908,23092,0.0588997395833333,0,23092_70908_0,23092_70908
1722,person,0.90861636,401,332,458,466,71022,23092,0.0082877604166666,0,23092_71022_0,23092_71022
1723,person,0.57540435,652,3,1109,654,71022,23092,0.3228157552083333,2,23092_71022_2,23092_71022
1724,person,0.51310545,8,4,320,704,71022,23092,0.2369791666666666,1,23092_71022_1,23092_71022
1725,chair,0.5376051,497,504,653,638,71136,23092,0.0226822916666666,0,23092_71136_0,23092_71136
1726,chair,0.6826308000000001,495,510,649,645,71250,23092,0.02255859375,1,23092_71250_1,23092_71250
1727,person,0.61666507,384,254,638,575,71250,23092,0.0884700520833333,2,23092_71250_2,23092_71250
1728,person,0.5674915,734,61,875,150,71250,23092,0.0136165364583333,0,23092_71250_0,23092_71250
1729,person,0.69724345,739,58,878,152,71364,23092,0.0141775173611111,0,23092_71364_0,23092_71364
1730,person,0.6750234,370,251,635,577,71364,23092,0.0937391493055555,1,23092_71364_1,23092_71364
1731,chair,0.8465304,502,510,653,642,71478,23092,0.0216276041666666,0,23092_71478_0,23092_71478
1732,chair,0.6659203,559,520,894,658,71478,23092,0.0501627604166666,1,23092_71478_1,23092_71478
1733,dog,0.5353859000000001,451,238,626,536,71478,23092,0.0565863715277777,2,23092_71478_2,23092_71478
1734,toothbrush,0.5586846,819,73,947,588,71592,23092,0.0715277777777777,0,23092_71592_0,23092_71592
1735,chair,0.6733844,610,442,674,664,71706,23092,0.0154166666666666,0,23092_71706_0,23092_71706
1736,person,0.73775244,798,283,902,695,71820,23092,0.0464930555555555,1,23092_71820_1,23092_71820
1737,chair,0.70121616,600,427,672,670,71820,23092,0.018984375,0,23092_71820_0,23092_71820
1738,person,0.9656433,754,301,914,712,71934,23092,0.0713541666666666,1,23092_71934_1,23092_71934
1739,chair,0.7828670999999999,598,403,675,673,71934,23092,0.02255859375,0,23092_71934_0,23092_71934
1740,chair,0.8800244,605,429,675,668,72048,23092,0.0181532118055555,0,23092_72048_0,23092_72048
1741,person,0.9815694,664,257,838,678,72162,23092,0.0794856770833333,1,23092_72162_1,23092_72162
1742,chair,0.5202355,842,426,1023,693,72162,23092,0.0524381510416666,0,23092_72162_0,23092_72162
1743,chair,0.7866204000000001,606,437,672,680,72276,23092,0.01740234375,0,23092_72276_0,23092_72276
1744,person,0.95423734,717,296,908,694,72390,23092,0.0824848090277777,0,23092_72390_0,23092_72390
1745,chair,0.7347668,503,521,959,665,72504,23092,0.07125,1,23092_72504_1,23092_72504
1746,person,0.5102674,721,62,878,152,72504,23092,0.01533203125,0,23092_72504_0,23092_72504
1747,person,0.994115,482,96,776,640,72618,23092,0.1735416666666666,3,23092_72618_3,23092_72618
1748,chair,0.87746394,909,404,1120,707,72618,23092,0.0693717447916666,1,23092_72618_1,23092_72618
1749,chair,0.8657210999999999,798,412,1107,698,72618,23092,0.0958919270833333,2,23092_72618_2,23092_72618
1750,traffic light,0.5870276999999999,723,81,844,345,72618,23092,0.0346614583333333,0,23092_72618_0,23092_72618
1751,person,0.5603371,425,250,612,578,72732,23092,0.0665538194444444,0,23092_72732_0,23092_72732
1752,dog,0.7152029999999999,420,247,625,527,72846,23092,0.0622829861111111,0,23092_72846_0,23092_72846
1753,chair,0.7563468000000001,499,508,657,634,72960,23092,0.0216015625,0,23092_72960_0,23092_72960
1754,dog,0.8202176999999999,430,253,623,520,73074,23092,0.0559147135416666,3,23092_73074_3,23092_73074
1755,chair,0.7752679,497,507,658,651,73074,23092,0.02515625,1,23092_73074_1,23092_73074
1756,person,0.66519296,353,76,434,159,73074,23092,0.007294921875,0,23092_73074_0,23092_73074
1757,chair,0.5787496,544,534,918,659,73074,23092,0.0507269965277777,2,23092_73074_2,23092_73074
1758,person,0.8177557,773,285,881,452,73188,23092,0.0195703125,1,23092_73188_1,23092_73188
1759,chair,0.76872176,605,418,672,686,73188,23092,0.0194835069444444,0,23092_73188_0,23092_73188
1760,person,0.7643564,753,284,907,666,73188,23092,0.0638324652777777,2,23092_73188_2,23092_73188
1761,chair,0.7113477,870,229,1042,666,73188,23092,0.0815581597222222,3,23092_73188_3,23092_73188
1762,car,0.66392803,163,315,1175,720,73302,23092,0.4447265625,0,23092_73302_0,23092_73302
1763,person,0.9016259,235,377,317,501,73416,23092,0.0110329861111111,0,23092_73416_0,23092_73416
1764,car,0.8637679,127,332,1208,720,73416,23092,0.4551085069444445,1,23092_73416_1,23092_73416
1765,person,0.9222744,382,208,465,466,73530,23092,0.0232356770833333,1,23092_73530_1,23092_73530
1766,car,0.838153,144,317,1241,720,73530,23092,0.4796994357638889,2,23092_73530_2,23092_73530
1767,person,0.7009753000000001,468,187,546,375,73530,23092,0.0159114583333333,0,23092_73530_0,23092_73530
1768,person,0.98073846,356,361,466,698,73644,23092,0.0402235243055555,1,23092_73644_1,23092_73644
1769,chair,0.5419013,604,381,679,675,73644,23092,0.02392578125,0,23092_73644_0,23092_73644
1770,person,0.9878042,346,349,474,717,73758,23092,0.0511111111111111,0,23092_73758_0,23092_73758
1771,person,0.8684821,576,168,742,625,73758,23092,0.0823155381944444,1,23092_73758_1,23092_73758
1772,person,0.75656265,552,122,826,678,73758,23092,0.1653038194444444,2,23092_73758_2,23092_73758
1773,person,0.9558993,761,120,947,682,73872,23092,0.1134244791666666,0,23092_73872_0,23092_73872
1774,person,0.9430046,498,109,751,701,73872,23092,0.1625173611111111,1,23092_73872_1,23092_73872
1775,person,0.99282223,766,99,921,709,73986,23092,0.1025933159722222,0,23092_73986_0,23092_73986
1776,person,0.83714724,496,124,691,700,73986,23092,0.121875,1,23092_73986_1,23092_73986
1777,person,0.60683227,516,80,772,706,73986,23092,0.1738888888888889,2,23092_73986_2,23092_73986
1778,person,0.96507806,773,94,924,697,74100,23092,0.098798828125,1,23092_74100_1,23092_74100
1779,person,0.94860804,983,189,1123,635,74100,23092,0.0677517361111111,0,23092_74100_0,23092_74100
1780,person,0.8191939,505,57,761,704,74100,23092,0.1797222222222222,2,23092_74100_2,23092_74100
1781,person,0.96224815,722,218,915,658,74214,23092,0.0921440972222222,1,23092_74214_1,23092_74214
1782,person,0.7674592,541,192,905,700,74214,23092,0.2006423611111111,2,23092_74214_2,23092_74214
1783,knife,0.5313472,596,35,627,177,74214,23092,0.0047764756944444,0,23092_74214_0,23092_74214
1784,person,0.9858452,511,135,823,701,74328,23092,0.1916145833333333,0,23092_74328_0,23092_74328
1785,person,0.92192847,358,267,827,696,74442,23092,0.2183170572916666,1,23092_74442_1,23092_74442
1786,person,0.67910755,317,315,476,704,74442,23092,0.0671126302083333,0,23092_74442_0,23092_74442
1787,person,0.9991235,722,225,849,508,74556,23092,0.0389984809027777,0,23092_74556_0,23092_74556
1788,person,0.99071467,340,72,627,695,74784,23092,0.1940115017361111,0,23092_74784_0,23092_74784
1789,person,0.9411799,585,60,1065,715,74784,23092,0.3411458333333333,1,23092_74784_1,23092_74784
1790,person,0.9934856,611,39,1059,700,74898,23092,0.3213194444444444,1,23092_74898_1,23092_74898
1791,person,0.9929461,334,53,642,699,74898,23092,0.2158940972222222,0,23092_74898_0,23092_74898
1792,person,0.9203856,482,162,1090,720,75012,23092,0.368125,1,23092_75012_1,23092_75012
1793,person,0.68638724,487,167,824,711,75012,23092,0.1989236111111111,0,23092_75012_0,23092_75012
1794,person,0.9946509,152,59,505,704,75126,23092,0.2470540364583333,2,23092_75126_2,23092_75126
1795,person,0.94529486,741,98,985,685,75126,23092,0.1554123263888888,1,23092_75126_1,23092_75126
1796,book,0.5021542,879,515,1126,576,75126,23092,0.0163487413194444,0,23092_75126_0,23092_75126
1797,person,0.99484247,810,220,938,507,75240,23092,0.0398611111111111,1,23092_75240_1,23092_75240
1798,person,0.9349085,450,134,631,501,75240,23092,0.0720779079861111,2,23092_75240_2,23092_75240
1799,dining table,0.5282667,442,480,1083,707,75240,23092,0.1578851996527777,3,23092_75240_3,23092_75240
1800,vase,0.5226976999999999,695,435,766,523,75240,23092,0.0067795138888888,0,23092_75240_0,23092_75240
1801,person,0.56406355,616,450,724,694,75354,23092,0.02859375,0,23092_75354_0,23092_75354
1802,tv,0.5476234999999999,568,27,1109,435,75354,23092,0.2395052083333333,1,23092_75354_1,23092_75354
1803,person,0.9126978,926,327,967,500,75468,23092,0.0076963975694444,2,23092_75468_2,23092_75468
1804,person,0.73661727,771,492,887,715,75468,23092,0.0280685763888888,3,23092_75468_3,23092_75468
1805,person,0.5857859999999999,775,382,898,719,75468,23092,0.0449772135416666,4,23092_75468_4,23092_75468
1806,person,0.5210099,811,319,863,428,75468,23092,0.0061501736111111,0,23092_75468_0,23092_75468
1807,person,0.5023373,1056,183,1098,334,75468,23092,0.0068815104166666,1,23092_75468_1,23092_75468
1808,person,0.9963971,952,188,1081,591,75582,23092,0.0564095052083333,0,23092_75582_0,23092_75582
1809,person,0.9443971,726,235,887,522,75696,23092,0.0501378038194444,1,23092_75696_1,23092_75696
1810,cup,0.64154446,659,463,725,546,75696,23092,0.0059440104166666,0,23092_75696_0,23092_75696
1811,person,0.9740853,213,251,438,693,75810,23092,0.10791015625,0,23092_75810_0,23092_75810
1812,person,0.9527412,436,239,552,682,75924,23092,0.0557595486111111,0,23092_75924_0,23092_75924
1813,person,0.9799486,720,274,838,616,76038,23092,0.0437890625,0,23092_76038_0,23092_76038
1814,person,0.8996193000000001,453,229,570,684,76038,23092,0.057763671875,1,23092_76038_1,23092_76038
1815,person,0.8248809000000001,355,225,571,684,76038,23092,0.107578125,2,23092_76038_2,23092_76038
1816,person,0.59929097,238,126,557,691,76038,23092,0.1955674913194444,3,23092_76038_3,23092_76038
1817,person,0.98571056,564,30,872,720,76152,23092,0.2305989583333333,3,23092_76152_3,23092_76152
1818,person,0.9794201,449,37,717,707,76152,23092,0.1948350694444444,2,23092_76152_2,23092_76152
1819,person,0.9661924,266,120,479,708,76152,23092,0.1358984375,1,23092_76152_1,23092_76152
1820,person,0.8877712999999999,1051,174,1147,647,76152,23092,0.0492708333333333,0,23092_76152_0,23092_76152
1821,person,0.9857539,150,104,394,708,76266,23092,0.1599131944444444,3,23092_76266_3,23092_76266
1822,person,0.9582316,608,10,1024,702,76266,23092,0.3123611111111111,5,23092_76266_5,23092_76266
1823,person,0.93291205,454,15,775,701,76266,23092,0.2389388020833333,4,23092_76266_4,23092_76266
1824,person,0.8153465,499,42,932,720,76266,23092,0.3185481770833333,6,23092_76266_6,23092_76266
1825,chair,0.74070305,655,70,827,231,76266,23092,0.0300477430555555,0,23092_76266_0,23092_76266
1826,person,0.7187182,1027,173,1141,672,76266,23092,0.0617252604166666,1,23092_76266_1,23092_76266
1827,person,0.5881460999999999,156,208,332,709,76266,23092,0.0956770833333333,2,23092_76266_2,23092_76266
1828,person,0.94563156,395,58,673,682,76380,23092,0.1882291666666666,6,23092_76380_6,23092_76380
1829,person,0.9420476,245,120,470,720,76380,23092,0.146484375,3,23092_76380_3,23092_76380
1830,person,0.93068177,180,124,408,713,76380,23092,0.1457161458333333,2,23092_76380_2,23092_76380
1831,person,0.92066085,803,42,1053,699,76380,23092,0.17822265625,4,23092_76380_4,23092_76380
1832,person,0.9158484,394,54,864,707,76380,23092,0.3330186631944444,8,23092_76380_8,23092_76380
1833,person,0.87989044,330,148,475,709,76380,23092,0.0882649739583333,1,23092_76380_1,23092_76380
1834,person,0.87804884,1013,179,1128,707,76380,23092,0.0658854166666666,0,23092_76380_0,23092_76380
1835,person,0.68796545,543,75,884,583,76380,23092,0.1879644097222222,5,23092_76380_5,23092_76380
1836,person,0.67469656,602,45,918,716,76380,23092,0.2300737847222222,7,23092_76380_7,23092_76380
1837,person,0.9795155,465,23,805,708,76494,23092,0.2527126736111111,4,23092_76494_4,23092_76494
1838,person,0.9775318,776,0,1064,716,76494,23092,0.22375,3,23092_76494_3,23092_76494
1839,person,0.9625786,146,114,280,717,76494,23092,0.08767578125,1,23092_76494_1,23092_76494
1840,person,0.93091124,294,91,508,715,76494,23092,0.1448958333333333,2,23092_76494_2,23092_76494
1841,person,0.9144841,1010,177,1125,677,76494,23092,0.0623914930555555,0,23092_76494_0,23092_76494
1842,person,0.94067454,149,104,269,720,76608,23092,0.0802083333333333,4,23092_76608_4,23092_76608
1843,person,0.8731899,274,110,477,712,76608,23092,0.1326019965277777,5,23092_76608_5,23092_76608
1844,person,0.8670271999999999,689,26,1032,699,76608,23092,0.2504763454861111,7,23092_76608_7,23092_76608
1845,person,0.8461141999999999,998,169,1127,671,76608,23092,0.0702669270833333,2,23092_76608_2,23092_76608
1846,person,0.8232893,490,30,887,705,76608,23092,0.290771484375,8,23092_76608_8,23092_76608
1847,person,0.7704041,436,41,744,700,76608,23092,0.2202387152777776,6,23092_76608_6,23092_76608
1848,person,0.7650998999999999,586,58,750,305,76608,23092,0.0439539930555555,1,23092_76608_1,23092_76608
1849,tie,0.73884654,379,487,449,719,76608,23092,0.0176215277777777,0,23092_76608_0,23092_76608
1850,person,0.70711577,460,42,672,369,76608,23092,0.0752213541666666,3,23092_76608_3,23092_76608
1851,person,0.96299225,532,138,792,713,76722,23092,0.1622178819444444,2,23092_76722_2,23092_76722
1852,person,0.69511133,526,307,724,714,76722,23092,0.08744140625,1,23092_76722_1,23092_76722
1853,person,0.5236846,533,133,728,451,76722,23092,0.06728515625,0,23092_76722_0,23092_76722
1854,person,0.92247057,226,30,630,689,76836,23092,0.2888845486111111,1,23092_76836_1,23092_76836
1855,teddy bear,0.5189996,304,67,576,467,76836,23092,0.1180555555555555,0,23092_76836_0,23092_76836
1856,person,0.98874646,274,36,646,707,76950,23092,0.2708463541666667,1,23092_76950_1,23092_76950
1857,person,0.71751285,395,51,733,683,76950,23092,0.2317881944444445,0,23092_76950_0,23092_76950
1858,person,0.7062288000000001,488,164,822,698,77064,23092,0.1935286458333332,3,23092_77064_3,23092_77064
1859,person,0.69192594,569,230,881,695,77064,23092,0.157421875,2,23092_77064_2,23092_77064
1860,person,0.5606677,655,273,868,720,77064,23092,0.103310546875,1,23092_77064_1,23092_77064
1861,chair,0.5467105,466,485,706,703,77064,23092,0.0567708333333333,0,23092_77064_0,23092_77064
1862,person,0.9933937,699,155,1128,700,77178,23092,0.2536946614583333,1,23092_77178_1,23092_77178
1863,person,0.9906785,281,153,700,720,77178,23092,0.257783203125,2,23092_77178_2,23092_77178
1864,person,0.8457974,346,157,873,700,77178,23092,0.3105045572916666,3,23092_77178_3,23092_77178
1865,person,0.55426836,312,134,402,342,77178,23092,0.0203125,0,23092_77178_0,23092_77178
1866,person,0.9932656,337,132,691,702,77292,23092,0.2189453125,2,23092_77292_2,23092_77292
1867,person,0.9834215,696,149,1121,705,77292,23092,0.2564019097222222,4,23092_77292_4,23092_77292
1868,person,0.6718596,509,141,911,695,77292,23092,0.2416536458333333,3,23092_77292_3,23092_77292
1869,person,0.6453518,243,116,378,433,77292,23092,0.046435546875,1,23092_77292_1,23092_77292
1870,person,0.6402637,345,117,439,312,77292,23092,0.0198893229166666,0,23092_77292_0,23092_77292
1871,person,0.98919123,296,130,714,717,77406,23092,0.2662391493055555,2,23092_77406_2,23092_77406
1872,person,0.9863024,670,150,1142,701,77406,23092,0.2821961805555556,3,23092_77406_3,23092_77406
1873,person,0.72775906,478,146,842,687,77406,23092,0.2136762152777776,1,23092_77406_1,23092_77406
1874,person,0.5514245,255,114,395,414,77406,23092,0.0455729166666666,0,23092_77406_0,23092_77406
1875,person,0.9946338,290,135,690,709,77520,23092,0.2491319444444444,2,23092_77520_2,23092_77520
1876,person,0.9871516,686,167,1132,699,77520,23092,0.2574565972222222,3,23092_77520_3,23092_77520
1877,person,0.66444117,253,124,419,502,77520,23092,0.0680859375,0,23092_77520_0,23092_77520
1878,person,0.6214864999999999,399,128,677,516,77520,23092,0.1170399305555555,1,23092_77520_1,23092_77520
1879,person,0.9843396,186,176,774,719,77634,23092,0.3464453125,4,23092_77634_4,23092_77634
1880,person,0.977503,646,115,1069,677,77634,23092,0.25794921875,3,23092_77634_3,23092_77634
1881,person,0.78834224,694,86,982,538,77634,23092,0.14125,1,23092_77634_1,23092_77634
1882,person,0.7014785,441,179,845,703,77634,23092,0.2297048611111111,2,23092_77634_2,23092_77634
1883,couch,0.659529,158,166,450,384,77634,23092,0.0690711805555555,0,23092_77634_0,23092_77634
1884,person,0.97600186,630,117,1042,672,77748,23092,0.2481119791666666,2,23092_77748_2,23092_77748
1885,person,0.9590907,137,193,787,718,77748,23092,0.3702799479166667,3,23092_77748_3,23092_77748
1886,person,0.63163555,692,93,973,584,77748,23092,0.1497081163194444,1,23092_77748_1,23092_77748
1887,person,0.510433,1016,248,1133,456,77748,23092,0.02640625,0,23092_77748_0,23092_77748
1888,person,0.9711623,598,110,1071,692,77862,23092,0.2987044270833333,2,23092_77862_2,23092_77862
1889,person,0.9496268,161,149,788,708,77862,23092,0.3803092447916666,3,23092_77862_3,23092_77862
1890,person,0.85782033,510,152,907,720,77862,23092,0.2446788194444444,1,23092_77862_1,23092_77862
1891,person,0.6579765000000001,1018,248,1130,439,77862,23092,0.0232118055555555,0,23092_77862_0,23092_77862
1892,person,0.9722901,177,172,817,702,77976,23092,0.3680555555555556,4,23092_77976_4,23092_77976
1893,person,0.9709245,661,96,1057,701,77976,23092,0.2599609375,2,23092_77976_2,23092_77976
1894,person,0.6718930000000001,493,121,949,706,77976,23092,0.289453125,3,23092_77976_3,23092_77976
1895,couch,0.6595303000000001,159,162,450,401,77976,23092,0.0754654947916666,0,23092_77976_0,23092_77976
1896,person,0.5993497,695,95,981,567,77976,23092,0.1464756944444444,1,23092_77976_1,23092_77976
1897,person,0.98925203,659,105,1067,692,78090,23092,0.2598697916666667,2,23092_78090_2,23092_78090
1898,person,0.9850153,148,163,762,720,78090,23092,0.3710915798611111,3,23092_78090_3,23092_78090
1899,person,0.7684887,516,172,929,708,78090,23092,0.2401996527777777,1,23092_78090_1,23092_78090
1900,person,0.5037623,1008,224,1137,574,78090,23092,0.0489908854166666,0,23092_78090_0,23092_78090
1901,person,0.98455495,167,178,794,716,78204,23092,0.3660221354166666,2,23092_78204_2,23092_78204
1902,person,0.9594557,647,97,1016,668,78204,23092,0.228623046875,0,23092_78204_0,23092_78204
1903,person,0.7737083,439,202,888,710,78204,23092,0.2474956597222222,1,23092_78204_1,23092_78204
1904,person,0.97342604,657,85,1049,685,78318,23092,0.2552083333333333,2,23092_78318_2,23092_78318
1905,person,0.9658193000000002,185,167,781,720,78318,23092,0.3576258680555556,3,23092_78318_3,23092_78318
1906,couch,0.72104657,151,172,453,434,78318,23092,0.0858550347222222,0,23092_78318_0,23092_78318
1907,person,0.6117904000000001,519,175,931,720,78318,23092,0.2436414930555555,1,23092_78318_1,23092_78318
1908,person,0.9814601,182,182,774,717,78432,23092,0.3436631944444444,3,23092_78432_3,23092_78432
1909,person,0.9806169,654,115,1026,669,78432,23092,0.2236197916666666,2,23092_78432_2,23092_78432
1910,couch,0.74104494,155,164,445,414,78432,23092,0.0786675347222222,0,23092_78432_0,23092_78432
1911,person,0.7097287,572,165,921,707,78432,23092,0.2052495659722222,1,23092_78432_1,23092_78432
1912,person,0.98399216,652,108,1051,680,78546,23092,0.2476432291666667,3,23092_78546_3,23092_78546
1913,person,0.97222084,191,182,791,705,78546,23092,0.3404947916666667,4,23092_78546_4,23092_78546
1914,person,0.89431983,569,187,967,697,78546,23092,0.2202473958333333,2,23092_78546_2,23092_78546
1915,couch,0.55130076,147,172,452,420,78546,23092,0.0820746527777777,1,23092_78546_1,23092_78546
1916,person,0.5069709,1001,232,1138,548,78546,23092,0.0469748263888888,0,23092_78546_0,23092_78546
1917,person,0.981351,641,163,1064,695,78660,23092,0.2441796875,3,23092_78660_3,23092_78660
1918,person,0.9801174,179,174,757,716,78660,23092,0.3399262152777778,4,23092_78660_4,23092_78660
1919,person,0.6441071999999999,1004,245,1139,601,78660,23092,0.0521484375,1,23092_78660_1,23092_78660
1920,couch,0.61759067,159,162,447,422,78660,23092,0.08125,2,23092_78660_2,23092_78660
1921,remote,0.54988253,285,182,432,272,78660,23092,0.01435546875,0,23092_78660_0,23092_78660
1922,person,0.9850873,507,29,1019,720,78774,23092,0.3838888888888889,5,23092_78774_5,23092_78774
1923,person,0.74617404,229,34,497,615,78774,23092,0.1689539930555555,4,23092_78774_4,23092_78774
1924,chair,0.662317,429,253,632,478,78774,23092,0.049560546875,2,23092_78774_2,23092_78774
1925,person,0.60400707,228,61,311,271,78774,23092,0.0189127604166666,1,23092_78774_1,23092_78774
1926,person,0.5676285,288,39,507,379,78774,23092,0.0807942708333333,3,23092_78774_3,23092_78774
1927,person,0.52758384,808,54,892,207,78774,23092,0.0139453125,0,23092_78774_0,23092_78774
1928,person,0.9979685,240,19,568,713,78888,23092,0.2469965277777777,3,23092_78888_3,23092_78888
1929,person,0.8911294,718,119,976,700,78888,23092,0.1626497395833333,2,23092_78888_2,23092_78888
1930,person,0.8033210999999999,754,133,960,479,78888,23092,0.0773394097222222,1,23092_78888_1,23092_78888
1931,chair,0.7833028000000001,536,357,635,581,78888,23092,0.0240625,0,23092_78888_0,23092_78888
1932,person,0.99695814,320,81,744,709,79002,23092,0.2889236111111111,1,23092_79002_1,23092_79002
1933,person,0.97740537,757,152,1085,700,79002,23092,0.1950347222222222,0,23092_79002_0,23092_79002
1934,person,0.99765426,215,73,700,715,79116,23092,0.3378580729166666,1,23092_79116_1,23092_79116
1935,person,0.9809681999999998,800,155,1130,672,79116,23092,0.1851236979166666,0,23092_79116_0,23092_79116
1936,person,0.99779475,216,66,680,720,79230,23092,0.3292708333333333,1,23092_79230_1,23092_79230
1937,person,0.9847686,677,151,1110,691,79230,23092,0.2537109375,0,23092_79230_0,23092_79230
1938,person,0.99743026,171,38,640,710,79344,23092,0.3419791666666667,1,23092_79344_1,23092_79344
1939,person,0.9862991,799,134,1126,681,79344,23092,0.1940852864583333,0,23092_79344_0,23092_79344
1940,person,0.9984712,164,51,635,720,79458,23092,0.341904296875,1,23092_79458_1,23092_79458
1941,person,0.98708236,719,128,1113,689,79458,23092,0.2398372395833333,0,23092_79458_0,23092_79458
1942,person,0.9967804,160,43,602,720,79572,23092,0.3246896701388889,1,23092_79572_1,23092_79572
1943,person,0.9846597,719,128,1138,694,79572,23092,0.2573285590277778,0,23092_79572_0,23092_79572
1944,person,0.9967242,170,38,617,720,79686,23092,0.3307877604166667,1,23092_79686_1,23092_79686
1945,person,0.9707685,729,131,1127,687,79686,23092,0.2401128472222222,0,23092_79686_0,23092_79686
1946,person,0.9962978,149,34,601,715,79800,23092,0.3339973958333333,1,23092_79800_1,23092_79800
1947,person,0.9813601,696,138,1129,697,79800,23092,0.2626378038194445,0,23092_79800_0,23092_79800
1948,person,0.99818355,162,35,605,715,79914,23092,0.3268663194444444,1,23092_79914_1,23092_79914
1949,person,0.98714465,718,134,1122,709,79914,23092,0.2520616319444444,0,23092_79914_0,23092_79914
1950,person,0.99725467,206,55,645,709,80028,23092,0.3115299479166666,3,23092_80028_3,23092_80028
1951,person,0.9696222,753,132,1123,692,80028,23092,0.2248263888888889,2,23092_80028_2,23092_80028
1952,chair,0.7144003000000001,635,521,819,712,80028,23092,0.0381336805555555,1,23092_80028_1,23092_80028
1953,tie,0.57204396,519,286,549,384,80028,23092,0.0031901041666666,0,23092_80028_0,23092_80028
1954,person,0.9980804,229,63,673,717,80142,23092,0.315078125,1,23092_80142_1,23092_80142
1955,person,0.9732429,765,157,1128,686,80142,23092,0.2083626302083333,0,23092_80142_0,23092_80142
1956,person,0.970609,623,125,1029,706,80256,23092,0.2559526909722222,0,23092_80256_0,23092_80256
1957,person,0.9809263,412,69,800,676,80370,23092,0.2555512152777778,1,23092_80370_1,23092_80370
1958,person,0.9805855,800,121,1077,631,80370,23092,0.1532877604166666,0,23092_80370_0,23092_80370
1959,person,0.9957066,269,105,591,711,80484,23092,0.2117317708333333,1,23092_80484_1,23092_80484
1960,person,0.9701236,716,80,965,702,80484,23092,0.1680533854166666,0,23092_80484_0,23092_80484
1961,person,0.9993105,398,83,819,710,80598,23092,0.2864225260416667,2,23092_80598_2,23092_80598
1962,person,0.91672844,734,54,1020,676,80598,23092,0.1930251736111111,1,23092_80598_1,23092_80598
1963,person,0.5758668,788,233,989,677,80598,23092,0.0968359375,0,23092_80598_0,23092_80598
1964,person,0.99870133,345,73,778,704,80712,23092,0.2964659288194444,1,23092_80712_1,23092_80712
1965,person,0.9250283,703,43,980,696,80712,23092,0.1962684461805556,0,23092_80712_0,23092_80712
1966,person,0.9182282,446,117,671,720,80826,23092,0.147216796875,2,23092_80826_2,23092_80826
1967,chair,0.78998953,792,409,1101,692,80826,23092,0.0948860677083333,1,23092_80826_1,23092_80826
1968,person,0.71456724,820,438,921,657,80826,23092,0.0240006510416666,0,23092_80826_0,23092_80826
1969,person,0.98469096,511,145,731,715,80940,23092,0.1360677083333333,0,23092_80940_0,23092_80940
1970,person,0.9789489,478,234,730,714,81054,23092,0.13125,1,23092_81054_1,23092_81054
1971,bowl,0.5346651,777,0,1067,210,81054,23092,0.0660807291666666,0,23092_81054_0,23092_81054
1972,person,0.94369185,601,151,854,702,81168,23092,0.1512619357638888,3,23092_81168_3,23092_81168
1973,person,0.87737244,594,157,834,515,81168,23092,0.0932291666666666,1,23092_81168_1,23092_81168
1974,person,0.6146081,670,261,863,720,81168,23092,0.096123046875,2,23092_81168_2,23092_81168
1975,person,0.6108781999999999,746,135,916,590,81168,23092,0.0839301215277777,0,23092_81168_0,23092_81168
1976,person,0.99034894,861,198,1012,605,81282,23092,0.0666851128472222,0,23092_81282_0,23092_81282
1977,couch,0.6633293,440,409,753,648,81282,23092,0.0811707899305555,1,23092_81282_1,23092_81282
1978,person,0.97999305,534,132,794,700,81396,23092,0.1602430555555555,1,23092_81396_1,23092_81396
1979,chair,0.6477531999999999,156,534,337,708,81396,23092,0.0341731770833333,0,23092_81396_0,23092_81396
1980,teddy bear,0.61889637,193,82,571,669,81510,23092,0.24076171875,0,23092_81510_0,23092_81510
1981,person,0.99235135,595,114,840,713,81624,23092,0.1592393663194444,0,23092_81624_0,23092_81624
1982,person,0.9846281,267,154,554,710,81624,23092,0.1731467013888888,1,23092_81624_1,23092_81624
1983,person,0.9953511,575,111,812,711,81738,23092,0.154296875,0,23092_81738_0,23092_81738
1984,person,0.99344677,298,75,618,710,81738,23092,0.2204861111111111,1,23092_81738_1,23092_81738
1985,person,0.99612373,593,132,842,716,81852,23092,0.1577864583333333,0,23092_81852_0,23092_81852
1986,person,0.99337834,330,104,582,697,81852,23092,0.1621484375,1,23092_81852_1,23092_81852
1987,person,0.99175876,570,123,808,708,81966,23092,0.15107421875,1,23092_81966_1,23092_81966
1988,person,0.9903195,348,77,585,700,81966,23092,0.1602115885416666,2,23092_81966_2,23092_81966
1989,tie,0.51560456,672,246,695,284,81966,23092,0.0009483506944444,0,23092_81966_0,23092_81966
1990,person,0.97035295,157,18,506,720,82194,23092,0.26583984375,0,23092_82194_0,23092_82194
1991,person,0.9965611,648,81,1087,710,82308,23092,0.2996213107638889,0,23092_82308_0,23092_82308
1992,person,0.99467033,146,0,581,708,82308,23092,0.3341796875,1,23092_82308_1,23092_82308
1993,person,0.99542445,706,72,1139,707,82422,23092,0.2983452690972222,1,23092_82422_1,23092_82422
1994,person,0.99223727,147,0,603,710,82422,23092,0.3513020833333333,2,23092_82422_2,23092_82422
1995,chair,0.74409294,809,22,979,142,82422,23092,0.0221354166666666,0,23092_82422_0,23092_82422
1996,person,0.99408555,781,55,1138,713,82536,23092,0.2548893229166666,0,23092_82536_0,23092_82536
1997,person,0.9910603,150,2,615,702,82536,23092,0.3531901041666667,1,23092_82536_1,23092_82536
1998,person,0.9979101,645,59,1004,705,82650,23092,0.2516427951388889,0,23092_82650_0,23092_82650
1999,person,0.9931473,152,0,608,711,82650,23092,0.351796875,1,23092_82650_1,23092_82650
2000,person,0.9961578,368,81,758,711,82764,23092,0.2666015625,0,23092_82764_0,23092_82764
2001,person,0.9924345,317,24,722,703,82878,23092,0.298388671875,0,23092_82878_0,23092_82878
2002,person,0.9963916,539,88,925,720,82992,23092,0.2647048611111111,0,23092_82992_0,23092_82992
2003,person,0.99075985,636,119,898,707,83106,23092,0.1671614583333333,1,23092_83106_1,23092_83106
2004,chair,0.84407467,178,625,494,717,83106,23092,0.0315451388888888,0,23092_83106_0,23092_83106
2005,person,0.99207497,589,51,792,493,83220,23092,0.0973589409722222,2,23092_83220_2,23092_83220
2006,person,0.91437143,919,318,1141,686,83220,23092,0.0886458333333333,1,23092_83220_1,23092_83220
2007,cake,0.7106365,461,556,779,713,83220,23092,0.0541731770833333,0,23092_83220_0,23092_83220
2008,person,0.9889419,589,42,799,492,83334,23092,0.1025390625,3,23092_83334_3,23092_83334
2009,person,0.9333452,915,319,1141,682,83334,23092,0.0890169270833333,2,23092_83334_2,23092_83334
2010,person,0.9041347,739,435,841,522,83334,23092,0.00962890625,0,23092_83334_0,23092_83334
2011,person,0.6472025,711,297,1191,708,83334,23092,0.2140625,4,23092_83334_4,23092_83334
2012,cake,0.60470074,468,557,778,714,83334,23092,0.0528103298611111,1,23092_83334_1,23092_83334
2013,person,0.9875507,589,45,805,485,83448,23092,0.103125,2,23092_83448_2,23092_83448
2014,person,0.9390805,920,318,1140,661,83448,23092,0.0818793402777777,1,23092_83448_1,23092_83448
2015,person,0.71614504,742,437,842,520,83448,23092,0.0090060763888888,0,23092_83448_0,23092_83448
2016,dining table,0.58980393,166,446,1067,706,83448,23092,0.2541883680555556,3,23092_83448_3,23092_83448
2017,person,0.9863811,593,49,815,489,83562,23092,0.1059895833333333,5,23092_83562_5,23092_83562
2018,person,0.9527269,920,213,1123,632,83562,23092,0.0922927517361111,4,23092_83562_4,23092_83562
2019,person,0.7740092,963,144,1111,540,83562,23092,0.06359375,3,23092_83562_3,23092_83562
2020,person,0.71398103,981,266,1138,638,83562,23092,0.0633723958333333,2,23092_83562_2,23092_83562
2021,person,0.5845168000000001,1050,293,1125,572,83562,23092,0.022705078125,0,23092_83562_0,23092_83562
2022,cake,0.5661172,467,571,770,707,83562,23092,0.0447135416666666,1,23092_83562_1,23092_83562
2023,dining table,0.5230194,236,462,1075,706,83562,23092,0.2221310763888888,6,23092_83562_6,23092_83562
2024,person,0.9951982,303,91,770,715,83676,23092,0.3161979166666667,1,23092_83676_1,23092_83676
2025,person,0.99117345,673,29,1136,699,83676,23092,0.3365993923611111,2,23092_83676_2,23092_83676
2026,tie,0.7878448,782,292,832,383,83676,23092,0.0049370659722222,0,23092_83676_0,23092_83676
2027,person,0.9961176,232,104,728,708,83790,23092,0.3250694444444445,1,23092_83790_1,23092_83790
2028,person,0.9946748,662,47,1105,703,83790,23092,0.3153298611111111,0,23092_83790_0,23092_83790
2029,person,0.9978403,202,121,693,720,83904,23092,0.3191286892361111,2,23092_83904_2,23092_83904
2030,person,0.9931189,653,23,1107,720,83904,23092,0.3433572048611111,3,23092_83904_3,23092_83904
2031,tie,0.68470114,439,354,471,451,83904,23092,0.0033680555555555,0,23092_83904_0,23092_83904
2032,tie,0.64795923,769,294,810,404,83904,23092,0.0048936631944444,1,23092_83904_1,23092_83904
2033,person,0.99636084,242,93,715,702,84018,23092,0.3125618489583333,0,23092_84018_0,23092_84018
2034,person,0.99400663,689,35,1149,689,84018,23092,0.3264322916666666,1,23092_84018_1,23092_84018
2035,person,0.990288,493,70,694,500,84132,23092,0.0937825520833333,2,23092_84132_2,23092_84132
2036,person,0.98884076,687,149,844,489,84132,23092,0.0579210069444444,0,23092_84132_0,23092_84132
2037,person,0.9699915,747,200,1085,683,84132,23092,0.1771419270833333,3,23092_84132_3,23092_84132
2038,person,0.83769137,852,150,1071,498,84132,23092,0.0826953125,1,23092_84132_1,23092_84132
2039,dining table,0.5816771,218,463,893,708,84132,23092,0.179443359375,4,23092_84132_4,23092_84132
2040,person,0.99194276,616,80,840,500,84246,23092,0.1020833333333333,4,23092_84246_4,23092_84246
2041,person,0.98002565,451,120,636,497,84246,23092,0.0756781684027777,3,23092_84246_3,23092_84246
2042,person,0.9278036,811,319,1117,655,84246,23092,0.1115625,5,23092_84246_5,23092_84246
2043,cup,0.78929675,868,450,900,500,84246,23092,0.0017361111111111,0,23092_84246_0,23092_84246
2044,chair,0.59461033,373,232,483,485,84246,23092,0.0301974826388888,2,23092_84246_2,23092_84246
2045,cake,0.52368164,186,464,320,601,84246,23092,0.0199197048611111,1,23092_84246_1,23092_84246
2046,person,0.51830435,178,325,1068,705,84246,23092,0.3669704861111111,7,23092_84246_7,23092_84246
2047,person,0.5041452999999999,627,320,1093,709,84246,23092,0.1966948784722222,6,23092_84246_6,23092_84246
2048,person,0.9925224,294,250,556,503,84360,23092,0.0719249131944444,0,23092_84360_0,23092_84360
2049,person,0.9896088,539,83,767,493,84360,23092,0.1014322916666666,1,23092_84360_1,23092_84360
2050,person,0.9086844,832,307,1122,682,84360,23092,0.1180013020833333,3,23092_84360_3,23092_84360
2051,person,0.7904770000000001,119,435,700,708,84360,23092,0.1721061197916666,4,23092_84360_4,23092_84360
2052,person,0.51050943,142,469,521,718,84360,23092,0.1023990885416666,2,23092_84360_2,23092_84360
2053,person,0.9833249,536,74,762,501,84474,23092,0.1047113715277777,3,23092_84474_3,23092_84474
2054,person,0.98239744,344,269,614,505,84474,23092,0.069140625,0,23092_84474_0,23092_84474
2055,person,0.9487773000000002,865,322,1126,679,84474,23092,0.101103515625,1,23092_84474_1,23092_84474
2056,person,0.76212126,760,326,1098,706,84474,23092,0.1393663194444444,4,23092_84474_4,23092_84474
2057,person,0.55708736,145,458,521,713,84474,23092,0.1040364583333333,2,23092_84474_2,23092_84474
2058,person,0.50079507,163,397,824,715,84474,23092,0.2280794270833333,5,23092_84474_5,23092_84474
2059,person,0.98721236,461,73,667,491,84588,23092,0.0934331597222222,2,23092_84588_2,23092_84588
2060,person,0.9824912,301,285,555,486,84588,23092,0.0553971354166666,0,23092_84588_0,23092_84588
2061,person,0.9699089,898,324,1087,641,84588,23092,0.065009765625,1,23092_84588_1,23092_84588
2062,person,0.86897826,605,44,949,675,84588,23092,0.2355295138888889,3,23092_84588_3,23092_84588
2063,person,0.98943114,356,85,584,501,84702,23092,0.1029166666666666,1,23092_84702_1,23092_84702
2064,person,0.9787855,206,285,435,500,84702,23092,0.0534233940972222,0,23092_84702_0,23092_84702
2065,person,0.9766525,940,34,1124,617,84702,23092,0.1163975694444444,3,23092_84702_3,23092_84702
2066,person,0.97591364,677,328,974,681,84702,23092,0.113759765625,2,23092_84702_2,23092_84702
2067,person,0.97787774,978,27,1128,579,84816,23092,0.08984375,1,23092_84816_1,23092_84816
2068,person,0.9758898,388,91,594,503,84816,23092,0.0920920138888889,2,23092_84816_2,23092_84816
2069,person,0.9702612,236,278,474,522,84816,23092,0.0630121527777777,0,23092_84816_0,23092_84816
2070,person,0.9501348,705,336,983,643,84816,23092,0.0926063368055555,3,23092_84816_3,23092_84816
2071,person,0.98950034,362,90,569,498,84930,23092,0.091640625,1,23092_84930_1,23092_84930
2072,person,0.97830635,185,290,396,499,84930,23092,0.0478504774305555,0,23092_84930_0,23092_84930
2073,person,0.96972567,681,333,954,651,84930,23092,0.09419921875,2,23092_84930_2,23092_84930
2074,person,0.9368346,937,25,1159,691,84930,23092,0.1604296875,3,23092_84930_3,23092_84930
2075,person,0.9768251,337,74,564,493,85044,23092,0.1032042100694444,3,23092_85044_3,23092_85044
2076,person,0.9758518,184,285,368,495,85044,23092,0.0419270833333333,1,23092_85044_1,23092_85044
2077,person,0.9491101,657,338,941,661,85044,23092,0.0995355902777777,2,23092_85044_2,23092_85044
2078,person,0.8905812,950,28,1135,643,85044,23092,0.1234537760416666,4,23092_85044_4,23092_85044
2079,chair,0.6250741999999999,937,398,1011,557,85044,23092,0.0127669270833333,0,23092_85044_0,23092_85044
2080,person,0.9914761,292,72,651,536,85158,23092,0.1807465277777776,0,23092_85158_0,23092_85158
2081,person,0.9588024,721,55,1163,698,85158,23092,0.3083832465277777,2,23092_85158_2,23092_85158
2082,person,0.54184353,727,0,1128,491,85158,23092,0.2136404079861111,1,23092_85158_1,23092_85158
2083,person,0.9910204,274,72,646,551,85272,23092,0.1933463541666666,0,23092_85272_0,23092_85272
2084,person,0.9530052,600,81,1084,717,85272,23092,0.3340104166666666,1,23092_85272_1,23092_85272
2085,person,0.7417524999999999,738,47,1250,704,85272,23092,0.365,2,23092_85272_2,23092_85272
2086,person,0.99084634,286,64,649,555,85386,23092,0.1933951822916666,0,23092_85386_0,23092_85386
2087,person,0.96229166,557,101,1158,708,85386,23092,0.3958409288194445,1,23092_85386_1,23092_85386
2088,person,0.9913366,281,71,648,541,85500,23092,0.1871636284722222,0,23092_85500_0,23092_85500
2089,person,0.94077367,631,76,1156,708,85500,23092,0.3600260416666667,1,23092_85500_1,23092_85500
2090,person,0.9876517,271,80,644,523,85614,23092,0.1792957899305555,1,23092_85614_1,23092_85614
2091,person,0.81908816,422,4,1190,700,85614,23092,0.58,2,23092_85614_2,23092_85614
2092,tie,0.57158756,806,435,861,575,85614,23092,0.0083550347222222,0,23092_85614_0,23092_85614
2093,person,0.98659825,267,72,642,521,85728,23092,0.1826985677083333,0,23092_85728_0,23092_85728
2094,person,0.94218093,481,75,1153,702,85728,23092,0.4571875,2,23092_85728_2,23092_85728
2095,person,0.5337702,672,3,1169,651,85728,23092,0.349453125,1,23092_85728_1,23092_85728
2096,person,0.99122417,261,87,635,550,85842,23092,0.1878927951388889,0,23092_85842_0,23092_85842
2097,person,0.9582087,571,81,1170,715,85842,23092,0.4120724826388889,1,23092_85842_1,23092_85842
2098,person,0.9884907,264,74,632,521,85956,23092,0.1784895833333333,0,23092_85956_0,23092_85956
2099,person,0.97601795,555,121,1137,705,85956,23092,0.3688020833333333,2,23092_85956_2,23092_85956
2100,person,0.86774945,724,29,1208,688,85956,23092,0.3460894097222222,1,23092_85956_1,23092_85956
2101,person,0.98741686,262,56,635,521,86070,23092,0.1881998697916666,1,23092_86070_1,23092_86070
2102,person,0.9452382,518,135,1169,709,86070,23092,0.4054622395833333,3,23092_86070_3,23092_86070
2103,person,0.7953176,200,501,304,630,86070,23092,0.0145572916666666,0,23092_86070_0,23092_86070
2104,person,0.6554163000000001,702,0,1167,602,86070,23092,0.3037434895833333,2,23092_86070_2,23092_86070
2105,person,0.99194723,266,57,650,540,86184,23092,0.20125,1,23092_86184_1,23092_86184
2106,person,0.97320795,566,108,1118,720,86184,23092,0.3665625,2,23092_86184_2,23092_86184
2107,person,0.66545224,661,0,1191,678,86184,23092,0.3899088541666666,3,23092_86184_3,23092_86184
2108,book,0.5238024,591,530,669,575,86184,23092,0.00380859375,0,23092_86184_0,23092_86184
2109,person,0.9921103,271,66,641,519,86298,23092,0.1818684895833332,0,23092_86298_0,23092_86298
2110,person,0.9745079,576,127,1142,710,86298,23092,0.3580490451388889,1,23092_86298_1,23092_86298
2111,person,0.5099545,677,5,1215,634,86298,23092,0.3671896701388889,2,23092_86298_2,23092_86298
2112,person,0.9908261,273,72,644,517,86412,23092,0.1791395399305555,0,23092_86412_0,23092_86412
2113,person,0.9713704,571,138,1141,714,86412,23092,0.35625,2,23092_86412_2,23092_86412
2114,person,0.6339873,676,12,1184,646,86412,23092,0.3494704861111111,1,23092_86412_1,23092_86412
2115,person,0.9886904,271,63,643,521,86526,23092,0.1848697916666666,0,23092_86526_0,23092_86526
2116,person,0.9811189,581,121,1136,720,86526,23092,0.3607259114583333,2,23092_86526_2,23092_86526
2117,person,0.5607533,685,16,1171,617,86526,23092,0.31693359375,1,23092_86526_1,23092_86526
2118,person,0.9903784,154,52,718,720,86640,23092,0.4088020833333333,2,23092_86640_2,23092_86640
2119,person,0.981926,770,2,1136,579,86640,23092,0.2291471354166667,1,23092_86640_1,23092_86640
2120,person,0.79552996,563,132,1020,577,86640,23092,0.2206651475694444,0,23092_86640_0,23092_86640
2121,person,0.98734003,144,53,713,706,86754,23092,0.4031651475694445,2,23092_86754_2,23092_86754
2122,person,0.9814968,770,0,1143,593,86754,23092,0.2400054253472222,1,23092_86754_1,23092_86754
2123,person,0.8496431999999999,543,161,924,568,86754,23092,0.1682584635416666,0,23092_86754_0,23092_86754
2124,person,0.99562955,158,55,682,716,86868,23092,0.3758289930555556,2,23092_86868_2,23092_86868
2125,person,0.9796332,774,0,1142,589,86868,23092,0.2351909722222222,1,23092_86868_1,23092_86868
2126,person,0.86690575,541,148,959,568,86868,23092,0.1904947916666666,0,23092_86868_0,23092_86868
2127,person,0.99213153,153,45,693,707,86982,23092,0.387890625,2,23092_86982_2,23092_86982
2128,person,0.9914206,801,0,1146,605,86982,23092,0.2264811197916666,1,23092_86982_1,23092_86982
2129,person,0.8409540999999999,545,153,908,550,86982,23092,0.1563704427083333,0,23092_86982_0,23092_86982
2130,person,0.9929201,147,56,711,720,87096,23092,0.4063541666666667,2,23092_87096_2,23092_87096
2131,person,0.9906969,782,0,1152,584,87096,23092,0.2344618055555556,1,23092_87096_1,23092_87096
2132,person,0.65178704,544,156,914,541,87096,23092,0.1545681423611111,0,23092_87096_0,23092_87096
2133,person,0.9950824,155,38,678,712,87210,23092,0.3824891493055556,2,23092_87210_2,23092_87210
2134,person,0.98348975,782,0,1143,580,87210,23092,0.2271918402777777,1,23092_87210_1,23092_87210
2135,person,0.9120604,552,152,889,540,87210,23092,0.1418793402777777,0,23092_87210_0,23092_87210
2136,person,0.99355006,140,52,670,716,87324,23092,0.3818576388888889,2,23092_87324_2,23092_87324
2137,person,0.9829258,782,0,1139,600,87324,23092,0.232421875,1,23092_87324_1,23092_87324
2138,person,0.786458,540,154,907,547,87324,23092,0.1565006510416666,0,23092_87324_0,23092_87324
2139,person,0.9921204,144,49,681,720,87438,23092,0.3909798177083333,2,23092_87438_2,23092_87438
2140,person,0.97646296,778,8,1150,581,87438,23092,0.2312890625,1,23092_87438_1,23092_87438
2141,person,0.6214367,560,156,908,553,87438,23092,0.1499088541666666,0,23092_87438_0,23092_87438
2142,person,0.9943699,154,57,685,717,87552,23092,0.3802734375,2,23092_87552_2,23092_87552
2143,person,0.9757488,779,0,1124,616,87552,23092,0.2305989583333333,1,23092_87552_1,23092_87552
2144,person,0.82860464,551,151,934,547,87552,23092,0.1645703125,0,23092_87552_0,23092_87552
2145,person,0.9958049,139,59,689,720,87666,23092,0.3944769965277778,2,23092_87666_2,23092_87666
2146,person,0.95272636,791,3,1155,594,87666,23092,0.2334244791666667,1,23092_87666_1,23092_87666
2147,person,0.9082925,550,145,904,540,87666,23092,0.1517252604166666,0,23092_87666_0,23092_87666
2148,person,0.9958353,154,57,692,720,87780,23092,0.3870377604166666,2,23092_87780_2,23092_87780
2149,person,0.9739527,779,1,1151,599,87780,23092,0.2413802083333333,1,23092_87780_1,23092_87780
2150,person,0.8988771999999999,560,137,918,514,87780,23092,0.1464474826388888,0,23092_87780_0,23092_87780
2151,person,0.9961355,145,63,682,720,87894,23092,0.382822265625,2,23092_87894_2,23092_87894
2152,person,0.9813479,786,0,1161,604,87894,23092,0.2457682291666666,1,23092_87894_1,23092_87894
2153,person,0.95385456,559,129,886,516,87894,23092,0.137314453125,0,23092_87894_0,23092_87894
2154,person,0.9950322,143,42,701,718,88008,23092,0.409296875,2,23092_88008_2,23092_88008
2155,person,0.98439157,797,0,1146,600,88008,23092,0.2272135416666666,1,23092_88008_1,23092_88008
2156,person,0.9414690999999998,556,141,915,514,88008,23092,0.1452983940972222,0,23092_88008_0,23092_88008
2157,person,0.9950781,147,40,687,719,88122,23092,0.3978515625,2,23092_88122_2,23092_88122
2158,person,0.9849754,788,2,1168,593,88122,23092,0.2436848958333333,1,23092_88122_1,23092_88122
2159,person,0.8532864,566,113,888,520,88122,23092,0.1422026909722222,0,23092_88122_0,23092_88122
2160,person,0.9928311,379,80,950,707,88236,23092,0.3884733072916667,1,23092_88236_1,23092_88236
2161,person,0.9743241,950,0,1261,712,88236,23092,0.2402690972222222,0,23092_88236_0,23092_88236
2162,person,0.9861741,346,87,864,663,88350,23092,0.32375,0,23092_88350_0,23092_88350
2163,person,0.8457773999999999,694,0,1200,680,88350,23092,0.3733506944444445,1,23092_88350_1,23092_88350
2164,person,0.97661716,342,89,857,682,88464,23092,0.3313747829861111,0,23092_88464_0,23092_88464
2165,person,0.8250735999999999,696,18,1280,670,88464,23092,0.4131597222222223,1,23092_88464_1,23092_88464
2166,person,0.9764997,348,80,873,672,88578,23092,0.3372395833333333,0,23092_88578_0,23092_88578
2167,person,0.8509515999999999,692,1,1195,666,88578,23092,0.3629503038194444,1,23092_88578_1,23092_88578
2168,person,0.9831329,342,87,868,673,88692,23092,0.3344574652777777,0,23092_88692_0,23092_88692
2169,person,0.91800374,690,18,1213,679,88692,23092,0.3751117621527777,1,23092_88692_1,23092_88692
2170,person,0.97453034,347,88,884,657,88806,23092,0.3315462239583333,0,23092_88806_0,23092_88806
2171,person,0.6605279000000001,606,0,1193,698,88806,23092,0.4445811631944445,1,23092_88806_1,23092_88806
2172,person,0.98973304,346,89,895,676,88920,23092,0.349677734375,0,23092_88920_0,23092_88920
2173,person,0.80575794,681,18,1185,662,88920,23092,0.3521875,1,23092_88920_1,23092_88920
2174,person,0.99844676,401,87,895,700,89034,23092,0.3285828993055556,2,23092_89034_2,23092_89034
2175,person,0.9463424,950,0,1270,720,89034,23092,0.25,1,23092_89034_1,23092_89034
2176,tie,0.84916085,629,377,667,472,89034,23092,0.0039171006944444,0,23092_89034_0,23092_89034
2177,person,0.9885612,338,84,889,673,89148,23092,0.3521473524305556,0,23092_89148_0,23092_89148
2178,person,0.891349,699,0,1207,704,89148,23092,0.3880555555555555,1,23092_89148_1,23092_89148
2179,person,0.5387235,466,33,1130,710,89148,23092,0.4877690972222222,2,23092_89148_2,23092_89148
2180,person,0.9848155,335,89,909,697,89262,23092,0.3786805555555556,0,23092_89262_0,23092_89262
2181,person,0.6601606,593,13,1170,695,89262,23092,0.4269900173611111,1,23092_89262_1,23092_89262
2182,person,0.9852722,339,93,916,674,89376,23092,0.3637554253472222,0,23092_89376_0,23092_89376
2183,person,0.901277,712,7,1251,705,89376,23092,0.4082269965277778,1,23092_89376_1,23092_89376
2184,person,0.5128229999999999,541,7,1080,705,89376,23092,0.4082269965277778,2,23092_89376_2,23092_89376
2185,person,0.97950095,327,88,915,691,89490,23092,0.3847265625,1,23092_89490_1,23092_89490
2186,person,0.8394588,723,18,1207,688,89490,23092,0.3518663194444445,0,23092_89490_0,23092_89490
2187,person,0.9654659,354,92,927,676,89604,23092,0.3630989583333333,1,23092_89604_1,23092_89604
2188,person,0.8554451999999999,676,19,1262,682,89604,23092,0.4215690104166666,2,23092_89604_2,23092_89604
2189,cake,0.7674786,406,522,726,701,89604,23092,0.0621527777777777,0,23092_89604_0,23092_89604
2190,person,0.98529494,349,91,937,689,89718,23092,0.3815364583333333,1,23092_89718_1,23092_89718
2191,person,0.8605668,680,9,1186,674,89718,23092,0.3651150173611111,0,23092_89718_0,23092_89718
2192,person,0.99772304,352,87,907,703,89832,23092,0.3709635416666667,1,23092_89832_1,23092_89832
2193,person,0.9522567,933,0,1262,702,89832,23092,0.25060546875,0,23092_89832_0,23092_89832
2194,person,0.8659892,259,105,547,690,89946,23092,0.1828125,4,23092_89946_4,23092_89946
2195,person,0.7834257,896,289,1153,652,89946,23092,0.1012272135416666,2,23092_89946_2,23092_89946
2196,person,0.77725583,918,244,1215,698,89946,23092,0.14630859375,3,23092_89946_3,23092_89946
2197,person,0.74788046,268,62,469,426,89946,23092,0.0793880208333333,0,23092_89946_0,23092_89946
2198,person,0.5490847,287,281,532,607,89946,23092,0.0866644965277777,1,23092_89946_1,23092_89946
2199,person,0.9977672,651,146,969,629,90060,23092,0.16666015625,4,23092_90060_4,23092_90060
2200,person,0.9042732,234,244,549,683,90060,23092,0.150048828125,3,23092_90060_3,23092_90060
2201,person,0.8467954,276,78,476,394,90060,23092,0.0685763888888889,2,23092_90060_2,23092_90060
2202,chair,0.65511274,165,453,394,698,90060,23092,0.0608778211805555,1,23092_90060_1,23092_90060
2203,person,0.5715265,827,139,906,240,90060,23092,0.0086577690972222,0,23092_90060_0,23092_90060
2204,person,0.96541744,729,103,997,658,90174,23092,0.1613932291666666,5,23092_90174_5,23092_90174
2205,person,0.95656365,274,250,538,684,90174,23092,0.1243229166666666,4,23092_90174_4,23092_90174
2206,chair,0.8661040999999999,148,459,442,712,90174,23092,0.0807096354166666,0,23092_90174_0,23092_90174
2207,person,0.8658844000000001,787,92,990,530,90174,23092,0.0964778645833333,2,23092_90174_2,23092_90174
2208,person,0.79456246,275,67,470,450,90174,23092,0.0810384114583333,1,23092_90174_1,23092_90174
2209,person,0.5466124,264,150,514,592,90174,23092,0.1199001736111111,3,23092_90174_3,23092_90174
2210,person,0.9876523,697,119,977,622,90288,23092,0.1528211805555555,3,23092_90288_3,23092_90288
2211,person,0.9556767,239,168,548,687,90288,23092,0.174013671875,4,23092_90288_4,23092_90288
2212,person,0.8645744000000001,292,61,495,431,90288,23092,0.0814995659722222,2,23092_90288_2,23092_90288
2213,chair,0.5931134,156,455,452,707,90288,23092,0.0809375,1,23092_90288_1,23092_90288
2214,person,0.5225688,516,427,618,514,90288,23092,0.00962890625,0,23092_90288_0,23092_90288
2215,person,0.9864157,239,268,474,644,90402,23092,0.0958767361111111,4,23092_90402_4,23092_90402
2216,person,0.95344764,533,183,771,475,90402,23092,0.0754079861111111,3,23092_90402_3,23092_90402
2217,person,0.9239246,767,164,907,539,90402,23092,0.0569661458333333,1,23092_90402_1,23092_90402
2218,person,0.8756130999999999,658,209,782,473,90402,23092,0.0355208333333333,0,23092_90402_0,23092_90402
2219,chair,0.7284661,174,450,429,706,90402,23092,0.0708333333333333,2,23092_90402_2,23092_90402
2220,person,0.98651123,250,285,520,694,90516,23092,0.11982421875,2,23092_90516_2,23092_90516
2221,bottle,0.79104364,530,227,603,389,90516,23092,0.01283203125,0,23092_90516_0,23092_90516
2222,chair,0.6792429,162,469,439,711,90516,23092,0.0727365451388888,1,23092_90516_1,23092_90516
2223,person,0.96080744,582,117,1110,696,90630,23092,0.33171875,2,23092_90630_2,23092_90630
2224,person,0.88390523,734,223,1119,689,90630,23092,0.1946723090277777,1,23092_90630_1,23092_90630
2225,person,0.87796783,453,83,943,717,90630,23092,0.3370876736111111,3,23092_90630_3,23092_90630
2226,person,0.6970135999999999,1013,398,1122,576,90630,23092,0.0210525173611111,0,23092_90630_0,23092_90630
2227,person,0.94916457,685,125,1101,698,90744,23092,0.2586458333333333,2,23092_90744_2,23092_90744
2228,person,0.92148167,454,91,943,720,90744,23092,0.3337467447916666,3,23092_90744_3,23092_90744
2229,person,0.7926597,452,262,744,702,90744,23092,0.1394097222222222,0,23092_90744_0,23092_90744
2230,person,0.6240198,169,119,486,696,90744,23092,0.1984689670138889,1,23092_90744_1,23092_90744
2231,person,0.9797379,687,169,1110,689,90858,23092,0.238671875,1,23092_90858_1,23092_90858
2232,person,0.92757195,474,94,1098,720,90858,23092,0.4238541666666665,3,23092_90858_3,23092_90858
2233,person,0.67499185,447,71,868,702,90858,23092,0.2882497829861111,2,23092_90858_2,23092_90858
2234,person,0.5606779000000001,458,237,751,701,90858,23092,0.1475173611111111,0,23092_90858_0,23092_90858
2235,person,0.95806724,638,97,1115,694,90972,23092,0.308994140625,2,23092_90972_2,23092_90972
2236,person,0.94447196,456,100,892,706,90972,23092,0.2866927083333333,1,23092_90972_1,23092_90972
2237,person,0.5339567,454,248,749,704,90972,23092,0.1459635416666666,0,23092_90972_0,23092_90972
2238,person,0.9939235,444,202,844,649,91086,23092,0.1940104166666666,1,23092_91086_1,23092_91086
2239,chair,0.6044031,973,436,1106,599,91086,23092,0.0235232204861111,0,23092_91086_0,23092_91086
2240,person,0.9897131,425,213,839,644,91200,23092,0.19361328125,2,23092_91200_2,23092_91200
2241,book,0.5430661999999999,422,615,572,680,91200,23092,0.0105794270833333,1,23092_91200_1,23092_91200
2242,person,0.52167875,826,644,882,717,91200,23092,0.0044357638888888,0,23092_91200_0,23092_91200
2243,person,0.9977301,325,39,808,700,91314,23092,0.3464225260416667,0,23092_91314_0,23092_91314
2244,person,0.97166157,887,173,1117,621,91428,23092,0.1118055555555555,0,23092_91428_0,23092_91428
2245,oven,0.71607196,141,308,466,701,91428,23092,0.1385904947916666,1,23092_91428_1,23092_91428
2246,person,0.98781896,244,113,584,408,91542,23092,0.1088324652777777,0,23092_91542_0,23092_91542
2247,person,0.77565384,840,230,1175,694,91542,23092,0.1686631944444444,1,23092_91542_1,23092_91542
2248,person,0.9906063,197,106,541,406,91656,23092,0.1119791666666666,1,23092_91656_1,23092_91656
2249,person,0.9701202,665,235,1207,706,91656,23092,0.2769986979166666,2,23092_91656_2,23092_91656
2250,person,0.6795113,373,447,725,714,91656,23092,0.1019791666666666,0,23092_91656_0,23092_91656
2251,person,0.67023057,499,201,1092,707,91656,23092,0.3255837673611111,3,23092_91656_3,23092_91656
2252,person,0.97068214,250,122,493,427,91770,23092,0.080419921875,1,23092_91770_1,23092_91770
2253,person,0.927642,733,260,1116,684,91770,23092,0.1762065972222222,2,23092_91770_2,23092_91770
2254,person,0.75273275,533,556,785,712,91770,23092,0.04265625,0,23092_91770_0,23092_91770
2255,person,0.97946006,724,268,1154,700,91884,23092,0.2015625,3,23092_91884_3,23092_91884
2256,person,0.9784508,242,133,487,417,91884,23092,0.0754991319444444,2,23092_91884_2,23092_91884
2257,person,0.78781927,524,541,775,718,91884,23092,0.0482063802083333,1,23092_91884_1,23092_91884
2258,person,0.6841756999999999,353,307,487,411,91884,23092,0.0151215277777777,0,23092_91884_0,23092_91884
2259,person,0.9918045,193,117,477,419,91998,23092,0.0930642361111111,0,23092_91998_0,23092_91998
2260,person,0.95283175,701,137,943,501,92112,23092,0.0955815972222222,0,23092_92112_0,23092_92112
2261,person,0.9911273000000002,535,126,757,450,92226,23092,0.078046875,1,23092_92226_1,23092_92226
2262,person,0.96044254,418,306,512,448,92226,23092,0.0144835069444444,0,23092_92226_0,23092_92226
2263,person,0.99293303,163,116,576,640,92340,23092,0.2348220486111111,4,23092_92340_4,23092_92340
2264,person,0.9383073,570,123,950,606,92340,23092,0.1991536458333333,3,23092_92340_3,23092_92340
2265,person,0.9350195,809,145,1112,596,92340,23092,0.1482779947916666,2,23092_92340_2,23092_92340
2266,cake,0.5319257,684,69,809,167,92340,23092,0.0132921006944444,0,23092_92340_0,23092_92340
2267,person,0.50007355,690,247,923,630,92340,23092,0.0968305121527777,1,23092_92340_1,23092_92340
2268,person,0.98883855,512,72,912,619,92454,23092,0.2374131944444444,2,23092_92454_2,23092_92454
2269,person,0.9870461,251,133,629,626,92454,23092,0.20220703125,1,23092_92454_1,23092_92454
2270,person,0.9348564,848,142,1127,614,92454,23092,0.142890625,0,23092_92454_0,23092_92454
2271,person,0.99429166,210,134,573,628,92568,23092,0.1945768229166666,2,23092_92568_2,23092_92568
2272,person,0.99115443,521,74,1091,612,92568,23092,0.3327473958333333,3,23092_92568_3,23092_92568
2273,person,0.7593916999999999,895,141,1118,613,92568,23092,0.1142100694444444,1,23092_92568_1,23092_92568
2274,cake,0.58107245,331,582,420,637,92568,23092,0.0053114149305555,0,23092_92568_0,23092_92568
2275,person,0.98023623,196,108,552,637,92682,23092,0.2043446180555556,4,23092_92682_4,23092_92682
2276,person,0.9659873,790,139,1121,608,92682,23092,0.1684450954861111,2,23092_92682_2,23092_92682
2277,person,0.96396065,450,97,814,598,92682,23092,0.1978776041666666,3,23092_92682_3,23092_92682
2278,tie,0.85664994,576,292,608,380,92682,23092,0.0030555555555555,0,23092_92682_0,23092_92682
2279,cake,0.61592567,339,581,427,635,92682,23092,0.00515625,1,23092_92682_1,23092_92682
2280,person,0.98316646,795,147,1108,611,92796,23092,0.1575868055555555,2,23092_92796_2,23092_92796
2281,person,0.9746147,518,155,799,599,92796,23092,0.1353776041666666,1,23092_92796_1,23092_92796
2282,person,0.74943054,2,14,316,685,92796,23092,0.2286176215277778,3,23092_92796_3,23092_92796
2283,person,0.6557195,801,266,958,622,92796,23092,0.0606467013888888,0,23092_92796_0,23092_92796
2284,person,0.97544825,404,131,705,599,92910,23092,0.1528515625,0,23092_92910_0,23092_92910
2285,person,0.9646916,733,129,1042,599,92910,23092,0.1575846354166666,1,23092_92910_1,23092_92910
2286,person,0.996813,218,71,691,720,93024,23092,0.3330913628472222,0,23092_93024_0,23092_93024
2287,person,0.9898079,554,63,1168,705,93024,23092,0.4277213541666667,1,23092_93024_1,23092_93024
2288,person,0.57034516,350,17,921,720,93024,23092,0.4355609809027778,2,23092_93024_2,23092_93024
2289,person,0.99607855,197,68,696,718,93138,23092,0.3519422743055556,2,23092_93138_2,23092_93138
2290,person,0.99162114,625,77,1144,688,93138,23092,0.3440852864583333,1,23092_93138_1,23092_93138
2291,person,0.5209043,637,104,944,702,93138,23092,0.1992035590277777,0,23092_93138_0,23092_93138
2292,person,0.9958254,194,59,674,700,93252,23092,0.3338541666666667,0,23092_93252_0,23092_93252
2293,person,0.98877406,584,97,1123,688,93252,23092,0.3456477864583333,1,23092_93252_1,23092_93252
2294,person,0.99564064,216,48,669,709,93366,23092,0.3249055989583333,0,23092_93366_0,23092_93366
2295,person,0.99358374,604,73,1156,705,93366,23092,0.3785416666666666,1,23092_93366_1,23092_93366
2296,person,0.9952987,164,70,667,714,93480,23092,0.3514887152777777,0,23092_93480_0,23092_93480
2297,person,0.9938286,576,75,1151,689,93480,23092,0.3830837673611111,1,23092_93480_1,23092_93480
2298,person,0.99664587,156,69,648,698,93594,23092,0.3357942708333333,0,23092_93594_0,23092_93594
2299,person,0.9928283,553,71,1172,693,93594,23092,0.4177712673611111,1,23092_93594_1,23092_93594
2300,person,0.9969259,160,54,651,707,93708,23092,0.3478982204861111,1,23092_93708_1,23092_93708
2301,person,0.9765745,586,66,1163,689,93708,23092,0.3900509982638889,2,23092_93708_2,23092_93708
2302,tie,0.5131206,809,285,892,506,93708,23092,0.0199034288194444,0,23092_93708_0,23092_93708
2303,person,0.99448735,184,53,711,703,93822,23092,0.3716905381944444,1,23092_93822_1,23092_93822
2304,person,0.9886679,608,58,1150,686,93822,23092,0.3693315972222222,0,23092_93822_0,23092_93822
2305,person,0.9958311,253,73,708,720,93936,23092,0.3194281684027777,1,23092_93936_1,23092_93936
2306,person,0.9847253,638,79,1134,686,93936,23092,0.3266840277777778,2,23092_93936_2,23092_93936
2307,person,0.6808079,739,497,910,711,93936,23092,0.03970703125,0,23092_93936_0,23092_93936
2308,person,0.99600947,238,80,759,713,94050,23092,0.3578483072916667,3,23092_94050_3,23092_94050
2309,person,0.985196,633,77,1158,690,94050,23092,0.3492024739583333,2,23092_94050_2,23092_94050
2310,person,0.69829977,757,518,859,711,94050,23092,0.0213606770833333,0,23092_94050_0,23092_94050
2311,person,0.63591176,727,512,903,706,94050,23092,0.0370486111111111,1,23092_94050_1,23092_94050
2312,person,0.99621826,232,52,713,708,94164,23092,0.3423784722222222,1,23092_94164_1,23092_94164
2313,person,0.9938683,604,65,1132,669,94164,23092,0.3460416666666667,2,23092_94164_2,23092_94164
2314,person,0.81761277,729,512,846,703,94164,23092,0.024248046875,0,23092_94164_0,23092_94164
2315,person,0.9961289,215,64,710,709,94278,23092,0.346435546875,1,23092_94278_1,23092_94278
2316,person,0.9907918,631,84,1172,693,94278,23092,0.3574967447916666,2,23092_94278_2,23092_94278
2317,person,0.7049823000000001,630,311,799,654,94278,23092,0.0628982204861111,0,23092_94278_0,23092_94278
2318,person,0.9919688,582,76,1138,699,94392,23092,0.3758550347222222,1,23092_94392_1,23092_94392
2319,person,0.9909869,159,54,608,709,94392,23092,0.3191134982638889,0,23092_94392_0,23092_94392
2320,person,0.99655896,256,65,736,714,94506,23092,0.3380208333333333,1,23092_94506_1,23092_94506
2321,person,0.995812,667,65,1118,695,94506,23092,0.30830078125,0,23092_94506_0,23092_94506
2322,person,0.997097,248,51,750,714,94620,23092,0.3611393229166666,2,23092_94620_2,23092_94620
2323,person,0.98782235,665,62,1149,666,94620,23092,0.3172048611111111,1,23092_94620_1,23092_94620
2324,person,0.6479664,726,451,897,704,94620,23092,0.046943359375,0,23092_94620_0,23092_94620
2325,person,0.997948,264,36,723,716,94734,23092,0.338671875,0,23092_94734_0,23092_94734
2326,person,0.9916677,624,49,1162,694,94734,23092,0.3765299479166666,1,23092_94734_1,23092_94734
2327,person,0.9959073,260,61,737,718,94848,23092,0.340048828125,0,23092_94848_0,23092_94848
2328,person,0.99051625,630,62,1140,704,94848,23092,0.3552734375,1,23092_94848_1,23092_94848
2329,person,0.99778616,276,40,737,716,94962,23092,0.3381467013888889,0,23092_94962_0,23092_94962
2330,person,0.9923229,651,63,1144,708,94962,23092,0.3450358072916666,1,23092_94962_1,23092_94962
2331,person,0.9952792,650,88,1161,695,95076,23092,0.3365635850694444,1,23092_95076_1,23092_95076
2332,person,0.9924964,229,37,692,706,95076,23092,0.3360970052083333,0,23092_95076_0,23092_95076
2333,person,0.9949988,240,79,693,720,95190,23092,0.3150748697916666,2,23092_95190_2,23092_95190
2334,person,0.98612255,679,84,1142,704,95190,23092,0.3114800347222222,1,23092_95190_1,23092_95190
2335,tie,0.71605396,740,520,838,720,95190,23092,0.0212673611111111,0,23092_95190_0,23092_95190
2336,person,0.992774,203,59,617,702,95304,23092,0.28884765625,1,23092_95304_1,23092_95304
2337,person,0.9919565,688,58,1136,690,95304,23092,0.3072222222222222,2,23092_95304_2,23092_95304
2338,person,0.8591303,732,488,867,708,95304,23092,0.0322265625,0,23092_95304_0,23092_95304
2339,person,0.95091736,374,45,1014,699,95418,23092,0.4541666666666666,2,23092_95418_2,23092_95418
2340,person,0.92097706,151,498,404,715,95418,23092,0.0595713975694444,1,23092_95418_1,23092_95418
2341,cat,0.59686697,301,124,1032,718,95418,23092,0.47115234375,3,23092_95418_3,23092_95418
2342,person,0.5150098,153,502,318,690,95418,23092,0.0336588541666666,0,23092_95418_0,23092_95418
2343,person,0.6540484999999999,847,466,950,581,95532,23092,0.0128526475694444,0,23092_95532_0,23092_95532
2344,person,0.6529454,850,424,976,594,95532,23092,0.0232421875,1,23092_95532_1,23092_95532
2345,oven,0.5200982,404,411,1055,720,95532,23092,0.218271484375,2,23092_95532_2,23092_95532
2346,person,0.9978036,222,122,551,707,95646,23092,0.208837890625,2,23092_95646_2,23092_95646
2347,person,0.9308416,851,411,993,608,95646,23092,0.0303537326388888,1,23092_95646_1,23092_95646
2348,cup,0.74186075,787,511,844,565,95646,23092,0.00333984375,0,23092_95646_0,23092_95646
2349,person,0.9923815,234,208,635,704,95760,23092,0.2158159722222222,1,23092_95760_1,23092_95760
2350,person,0.8624124,851,425,984,598,95760,23092,0.0249663628472222,0,23092_95760_0,23092_95760
2351,person,0.9955526,225,205,627,709,95874,23092,0.21984375,1,23092_95874_1,23092_95874
2352,person,0.8384869,851,436,977,589,95874,23092,0.02091796875,0,23092_95874_0,23092_95874
2353,person,0.98420054,163,93,785,720,95988,23092,0.4231705729166666,1,23092_95988_1,23092_95988
2354,suitcase,0.8181784000000001,894,431,1018,578,95988,23092,0.0197786458333333,0,23092_95988_0,23092_95988
2355,person,0.96859366,148,90,796,720,96102,23092,0.44296875,1,23092_96102_1,23092_96102
2356,suitcase,0.55538875,904,430,1033,585,96102,23092,0.0216959635416666,0,23092_96102_0,23092_96102
2357,person,0.99397933,286,97,810,704,96216,23092,0.3451258680555556,2,23092_96216_2,23092_96216
2358,suitcase,0.7172328,910,435,1031,579,96216,23092,0.01890625,0,23092_96216_0,23092_96216
2359,bottle,0.50131255,963,295,1082,479,96216,23092,0.0237586805555555,1,23092_96216_1,23092_96216
2360,person,0.99294746,799,107,1002,549,96330,23092,0.0973589409722222,2,23092_96330_2,23092_96330
2361,chair,0.92903984,509,571,714,715,96330,23092,0.03203125,0,23092_96330_0,23092_96330
2362,person,0.89443845,619,157,800,530,96330,23092,0.0732562934027777,1,23092_96330_1,23092_96330
2363,chair,0.58724946,269,99,664,613,96330,23092,0.2203016493055556,3,23092_96330_3,23092_96330
2364,person,0.9844462,748,103,1009,506,96444,23092,0.114130859375,3,23092_96444_3,23092_96444
2365,chair,0.974094,504,570,701,717,96444,23092,0.0314225260416666,1,23092_96444_1,23092_96444
2366,person,0.87901926,616,144,788,500,96444,23092,0.0664409722222222,2,23092_96444_2,23092_96444
2367,cup,0.75287086,562,419,643,484,96444,23092,0.005712890625,0,23092_96444_0,23092_96444
2368,chair,0.5315701999999999,273,122,630,666,96444,23092,0.2107291666666666,4,23092_96444_4,23092_96444
2369,person,0.8644615,373,53,594,708,96558,23092,0.1570692274305555,1,23092_96558_1,23092_96558
2370,person,0.730587,666,17,1015,708,96558,23092,0.2616742621527778,2,23092_96558_2,23092_96558
2371,person,0.6110225,749,215,1034,693,96558,23092,0.1478190104166666,0,23092_96558_0,23092_96558
2372,person,0.9807171,153,253,489,712,96672,23092,0.16734375,1,23092_96672_1,23092_96672
2373,person,0.8653308000000001,926,433,1073,600,96672,23092,0.0266373697916666,0,23092_96672_0,23092_96672
2374,person,0.8908036,735,186,1091,693,96786,23092,0.1958463541666666,0,23092_96786_0,23092_96786
2375,vase,0.91678363,479,229,574,371,97014,23092,0.0146375868055555,0,23092_97014_0,23092_97014
2376,person,0.98632056,243,111,605,697,97128,23092,0.2301779513888889,0,23092_97128_0,23092_97128
2377,couch,0.57225645,479,318,1158,680,97128,23092,0.2667078993055555,1,23092_97128_1,23092_97128
2378,couch,0.52397394,242,369,1251,690,97128,23092,0.3514420572916667,2,23092_97128_2,23092_97128
2379,person,0.98596257,324,187,430,533,97242,23092,0.0397960069444444,0,23092_97242_0,23092_97242
2380,person,0.8911324,495,118,703,420,97242,23092,0.0681597222222222,2,23092_97242_2,23092_97242
2381,person,0.6057191999999999,463,155,687,492,97242,23092,0.0819097222222222,3,23092_97242_3,23092_97242
2382,person,0.5698801,446,144,588,470,97242,23092,0.0502300347222222,1,23092_97242_1,23092_97242
2383,person,0.9585776,307,191,409,522,97356,23092,0.0366341145833333,0,23092_97356_0,23092_97356
2384,person,0.9260206,399,134,649,467,97356,23092,0.09033203125,1,23092_97356_1,23092_97356
2385,car,0.5119007999999999,242,367,1113,720,97356,23092,0.3336187065972222,2,23092_97356_2,23092_97356
2386,person,0.9450081,664,168,773,365,97470,23092,0.0232996961805555,1,23092_97470_1,23092_97470
2387,person,0.90694773,149,253,288,544,97470,23092,0.0438899739583333,2,23092_97470_2,23092_97470
2388,person,0.85522234,752,190,835,368,97470,23092,0.0160308159722222,0,23092_97470_0,23092_97470
2389,person,0.9916692,210,164,335,507,97584,23092,0.0465223524305555,1,23092_97584_1,23092_97584
2390,person,0.94480807,502,194,616,364,97584,23092,0.0210286458333333,0,23092_97584_0,23092_97584
2391,person,0.97783136,682,118,939,698,97698,23092,0.1617404513888889,5,23092_97698_5,23092_97698
2392,person,0.9677597,899,40,1126,689,97698,23092,0.1598556857638889,3,23092_97698_3,23092_97698
2393,person,0.96295893,226,151,512,671,97698,23092,0.1613715277777777,4,23092_97698_4,23092_97698
2394,person,0.86184573,401,429,675,720,97698,23092,0.0865169270833333,0,23092_97698_0,23092_97698
2395,person,0.7572149,254,420,721,720,97698,23092,0.1520182291666666,2,23092_97698_2,23092_97698
2396,person,0.6254869000000001,252,156,518,495,97698,23092,0.0978450520833333,1,23092_97698_1,23092_97698
2397,person,0.9758316,697,109,936,707,97812,23092,0.1550802951388888,3,23092_97812_3,23092_97812
2398,person,0.9539805,886,46,1131,698,97812,23092,0.1733289930555555,4,23092_97812_4,23092_97812
2399,person,0.95039207,254,448,715,718,97812,23092,0.13505859375,1,23092_97812_1,23092_97812
2400,person,0.91425544,229,163,530,628,97812,23092,0.1518717447916666,2,23092_97812_2,23092_97812
2401,person,0.6970291000000001,265,159,528,479,97812,23092,0.0913194444444444,0,23092_97812_0,23092_97812
2402,person,0.98389256,700,111,932,714,97926,23092,0.151796875,4,23092_97926_4,23092_97926
2403,person,0.9761648,909,67,1142,687,97926,23092,0.1567491319444444,5,23092_97926_5,23092_97926
2404,person,0.9484284,360,431,675,719,97926,23092,0.0984375,2,23092_97926_2,23092_97926
2405,person,0.91285926,255,151,562,644,97926,23092,0.1642263454861111,6,23092_97926_6,23092_97926
2406,person,0.77091616,276,354,500,655,97926,23092,0.0731597222222222,0,23092_97926_0,23092_97926
2407,person,0.69812053,292,149,539,489,97926,23092,0.0911241319444444,1,23092_97926_1,23092_97926
2408,person,0.62837785,241,369,628,718,97926,23092,0.146552734375,3,23092_97926_3,23092_97926
2409,person,0.98439676,877,73,1133,708,98040,23092,0.1763888888888889,4,23092_98040_4,23092_98040
2410,person,0.97289115,690,113,938,700,98040,23092,0.1579600694444444,2,23092_98040_2,23092_98040
2411,person,0.94536525,239,145,546,635,98040,23092,0.1632269965277777,3,23092_98040_3,23092_98040
2412,person,0.9409884,271,433,682,715,98040,23092,0.12576171875,1,23092_98040_1,23092_98040
2413,person,0.59618473,286,346,492,680,98040,23092,0.0746571180555555,0,23092_98040_0,23092_98040
2414,person,0.9880784,892,71,1136,702,98154,23092,0.1670616319444444,5,23092_98154_5,23092_98154
2415,person,0.96988297,702,119,949,703,98154,23092,0.1565190972222222,2,23092_98154_2,23092_98154
2416,person,0.90200543,392,431,692,719,98154,23092,0.09375,1,23092_98154_1,23092_98154
2417,person,0.85409087,265,221,594,684,98154,23092,0.1652853732638889,4,23092_98154_4,23092_98154
2418,person,0.7100696,279,328,667,711,98154,23092,0.1612456597222222,3,23092_98154_3,23092_98154
2419,person,0.6392137,590,91,984,704,98154,23092,0.2620681423611111,7,23092_98154_7,23092_98154
2420,person,0.6169083000000001,319,158,579,478,98154,23092,0.0902777777777777,0,23092_98154_0,23092_98154
2421,person,0.5677191999999999,9,2,264,720,98154,23092,0.1986653645833333,6,23092_98154_6,23092_98154
2422,person,0.9782723,266,148,576,655,98268,23092,0.1705403645833333,4,23092_98268_4,23092_98268
2423,person,0.97614586,274,437,695,719,98268,23092,0.1288216145833333,1,23092_98268_1,23092_98268
2424,person,0.9749088,712,131,967,709,98268,23092,0.1599283854166666,2,23092_98268_2,23092_98268
2425,person,0.96465874,904,33,1126,705,98268,23092,0.161875,3,23092_98268_3,23092_98268
2426,person,0.6706318,285,349,517,643,98268,23092,0.0740104166666666,0,23092_98268_0,23092_98268
2427,person,0.6664909000000001,777,72,1022,720,98268,23092,0.172265625,5,23092_98268_5,23092_98268
2428,person,0.60206383,30,0,275,720,98268,23092,0.19140625,6,23092_98268_6,23092_98268
2429,person,0.989047,909,50,1134,702,98382,23092,0.1591796875,6,23092_98382_6,23092_98382
2430,person,0.9769692,744,97,962,712,98382,23092,0.1454752604166666,5,23092_98382_5,23092_98382
2431,person,0.95077676,282,428,737,716,98382,23092,0.1421875,4,23092_98382_4,23092_98382
2432,person,0.8627565,264,293,595,681,98382,23092,0.1393532986111111,3,23092_98382_3,23092_98382
2433,person,0.7758138000000001,285,166,556,614,98382,23092,0.1317361111111111,2,23092_98382_2,23092_98382
2434,person,0.67949295,20,6,272,720,98382,23092,0.195234375,7,23092_98382_7,23092_98382
2435,person,0.65565443,431,439,709,720,98382,23092,0.0847634548611111,1,23092_98382_1,23092_98382
2436,person,0.5478312,149,5,237,170,98382,23092,0.0157552083333333,0,23092_98382_0,23092_98382
2437,person,0.9728177,620,112,957,710,98496,23092,0.2186697048611111,9,23092_98496_9,23092_98496
2438,person,0.93635035,274,419,767,716,98496,23092,0.158876953125,5,23092_98496_5,23092_98496
2439,person,0.9352527,925,56,1140,683,98496,23092,0.1462727864583333,4,23092_98496_4,23092_98496
2440,person,0.89179444,263,254,598,699,98496,23092,0.1617567274305555,6,23092_98496_6,23092_98496
2441,person,0.88774776,461,436,710,720,98496,23092,0.0767317708333333,1,23092_98496_1,23092_98496
2442,person,0.78049606,309,379,569,707,98496,23092,0.0925347222222222,2,23092_98496_2,23092_98496
2443,person,0.7666068,718,83,1011,698,98496,23092,0.1955240885416666,8,23092_98496_8,23092_98496
2444,person,0.7059543,17,6,256,720,98496,23092,0.1851627604166666,7,23092_98496_7,23092_98496
2445,person,0.6344483,332,155,581,503,98496,23092,0.0940234375,3,23092_98496_3,23092_98496
2446,person,0.56173134,150,5,229,173,98496,23092,0.0144010416666666,0,23092_98496_0,23092_98496
2447,person,0.9865392,621,105,965,718,98610,23092,0.2288107638888889,9,23092_98610_9,23092_98610
2448,person,0.93118685,276,439,773,714,98610,23092,0.1483018663194444,5,23092_98610_5,23092_98610
2449,person,0.85480714,272,169,559,688,98610,23092,0.1616243489583333,7,23092_98610_7,23092_98610
2450,person,0.8284911,440,435,714,720,98610,23092,0.0847330729166666,3,23092_98610_3,23092_98610
2451,person,0.82194114,916,40,1132,695,98610,23092,0.153515625,6,23092_98610_6,23092_98610
2452,person,0.7884180000000001,256,353,607,704,98610,23092,0.133681640625,4,23092_98610_4,23092_98610
2453,person,0.75680226,320,155,563,473,98610,23092,0.08384765625,2,23092_98610_2,23092_98610
2454,person,0.75031024,22,0,266,710,98610,23092,0.1879774305555555,8,23092_98610_8,23092_98610
2455,person,0.6753643,323,303,546,623,98610,23092,0.0774305555555555,1,23092_98610_1,23092_98610
2456,person,0.6602558000000001,149,7,237,168,98610,23092,0.0153732638888888,0,23092_98610_0,23092_98610
2457,person,0.97412443,643,115,943,719,98724,23092,0.1966145833333333,5,23092_98724_5,23092_98724
2458,person,0.96998996,243,150,500,668,98724,23092,0.1444509548611111,2,23092_98724_2,23092_98724
2459,person,0.9609405,900,32,1124,697,98724,23092,0.1616319444444444,3,23092_98724_3,23092_98724
2460,person,0.9379012,326,426,690,720,98724,23092,0.1161197916666666,1,23092_98724_1,23092_98724
2461,person,0.5370603,2,5,241,720,98724,23092,0.1854220920138889,4,23092_98724_4,23092_98724
2462,person,0.5250123000000001,297,286,496,633,98724,23092,0.0749273003472222,0,23092_98724_0,23092_98724
2463,person,0.97552925,630,116,935,705,98838,23092,0.1949273003472222,5,23092_98838_5,23092_98838
2464,person,0.9749181,896,54,1131,714,98838,23092,0.1682942708333333,3,23092_98838_3,23092_98838
2465,person,0.9494893,251,147,514,675,98838,23092,0.1506770833333333,2,23092_98838_2,23092_98838
2466,person,0.89080864,353,405,692,720,98838,23092,0.115869140625,0,23092_98838_0,23092_98838
2467,person,0.7036428000000001,6,11,245,713,98838,23092,0.18205078125,4,23092_98838_4,23092_98838
2468,person,0.57587194,277,280,615,683,98838,23092,0.1478016493055555,1,23092_98838_1,23092_98838
2469,person,0.9817824,896,41,1136,701,98952,23092,0.171875,3,23092_98952_3,23092_98952
2470,person,0.9785221,301,416,685,714,98952,23092,0.1241666666666666,1,23092_98952_1,23092_98952
2471,person,0.9759511,601,123,935,710,98952,23092,0.2127365451388889,5,23092_98952_5,23092_98952
2472,person,0.89947015,236,167,502,659,98952,23092,0.1420052083333333,2,23092_98952_2,23092_98952
2473,person,0.7965350999999999,20,5,252,718,98952,23092,0.1794878472222222,4,23092_98952_4,23092_98952
2474,person,0.5757588,275,148,523,499,98952,23092,0.094453125,0,23092_98952_0,23092_98952
2475,person,0.9912411,209,20,890,720,99066,23092,0.5172526041666666,1,23092_99066_1,23092_99066
2476,person,0.9423212,934,0,1233,705,99066,23092,0.2287272135416667,0,23092_99066_0,23092_99066
2477,person,0.9851913,171,33,904,720,99180,23092,0.5464095052083333,1,23092_99180_1,23092_99180
2478,person,0.94913006,930,0,1231,716,99180,23092,0.2338498263888889,0,23092_99180_0,23092_99180
2479,person,0.9800489,192,27,889,710,99294,23092,0.5165483940972222,2,23092_99294_2,23092_99294
2480,person,0.946534,920,6,1228,716,99294,23092,0.2372829861111111,0,23092_99294_0,23092_99294
2481,person,0.5028771,118,15,571,707,99294,23092,0.3401432291666667,1,23092_99294_1,23092_99294
2482,person,0.9799008,161,49,885,720,99408,23092,0.5271310763888889,4,23092_99408_4,23092_99408
2483,person,0.93320495,909,8,1250,717,99408,23092,0.2623361545138889,3,23092_99408_3,23092_99408
2484,person,0.580262,188,0,635,536,99408,23092,0.2599739583333333,2,23092_99408_2,23092_99408
2485,person,0.5451983,163,8,490,407,99408,23092,0.141572265625,1,23092_99408_1,23092_99408
2486,person,0.516224,921,13,1138,323,99408,23092,0.0729926215277777,0,23092_99408_0,23092_99408
2487,person,0.98655605,863,79,1132,705,99522,23092,0.1827191840277778,3,23092_99522_3,23092_99522
2488,person,0.97675323,620,131,912,708,99522,23092,0.1828168402777777,4,23092_99522_4,23092_99522
2489,person,0.90973717,429,447,582,720,99522,23092,0.045322265625,0,23092_99522_0,23092_99522
2490,person,0.8868219999999999,244,178,511,665,99522,23092,0.1410904947916666,2,23092_99522_2,23092_99522
2491,person,0.84929335,287,393,456,712,99522,23092,0.0584971788194444,1,23092_99522_1,23092_99522
2492,person,0.7249025,5,11,254,720,99522,23092,0.1915592447916666,5,23092_99522_5,23092_99522
2493,person,0.98355734,563,119,925,692,99636,23092,0.2250716145833333,4,23092_99636_4,23092_99636
2494,person,0.98216623,870,42,1138,720,99636,23092,0.1971614583333332,3,23092_99636_3,23092_99636
2495,person,0.9558481,254,165,504,687,99636,23092,0.1416015625,1,23092_99636_1,23092_99636
2496,person,0.80678153,369,435,593,720,99636,23092,0.0692708333333333,0,23092_99636_0,23092_99636
2497,person,0.5118518,7,4,245,718,99636,23092,0.1843880208333333,2,23092_99636_2,23092_99636
2498,person,0.99251306,188,42,747,720,99750,23092,0.4112434895833333,2,23092_99750_2,23092_99750
2499,person,0.99161196,795,37,1131,701,99750,23092,0.2420833333333333,1,23092_99750_1,23092_99750
2500,person,0.9369657,534,209,798,692,99750,23092,0.138359375,0,23092_99750_0,23092_99750
2501,person,0.99205834,778,52,1112,708,99864,23092,0.2377430555555555,4,23092_99864_4,23092_99864
2502,person,0.99022675,194,48,765,712,99864,23092,0.4113975694444445,5,23092_99864_5,23092_99864
2503,person,0.9207188,539,207,793,693,99864,23092,0.1339453125,2,23092_99864_2,23092_99864
2504,person,0.7566818000000001,995,137,1133,504,99864,23092,0.0549544270833333,0,23092_99864_0,23092_99864
2505,person,0.7236201,444,111,775,701,99864,23092,0.2119032118055555,3,23092_99864_3,23092_99864
2506,person,0.5200710999999999,531,476,752,710,99864,23092,0.05611328125,1,23092_99864_1,23092_99864
2507,person,0.98994666,774,69,1103,707,99978,23092,0.2277582465277778,2,23092_99978_2,23092_99978
2508,person,0.98889714,191,66,715,713,99978,23092,0.3678689236111111,3,23092_99978_3,23092_99978
2509,person,0.94414943,538,215,779,702,99978,23092,0.1273513454861111,1,23092_99978_1,23092_99978
2510,person,0.7412734999999999,991,138,1132,510,99978,23092,0.0569140625,0,23092_99978_0,23092_99978
2511,person,0.99234104,204,49,753,720,100092,23092,0.399716796875,4,23092_100092_4,23092_100092
2512,person,0.9908992,783,64,1101,715,100092,23092,0.22462890625,3,23092_100092_3,23092_100092
2513,person,0.9468953,564,232,781,683,100092,23092,0.1061924913194444,1,23092_100092_1,23092_100092
2514,person,0.75805134,1012,99,1139,467,100092,23092,0.0507118055555555,0,23092_100092_0,23092_100092
2515,person,0.64015424,1027,70,1241,700,100092,23092,0.1462890625,2,23092_100092_2,23092_100092
2516,person,0.99395764,798,72,1120,714,100206,23092,0.2243098958333333,2,23092_100206_2,23092_100206
2517,person,0.9888209,168,52,791,709,100206,23092,0.444130859375,3,23092_100206_3,23092_100206
2518,person,0.9415384,528,188,791,702,100206,23092,0.1466818576388888,0,23092_100206_0,23092_100206
2519,person,0.72541267,443,106,755,702,100206,23092,0.2017708333333333,1,23092_100206_1,23092_100206
2520,person,0.99298865,751,64,1079,718,100320,23092,0.2327604166666666,3,23092_100320_3,23092_100320
2521,person,0.99186254,170,64,739,718,100320,23092,0.4037825520833333,4,23092_100320_4,23092_100320
2522,person,0.8602635000000001,543,198,780,704,100320,23092,0.1301236979166666,2,23092_100320_2,23092_100320
2523,person,0.8500025,991,126,1139,471,100320,23092,0.0554036458333333,0,23092_100320_0,23092_100320
2524,person,0.8042771,1001,112,1146,665,100320,23092,0.0870062934027777,1,23092_100320_1,23092_100320
2525,person,0.99141437,762,60,1080,717,100434,23092,0.22669921875,4,23092_100434_4,23092_100434
2526,person,0.9867176,133,62,718,719,100434,23092,0.417041015625,5,23092_100434_5,23092_100434
2527,person,0.9008435,521,226,785,706,100434,23092,0.1375,2,23092_100434_2,23092_100434
2528,person,0.82513946,1003,118,1147,687,100434,23092,0.08890625,1,23092_100434_1,23092_100434
2529,person,0.7025659000000001,410,165,760,694,100434,23092,0.2009006076388889,3,23092_100434_3,23092_100434
2530,person,0.56141186,1001,137,1129,385,100434,23092,0.0344444444444444,0,23092_100434_0,23092_100434
2531,person,0.9827759,437,71,732,720,100548,23092,0.2077419704861111,3,23092_100548_3,23092_100548
2532,person,0.97804344,847,64,1116,712,100548,23092,0.189140625,1,23092_100548_1,23092_100548
2533,person,0.91360027,739,217,915,704,100548,23092,0.0930034722222222,0,23092_100548_0,23092_100548
2534,person,0.7941387,146,26,431,685,100548,23092,0.2037923177083333,2,23092_100548_2,23092_100548
2535,person,0.6332144000000001,122,18,645,700,100548,23092,0.3870290798611111,4,23092_100548_4,23092_100548
2536,person,0.99250764,853,77,1130,699,100662,23092,0.1869509548611111,3,23092_100662_3,23092_100662
2537,person,0.983932,487,69,760,714,100662,23092,0.191064453125,4,23092_100662_4,23092_100662
2538,person,0.9354233,146,13,569,692,100662,23092,0.311650390625,5,23092_100662_5,23092_100662
2539,person,0.8472443999999999,724,131,922,703,100662,23092,0.122890625,2,23092_100662_2,23092_100662
2540,person,0.6638090999999999,736,312,896,705,100662,23092,0.0682291666666666,1,23092_100662_1,23092_100662
2541,person,0.6345890000000001,320,337,444,537,100662,23092,0.0269097222222222,0,23092_100662_0,23092_100662
2542,person,0.9908511,854,72,1123,698,100776,23092,0.1827191840277778,3,23092_100776_3,23092_100776
2543,person,0.9663862,467,66,755,699,100776,23092,0.1978125,4,23092_100776_4,23092_100776
2544,person,0.9384296,747,126,923,711,100776,23092,0.11171875,2,23092_100776_2,23092_100776
2545,person,0.8322843000000001,117,23,544,686,100776,23092,0.3071842447916667,5,23092_100776_5,23092_100776
2546,person,0.60232776,316,332,426,508,100776,23092,0.0210069444444444,0,23092_100776_0,23092_100776
2547,person,0.53272957,139,20,324,552,100776,23092,0.1067925347222222,1,23092_100776_1,23092_100776
2548,person,0.93829405,806,27,1186,676,100890,23092,0.2675998263888889,2,23092_100890_2,23092_100890
2549,person,0.64387906,526,187,785,705,100890,23092,0.1455750868055555,1,23092_100890_1,23092_100890
2550,person,0.5403536,820,33,1127,462,100890,23092,0.1429069010416666,0,23092_100890_0,23092_100890
2551,person,0.9948324,504,108,873,712,101004,23092,0.2418359375,2,23092_101004_2,23092_101004
2552,person,0.9707254,817,87,1099,687,101004,23092,0.18359375,0,23092_101004_0,23092_101004
2553,person,0.9256932,299,41,558,719,101004,23092,0.1905403645833333,1,23092_101004_1,23092_101004
2554,person,0.6341372,380,89,749,720,101004,23092,0.252646484375,3,23092_101004_3,23092_101004
2555,person,0.99121547,262,47,539,712,101118,23092,0.1998752170138888,2,23092_101118_2,23092_101118
2556,person,0.9852793,531,94,888,698,101118,23092,0.2339713541666667,3,23092_101118_3,23092_101118
2557,person,0.97770417,852,86,1129,621,101118,23092,0.1608018663194444,1,23092_101118_1,23092_101118
2558,person,0.63515204,747,86,925,586,101118,23092,0.0965711805555555,0,23092_101118_0,23092_101118
2559,person,0.994344,238,41,524,712,101232,23092,0.2082313368055556,2,23092_101232_2,23092_101232
2560,person,0.9938361,530,84,891,709,101232,23092,0.2448187934027778,3,23092_101232_3,23092_101232
2561,person,0.96153253,842,79,1119,654,101232,23092,0.1728244357638889,1,23092_101232_1,23092_101232
2562,person,0.7117218000000001,800,116,909,252,101232,23092,0.0160850694444444,0,23092_101232_0,23092_101232
2563,person,0.9962225,228,47,504,716,101346,23092,0.2003515625,2,23092_101346_2,23092_101346
2564,person,0.9790668,830,73,1114,679,101346,23092,0.1867447916666666,1,23092_101346_1,23092_101346
2565,person,0.9785696,574,62,890,697,101346,23092,0.2177300347222222,3,23092_101346_3,23092_101346
2566,person,0.7999608,577,101,761,715,101346,23092,0.1225868055555555,0,23092_101346_0,23092_101346
2567,person,0.99507576,227,46,509,704,101460,23092,0.2013411458333332,2,23092_101460_2,23092_101460
2568,person,0.99335927,602,96,903,700,101460,23092,0.1972699652777777,1,23092_101460_1,23092_101460
2569,person,0.93749607,852,78,1106,666,101460,23092,0.1620572916666666,0,23092_101460_0,23092_101460
2570,person,0.6480816999999999,687,85,1003,701,101460,23092,0.2112152777777777,3,23092_101460_3,23092_101460
2571,person,0.99077636,603,48,917,698,101574,23092,0.2214626736111111,2,23092_101574_2,23092_101574
2572,person,0.98502904,235,29,495,714,101574,23092,0.1932508680555555,1,23092_101574_1,23092_101574
2573,person,0.94278246,842,73,1096,689,101574,23092,0.1697743055555555,0,23092_101574_0,23092_101574
2574,person,0.99702054,604,88,915,701,101688,23092,0.2068608940972222,2,23092_101688_2,23092_101688
2575,person,0.99487525,232,32,496,716,101688,23092,0.1959375,1,23092_101688_1,23092_101688
2576,person,0.83633417,853,76,1107,650,101688,23092,0.1581987847222222,0,23092_101688_0,23092_101688
2577,person,0.9962584,480,77,897,710,101802,23092,0.286416015625,3,23092_101802_3,23092_101802
2578,person,0.9942964,234,29,507,712,101802,23092,0.2023209635416666,2,23092_101802_2,23092_101802
2579,person,0.9335076,830,121,1052,648,101802,23092,0.1269466145833333,0,23092_101802_0,23092_101802
2580,person,0.85065323,732,118,1034,685,101802,23092,0.18580078125,1,23092_101802_1,23092_101802
2581,person,0.99768555,487,103,938,714,101916,23092,0.2990028211805555,3,23092_101916_3,23092_101916
2582,person,0.9932533,233,20,508,713,101916,23092,0.206787109375,1,23092_101916_1,23092_101916
2583,person,0.9471905,647,112,1033,694,101916,23092,0.2437630208333333,2,23092_101916_2,23092_101916
2584,person,0.90708876,830,119,1053,626,101916,23092,0.1226790364583333,0,23092_101916_0,23092_101916
2585,person,0.99547124,505,80,897,714,102030,23092,0.2696701388888889,2,23092_102030_2,23092_102030
2586,person,0.99386865,250,33,524,714,102030,23092,0.2024674479166666,1,23092_102030_1,23092_102030
2587,person,0.9516836,837,100,1075,673,102030,23092,0.1479752604166666,0,23092_102030_0,23092_102030
2588,person,0.99670285,504,91,881,708,102144,23092,0.2523969184027778,3,23092_102144_3,23092_102144
2589,person,0.9933722,246,45,523,715,102144,23092,0.2013780381944444,2,23092_102144_2,23092_102144
2590,person,0.9357041,854,99,1077,695,102144,23092,0.1442144097222222,1,23092_102144_1,23092_102144
2591,person,0.7534599000000001,873,80,1078,483,102144,23092,0.0896430121527777,0,23092_102144_0,23092_102144
2592,person,0.9961133,500,95,856,713,102258,23092,0.2387239583333333,2,23092_102258_2,23092_102258
2593,person,0.99432397,244,39,535,712,102258,23092,0.2125032552083332,1,23092_102258_1,23092_102258
2594,person,0.95940596,843,92,1086,685,102258,23092,0.156357421875,0,23092_102258_0,23092_102258
2595,person,0.99613345,505,69,896,715,102372,23092,0.2740733506944444,3,23092_102372_3,23092_102372
2596,person,0.9946386,254,35,520,713,102372,23092,0.1956901041666666,2,23092_102372_2,23092_102372
2597,person,0.9432557,829,113,1095,683,102372,23092,0.1645182291666666,1,23092_102372_1,23092_102372
2598,person,0.7036062,852,91,1091,492,102372,23092,0.1039919704861111,0,23092_102372_0,23092_102372
2599,person,0.9330147,966,134,1130,470,102486,23092,0.0597916666666666,0,23092_102486_0,23092_102486
2600,person,0.91149294,313,60,629,688,102486,23092,0.2153298611111111,2,23092_102486_2,23092_102486
2601,person,0.88855344,769,31,1136,676,102486,23092,0.2568522135416666,3,23092_102486_3,23092_102486
2602,cat,0.62873054,331,72,619,698,102486,23092,0.195625,1,23092_102486_1,23092_102486
2603,person,0.94732165,512,109,754,697,102600,23092,0.1544010416666666,0,23092_102600_0,23092_102600
2604,person,0.9113561,772,91,1045,701,102600,23092,0.1806966145833333,1,23092_102600_1,23092_102600
2605,person,0.9475216,815,93,1072,695,102714,23092,0.1678754340277777,0,23092_102714_0,23092_102714
2606,person,0.9927833,510,33,1035,699,102828,23092,0.37939453125,1,23092_102828_1,23092_102828
2607,cup,0.7638241,868,0,1138,303,102828,23092,0.08876953125,0,23092_102828_0,23092_102828
2608,person,0.9545204,510,86,719,540,102942,23092,0.1029578993055555,0,23092_102942_0,23092_102942
2609,person,0.94979507,468,144,684,711,103056,23092,0.132890625,1,23092_103056_1,23092_103056
2610,person,0.94071543,388,118,531,706,103056,23092,0.0912369791666666,0,23092_103056_0,23092_103056
2611,person,0.9944669,613,105,1006,719,103170,23092,0.2618294270833333,1,23092_103170_1,23092_103170
2612,person,0.99296945,173,93,536,710,103170,23092,0.2430240885416666,0,23092_103170_0,23092_103170
2613,person,0.9954678,303,103,632,713,103284,23092,0.2177625868055555,0,23092_103284_0,23092_103284
2614,person,0.96659255,522,35,1123,702,103284,23092,0.4349685329861111,1,23092_103284_1,23092_103284
2615,person,0.99535227,147,102,449,709,103398,23092,0.1989084201388888,0,23092_103398_0,23092_103398
2616,person,0.9913346,594,16,1107,710,103398,23092,0.38630859375,1,23092_103398_1,23092_103398
2617,person,0.9983088,164,109,557,713,103512,23092,0.2575651041666667,0,23092_103512_0,23092_103512
2618,person,0.99385285,684,53,1133,720,103512,23092,0.3249598524305555,1,23092_103512_1,23092_103512
2619,person,0.9969502,242,94,622,707,103626,23092,0.2527560763888889,0,23092_103626_0,23092_103626
2620,person,0.9881152,691,43,1125,713,103626,23092,0.3155164930555556,1,23092_103626_1,23092_103626
2621,person,0.97510374,227,133,640,708,103740,23092,0.2576768663194444,0,23092_103740_0,23092_103740
2622,person,0.93837553,364,63,840,652,103854,23092,0.3042144097222222,0,23092_103854_0,23092_103854
2623,person,0.9843955,240,135,617,657,103968,23092,0.21353515625,0,23092_103968_0,23092_103968
2624,person,0.8911802,667,44,1115,678,103968,23092,0.3081944444444444,1,23092_103968_1,23092_103968
2625,person,0.9545167,206,170,476,601,104082,23092,0.12626953125,1,23092_104082_1,23092_104082
2626,person,0.6157621999999999,655,116,858,442,104082,23092,0.0718077256944444,0,23092_104082_0,23092_104082
2627,person,0.954121,386,149,605,488,104196,23092,0.080556640625,1,23092_104196_1,23092_104196
2628,person,0.9532242,228,168,398,594,104196,23092,0.0785807291666666,0,23092_104196_0,23092_104196
2629,person,0.7663667,973,121,1239,711,104196,23092,0.1702907986111111,2,23092_104196_2,23092_104196
2630,person,0.9163239,177,176,349,563,104310,23092,0.0722265625,2,23092_104310_2,23092_104310
2631,person,0.8608454,317,144,515,532,104310,23092,0.083359375,3,23092_104310_3,23092_104310
2632,person,0.6689191999999999,918,121,1051,371,104310,23092,0.0360785590277777,1,23092_104310_1,23092_104310
2633,dining table,0.5566719,158,536,1063,719,104310,23092,0.1797037760416666,5,23092_104310_5,23092_104310
2634,sports ball,0.5381053000000001,676,566,728,611,104310,23092,0.0025390625,0,23092_104310_0,23092_104310
2635,person,0.51121914,926,122,1201,703,104310,23092,0.1733669704861111,4,23092_104310_4,23092_104310
2636,person,0.97733885,256,172,460,589,104424,23092,0.0923046875,3,23092_104424_3,23092_104424
2637,person,0.8983909,480,126,651,519,104424,23092,0.072919921875,2,23092_104424_2,23092_104424
2638,sports ball,0.83448243,762,565,808,614,104424,23092,0.0024457465277777,0,23092_104424_0,23092_104424
2639,person,0.74667394,714,148,869,526,104424,23092,0.06357421875,1,23092_104424_1,23092_104424
2640,person,0.99756527,211,157,586,716,104538,23092,0.2274576822916666,0,23092_104538_0,23092_104538
2641,person,0.9941215,591,36,1130,712,104538,23092,0.3953602430555556,1,23092_104538_1,23092_104538
2642,person,0.9967836,220,154,557,711,104652,23092,0.2036773003472222,1,23092_104652_1,23092_104652
2643,person,0.9924459,645,45,1111,698,104652,23092,0.3301844618055555,2,23092_104652_2,23092_104652
2644,person,0.89274794,519,342,706,703,104652,23092,0.0732497829861111,0,23092_104652_0,23092_104652
2645,person,0.9970657,222,150,557,712,104766,23092,0.2042860243055556,0,23092_104766_0,23092_104766
2646,person,0.9941057,624,32,1137,700,104766,23092,0.3718359375,1,23092_104766_1,23092_104766
2647,person,0.9974553,197,163,563,720,104880,23092,0.2212044270833332,0,23092_104880_0,23092_104880
2648,person,0.99285114,633,31,1121,703,104880,23092,0.3558333333333333,1,23092_104880_1,23092_104880
2649,person,0.996518,194,160,562,715,104994,23092,0.2216145833333333,1,23092_104994_1,23092_104994
2650,person,0.9964234,616,41,1125,705,104994,23092,0.3667274305555556,2,23092_104994_2,23092_104994
2651,person,0.8505072,518,344,727,702,104994,23092,0.0811870659722222,0,23092_104994_0,23092_104994
2652,person,0.99340516,207,167,570,719,105108,23092,0.217421875,3,23092_105108_3,23092_105108
2653,person,0.9923678,648,50,1124,693,105108,23092,0.3321050347222222,4,23092_105108_4,23092_105108
2654,person,0.86717975,545,356,711,713,105108,23092,0.0643033854166666,0,23092_105108_0,23092_105108
2655,person,0.8571309000000001,552,293,783,709,105108,23092,0.1042708333333333,2,23092_105108_2,23092_105108
2656,person,0.5883778000000001,604,277,801,632,105108,23092,0.0758843315972222,1,23092_105108_1,23092_105108
2657,person,0.9967709,514,52,1069,691,105222,23092,0.384814453125,1,23092_105222_1,23092_105222
2658,person,0.9950906,198,158,601,715,105222,23092,0.2435666232638889,0,23092_105222_0,23092_105222
2659,person,0.9947796999999998,529,49,1098,720,105336,23092,0.4142784288194444,1,23092_105336_1,23092_105336
2660,person,0.9932653,232,162,607,716,105336,23092,0.2254231770833333,0,23092_105336_0,23092_105336
2661,person,0.99470156,238,153,619,716,105450,23092,0.2327506510416667,0,23092_105450_0,23092_105450
2662,person,0.9944067,530,26,1119,707,105450,23092,0.4352311197916667,1,23092_105450_1,23092_105450
2663,person,0.9695589,632,75,1023,678,105564,23092,0.255830078125,2,23092_105564_2,23092_105564
2664,person,0.87297183,646,87,844,461,105564,23092,0.0803515625,1,23092_105564_1,23092_105564
2665,person,0.50454175,1017,332,1100,468,105564,23092,0.0122482638888888,0,23092_105564_0,23092_105564
2666,person,0.9964805,143,75,663,720,105678,23092,0.3639322916666667,2,23092_105678_2,23092_105678
2667,tie,0.7970195,476,267,535,403,105678,23092,0.0087065972222222,0,23092_105678_0,23092_105678
2668,chair,0.5215668999999999,161,448,374,708,105678,23092,0.0600911458333333,1,23092_105678_1,23092_105678
2669,person,0.99754506,153,82,725,720,105792,23092,0.3959809027777777,1,23092_105792_1,23092_105792
2670,person,0.99365,771,86,1121,686,105792,23092,0.2278645833333333,0,23092_105792_0,23092_105792
2671,person,0.99836844,153,80,716,713,105906,23092,0.3866959635416667,2,23092_105906_2,23092_105906
2672,person,0.99284536,769,87,1134,679,105906,23092,0.2344618055555556,1,23092_105906_1,23092_105906
2673,tie,0.92491746,540,268,596,400,105906,23092,0.0080208333333333,0,23092_105906_0,23092_105906
2674,person,0.99247265,483,30,1027,701,106020,23092,0.3960763888888889,2,23092_106020_2,23092_106020
2675,person,0.89554876,235,216,370,463,106020,23092,0.036181640625,1,23092_106020_1,23092_106020
2676,person,0.53067225,396,302,485,524,106020,23092,0.0214388020833333,0,23092_106020_0,23092_106020
2677,person,0.9958190999999998,141,48,652,718,106134,23092,0.3714952256944444,1,23092_106134_1,23092_106134
2678,person,0.99365366,717,22,1172,704,106134,23092,0.3367078993055556,0,23092_106134_0,23092_106134
2679,person,0.9944068,125,53,663,707,106248,23092,0.3817838541666666,1,23092_106248_1,23092_106248
2680,person,0.9928398,696,42,1148,699,106248,23092,0.3222265625,0,23092_106248_0,23092_106248
2681,person,0.99090815,137,35,710,720,106362,23092,0.4258951822916667,1,23092_106362_1,23092_106362
2682,person,0.99076265,708,58,1166,699,106362,23092,0.3185525173611111,0,23092_106362_0,23092_106362
2683,person,0.9951881,641,50,1117,698,106476,23092,0.3346875,0,23092_106476_0,23092_106476
2684,person,0.9942425,147,47,653,704,106476,23092,0.36072265625,1,23092_106476_1,23092_106476
2685,person,0.9805322,500,34,1039,720,106590,23092,0.4012087673611111,3,23092_106590_3,23092_106590
2686,person,0.7530427,295,250,405,402,106590,23092,0.0181423611111111,1,23092_106590_1,23092_106590
2687,person,0.6895213000000001,258,282,627,712,106590,23092,0.17216796875,2,23092_106590_2,23092_106590
2688,person,0.5004263,449,334,493,411,106590,23092,0.0036762152777777,0,23092_106590_0,23092_106590
2689,person,0.99637455,130,54,682,715,106704,23092,0.3959114583333333,1,23092_106704_1,23092_106704
2690,person,0.99548954,634,57,1119,694,106704,23092,0.3352267795138889,0,23092_106704_0,23092_106704
2691,person,0.99649316,152,37,550,714,106818,23092,0.2923676215277778,0,23092_106818_0,23092_106818
2692,person,0.9938451,670,8,1104,711,106818,23092,0.3310568576388889,1,23092_106818_1,23092_106818
2693,person,0.9959513,676,11,1150,720,106932,23092,0.3646549479166667,1,23092_106932_1,23092_106932
2694,person,0.9924218,153,40,627,716,106932,23092,0.3476822916666666,0,23092_106932_0,23092_106932
2695,person,0.9961409,155,41,630,719,107046,23092,0.3494466145833333,1,23092_107046_1,23092_107046
2696,person,0.98824245,669,6,1119,701,107046,23092,0.33935546875,0,23092_107046_0,23092_107046
2697,person,0.9945722,679,21,1157,694,107160,23092,0.3490603298611111,2,23092_107160_2,23092_107160
2698,person,0.9945259,156,49,625,713,107160,23092,0.3379079861111111,1,23092_107160_1,23092_107160
2699,bottle,0.550334,162,487,263,703,107160,23092,0.023671875,0,23092_107160_0,23092_107160
2700,person,0.95225483,494,112,773,625,107274,23092,0.155302734375,1,23092_107274_1,23092_107274
2701,person,0.65955776,708,294,787,496,107274,23092,0.0173155381944444,0,23092_107274_0,23092_107274
2702,car,0.5492336,231,233,1152,706,107274,23092,0.4726920572916667,2,23092_107274_2,23092_107274
2703,person,0.9866601,205,120,584,695,107388,23092,0.2364637586805555,2,23092_107388_2,23092_107388
2704,person,0.95826024,791,25,1137,643,107388,23092,0.2320182291666667,1,23092_107388_1,23092_107388
2705,person,0.92810535,617,221,715,416,107388,23092,0.0207356770833333,0,23092_107388_0,23092_107388
2706,person,0.87527037,578,18,1161,677,107388,23092,0.4168804253472223,3,23092_107388_3,23092_107388
2707,person,0.997447,202,116,548,692,107502,23092,0.21625,2,23092_107502_2,23092_107502
2708,person,0.9699448,692,123,1144,650,107502,23092,0.2584678819444444,3,23092_107502_3,23092_107502
2709,person,0.92003906,596,219,707,434,107502,23092,0.0258951822916666,1,23092_107502_1,23092_107502
2710,person,0.61442065,621,646,799,716,107502,23092,0.0135199652777777,0,23092_107502_0,23092_107502
2711,person,0.990315,204,117,508,677,107616,23092,0.1847222222222222,2,23092_107616_2,23092_107616
2712,person,0.9755494,764,21,1143,665,107616,23092,0.2648394097222222,3,23092_107616_3,23092_107616
2713,person,0.8845361999999999,605,228,692,413,107616,23092,0.0174641927083333,0,23092_107616_0,23092_107616
2714,person,0.5782218000000001,575,242,683,428,107616,23092,0.021796875,1,23092_107616_1,23092_107616
2715,person,0.99553007,633,51,1021,706,107730,23092,0.2757595486111111,1,23092_107730_1,23092_107730
2716,person,0.9947226,236,130,545,702,107730,23092,0.1917838541666666,0,23092_107730_0,23092_107730
2717,person,0.9949528,268,150,581,693,107844,23092,0.1844173177083333,0,23092_107844_0,23092_107844
2718,person,0.9897914,658,61,1015,697,107844,23092,0.2463671875,1,23092_107844_1,23092_107844
2719,person,0.99414706,295,28,868,717,107958,23092,0.4283821614583333,1,23092_107958_1,23092_107958
2720,person,0.79733974,932,299,1129,689,107958,23092,0.0833658854166666,0,23092_107958_0,23092_107958
2721,person,0.93790704,466,0,996,703,108072,23092,0.4042860243055556,3,23092_108072_3,23092_108072
2722,tie,0.77856916,545,407,796,710,108072,23092,0.0825227864583333,0,23092_108072_0,23092_108072
2723,person,0.606288,179,8,640,695,108072,23092,0.3436490885416666,2,23092_108072_2,23092_108072
2724,person,0.5266288,264,46,923,720,108072,23092,0.4819509548611111,4,23092_108072_4,23092_108072
2725,person,0.5021377,528,40,947,553,108072,23092,0.233232421875,1,23092_108072_1,23092_108072
2726,person,0.9793074,458,13,1070,716,108186,23092,0.4668359375,1,23092_108186_1,23092_108186
2727,person,0.55787814,149,0,633,706,108186,23092,0.3707725694444444,0,23092_108186_0,23092_108186
2728,person,0.98419225,262,27,830,720,108300,23092,0.427109375,1,23092_108300_1,23092_108300
2729,person,0.81006414,939,320,1124,658,108300,23092,0.0678493923611111,0,23092_108300_0,23092_108300
2730,person,0.9942802,275,28,849,711,108414,23092,0.4253927951388889,1,23092_108414_1,23092_108414
2731,person,0.933824,930,312,1129,693,108414,23092,0.0822688802083333,0,23092_108414_0,23092_108414
2732,person,0.98867536,277,26,844,720,108528,23092,0.42697265625,1,23092_108528_1,23092_108528
2733,person,0.9693105,930,302,1129,684,108528,23092,0.0824848090277777,0,23092_108528_0,23092_108528
2734,person,0.99193233,274,42,861,716,108642,23092,0.4292947048611111,1,23092_108642_1,23092_108642
2735,person,0.96418333,930,293,1126,683,108642,23092,0.0829427083333333,0,23092_108642_0,23092_108642
2736,person,0.8997431,424,41,1186,716,108756,23092,0.55810546875,0,23092_108756_0,23092_108756
2737,person,0.96771425,405,30,990,708,108870,23092,0.43037109375,0,23092_108870_0,23092_108870
2738,person,0.9532208,366,24,1075,720,108984,23092,0.5354427083333333,0,23092_108984_0,23092_108984
2739,person,0.990842,255,33,908,708,109098,23092,0.478271484375,1,23092_109098_1,23092_109098
2740,tie,0.6974022,562,443,791,709,109098,23092,0.0660959201388888,0,23092_109098_0,23092_109098
2741,person,0.98208815,384,168,605,506,109212,23092,0.0810525173611111,2,23092_109212_2,23092_109212
2742,person,0.8310076,708,114,1055,644,109212,23092,0.1995551215277777,3,23092_109212_3,23092_109212
2743,person,0.64900553,755,102,897,266,109212,23092,0.0252690972222222,1,23092_109212_1,23092_109212
2744,sports ball,0.60852367,317,523,340,547,109212,23092,0.0005989583333333,0,23092_109212_0,23092_109212
2745,person,0.96518356,505,179,693,528,109326,23092,0.0711935763888888,0,23092_109326_0,23092_109326
2746,person,0.9613132,257,172,450,542,109326,23092,0.0774848090277777,1,23092_109326_1,23092_109326
2747,person,0.82438064,715,129,974,670,109326,23092,0.1520388454861111,2,23092_109326_2,23092_109326
2748,person,0.9901749,233,169,430,553,109440,23092,0.0820833333333333,3,23092_109440_3,23092_109440
2749,person,0.98126894,501,183,717,528,109440,23092,0.080859375,1,23092_109440_1,23092_109440
2750,person,0.8635742000000001,835,204,940,535,109440,23092,0.0377115885416666,0,23092_109440_0,23092_109440
2751,person,0.6306635,911,140,1079,590,109440,23092,0.08203125,2,23092_109440_2,23092_109440
2752,person,0.97666866,518,134,714,701,109554,23092,0.1205859375,0,23092_109554_0,23092_109554
2753,person,0.5769643,324,146,725,703,109554,23092,0.2423578559027777,1,23092_109554_1,23092_109554
2754,person,0.9799125,198,13,743,720,109668,23092,0.4180935329861111,2,23092_109668_2,23092_109668
2755,tie,0.9723168,491,300,568,606,109668,23092,0.02556640625,0,23092_109668_0,23092_109668
2756,person,0.88774085,960,479,1110,712,109668,23092,0.0379231770833333,1,23092_109668_1,23092_109668
2757,person,0.989099,207,20,775,712,109782,23092,0.4264930555555556,3,23092_109782_3,23092_109782
2758,tie,0.9188437,509,297,580,611,109782,23092,0.0241905381944444,0,23092_109782_0,23092_109782
2759,tie,0.6532956999999999,462,309,577,658,109782,23092,0.0435492621527777,2,23092_109782_2,23092_109782
2760,person,0.56010735,955,478,1094,689,109782,23092,0.0318240017361111,1,23092_109782_1,23092_109782
2761,person,0.9750395,209,55,772,707,109896,23092,0.3983029513888889,2,23092_109896_2,23092_109896
2762,tie,0.914648,517,301,587,603,109896,23092,0.0229383680555555,0,23092_109896_0,23092_109896
2763,person,0.71750075,963,480,1115,711,109896,23092,0.0380989583333333,1,23092_109896_1,23092_109896
2764,person,0.9790243,398,118,1070,710,110010,23092,0.4316666666666665,0,23092_110010_0,23092_110010
2765,person,0.97766715,201,0,751,720,110124,23092,0.4296875,3,23092_110124_3,23092_110124
2766,person,0.8506084999999999,969,473,1114,711,110124,23092,0.0374457465277777,0,23092_110124_0,23092_110124
2767,chair,0.6331757,655,330,911,695,110124,23092,0.1013888888888888,1,23092_110124_1,23092_110124
2768,person,0.5081293,422,17,857,692,110124,23092,0.318603515625,2,23092_110124_2,23092_110124
2769,person,0.97201127,417,147,894,705,110238,23092,0.28880859375,0,23092_110238_0,23092_110238
2770,person,0.9902886,475,148,891,706,110352,23092,0.251875,0,23092_110352_0,23092_110352
2771,person,0.99255365,473,152,900,710,110466,23092,0.25853515625,1,23092_110466_1,23092_110466
2772,person,0.50946236,472,148,695,540,110466,23092,0.0948524305555555,0,23092_110466_0,23092_110466
2773,person,0.9772544,579,119,861,687,110580,23092,0.1738020833333333,1,23092_110580_1,23092_110580
2774,vase,0.5027801,292,10,381,163,110580,23092,0.014775390625,0,23092_110580_0,23092_110580
2775,person,0.9922254,684,153,884,525,110694,23092,0.0807291666666666,3,23092_110694_3,23092_110694
2776,person,0.976698,961,217,1114,560,110694,23092,0.056943359375,1,23092_110694_1,23092_110694
2777,person,0.8012635,262,122,510,691,110694,23092,0.1531163194444444,4,23092_110694_4,23092_110694
2778,person,0.7023923000000001,286,157,448,529,110694,23092,0.065390625,2,23092_110694_2,23092_110694
2779,person,0.6290164,309,150,428,308,110694,23092,0.0204014756944444,0,23092_110694_0,23092_110694
2780,person,0.991318,940,218,1098,558,110808,23092,0.0582899305555555,1,23092_110808_1,23092_110808
2781,person,0.9837722,644,166,863,535,110808,23092,0.087685546875,3,23092_110808_3,23092_110808
2782,person,0.9431397,273,144,435,582,110808,23092,0.0769921875,2,23092_110808_2,23092_110808
2783,person,0.5260305999999999,291,147,421,362,110808,23092,0.0303276909722222,0,23092_110808_0,23092_110808
2784,person,0.9863638,949,218,1104,556,110922,23092,0.0568467881944444,0,23092_110922_0,23092_110922
2785,person,0.98535955,624,156,847,521,110922,23092,0.0883192274305555,2,23092_110922_2,23092_110922
2786,person,0.9493203,252,139,396,687,110922,23092,0.085625,1,23092_110922_1,23092_110922
2787,sink,0.6549735999999999,465,542,1007,708,110922,23092,0.0976258680555555,3,23092_110922_3,23092_110922
2788,person,0.99032015,610,161,832,520,111036,23092,0.0864778645833333,2,23092_111036_2,23092_111036
2789,person,0.98058164,928,212,1087,549,111036,23092,0.0581412760416666,1,23092_111036_1,23092_111036
2790,person,0.8341939,262,122,433,634,111036,23092,0.095,3,23092_111036_3,23092_111036
2791,person,0.5214111,275,147,396,342,111036,23092,0.0256022135416666,0,23092_111036_0,23092_111036
2792,person,0.9878242,586,163,819,536,111150,23092,0.0943023003472222,2,23092_111150_2,23092_111150
2793,person,0.9183603,248,131,418,619,111150,23092,0.0900173611111111,1,23092_111150_1,23092_111150
2794,person,0.89842963,929,215,1071,534,111150,23092,0.0491514756944444,0,23092_111150_0,23092_111150
2795,person,0.9101328000000002,780,202,991,479,111264,23092,0.0634190538194444,1,23092_111264_1,23092_111264
2796,person,0.86667114,257,171,442,682,111264,23092,0.1025770399305555,3,23092_111264_3,23092_111264
2797,person,0.6515871,765,184,853,415,111264,23092,0.0220572916666666,0,23092_111264_0,23092_111264
2798,sink,0.558355,521,544,974,705,111264,23092,0.0791373697916666,2,23092_111264_2,23092_111264
2799,person,0.83245057,535,248,646,452,111378,23092,0.0245703125,0,23092_111378_0,23092_111378
2800,person,0.69438034,380,256,551,583,111378,23092,0.060673828125,1,23092_111378_1,23092_111378
2801,person,0.5134061,544,229,687,668,111378,23092,0.0681174045138888,2,23092_111378_2,23092_111378
2802,person,0.94721425,403,48,583,687,111492,23092,0.1248046875,2,23092_111492_2,23092_111492
2803,person,0.9032035,898,228,1035,516,111492,23092,0.0428125,0,23092_111492_0,23092_111492
2804,chair,0.67289406,715,389,884,700,111492,23092,0.0570301649305555,1,23092_111492_1,23092_111492
2805,person,0.9896651,202,28,516,690,111606,23092,0.2255512152777777,3,23092_111606_3,23092_111606
2806,person,0.8261393,469,113,637,622,111606,23092,0.0927864583333333,2,23092_111606_2,23092_111606
2807,person,0.8121470000000001,939,188,1038,532,111606,23092,0.036953125,0,23092_111606_0,23092_111606
2808,chair,0.67426616,713,386,895,705,111606,23092,0.0629969618055555,1,23092_111606_1,23092_111606
2809,person,0.9903188,946,86,1129,699,111720,23092,0.1217220052083333,4,23092_111720_4,23092_111720
2810,person,0.97175807,547,89,741,720,111720,23092,0.1328276909722222,5,23092_111720_5,23092_111720
2811,person,0.9109337,196,89,367,690,111720,23092,0.111513671875,3,23092_111720_3,23092_111720
2812,person,0.85795194,769,89,943,636,111720,23092,0.1032747395833333,2,23092_111720_2,23092_111720
2813,person,0.7001396,771,88,940,383,111720,23092,0.0540961371527777,0,23092_111720_0,23092_111720
2814,person,0.5953248999999999,246,52,384,461,111720,23092,0.0612434895833333,1,23092_111720_1,23092_111720
2815,person,0.9972771,610,21,1100,703,111834,23092,0.3626085069444445,1,23092_111834_1,23092_111834
2816,person,0.9918793,240,84,611,710,111834,23092,0.2520030381944444,0,23092_111834_0,23092_111834
2817,person,0.9975714,640,16,1109,689,111948,23092,0.3424880642361111,1,23092_111948_1,23092_111948
2818,person,0.9966431999999998,198,71,595,708,111948,23092,0.2744021267361111,0,23092_111948_0,23092_111948
2819,person,0.9984824,656,21,1103,702,112062,23092,0.330302734375,1,23092_112062_1,23092_112062
2820,person,0.99604475,197,70,612,709,112062,23092,0.287744140625,0,23092_112062_0,23092_112062
2821,person,0.99670273,209,73,602,717,112176,23092,0.2746223958333333,0,23092_112176_0,23092_112176
2822,person,0.99391925,670,33,1118,698,112176,23092,0.3232638888888889,1,23092_112176_1,23092_112176
2823,person,0.99673116,229,79,653,716,112290,23092,0.2930642361111111,0,23092_112290_0,23092_112290
2824,person,0.9949531,601,43,1140,690,112290,23092,0.3783995225694444,1,23092_112290_1,23092_112290
2825,person,0.9967572,184,76,661,720,112404,23092,0.3333203125,0,23092_112404_0,23092_112404
2826,person,0.9950954,599,41,1145,690,112404,23092,0.3844986979166667,1,23092_112404_1,23092_112404
2827,person,0.9975803,212,74,640,713,112518,23092,0.2967578125,1,23092_112518_1,23092_112518
2828,person,0.99578756,624,51,1134,697,112518,23092,0.3574869791666666,2,23092_112518_2,23092_112518
2829,person,0.7095663000000001,626,463,807,714,112518,23092,0.0492957899305555,0,23092_112518_0,23092_112518
2830,person,0.98361766,625,172,914,714,112632,23092,0.1699631076388889,1,23092_112632_1,23092_112632
2831,person,0.59510267,923,136,1132,697,112632,23092,0.1272233072916666,0,23092_112632_0,23092_112632
2832,person,0.9943901,896,113,1086,663,112746,23092,0.1133897569444444,1,23092_112746_1,23092_112746
2833,person,0.9680272,321,104,471,720,112746,23092,0.1002604166666666,0,23092_112746_0,23092_112746
2834,chair,0.62321806,524,404,889,711,112746,23092,0.1215874565972222,2,23092_112746_2,23092_112746
2835,person,0.98554265,330,93,487,720,112860,23092,0.1068131510416666,2,23092_112860_2,23092_112860
2836,person,0.98499876,885,128,1113,688,112860,23092,0.1385416666666666,3,23092_112860_3,23092_112860
2837,person,0.9628109,38,5,267,712,112860,23092,0.1756759982638888,4,23092_112860_4,23092_112860
2838,vase,0.70447147,454,442,541,651,112860,23092,0.0197298177083333,0,23092_112860_0,23092_112860
2839,person,0.5009246,136,20,276,684,112860,23092,0.1008680555555555,1,23092_112860_1,23092_112860
2840,person,0.99695563,400,18,655,705,112974,23092,0.190087890625,4,23092_112974_4,23092_112974
2841,person,0.8351181000000001,824,457,1071,700,112974,23092,0.065126953125,0,23092_112974_0,23092_112974
2842,refrigerator,0.7692941999999999,172,40,488,662,112974,23092,0.2132725694444444,5,23092_112974_5,23092_112974
2843,person,0.6911754,672,342,1041,708,112974,23092,0.14654296875,3,23092_112974_3,23092_112974
2844,person,0.65445614,665,334,896,717,112974,23092,0.0959993489583333,2,23092_112974_2,23092_112974
2845,person,0.5716294,714,340,964,588,112974,23092,0.0672743055555555,1,23092_112974_1,23092_112974
2846,person,0.99809116,777,12,1091,694,113088,23092,0.2323654513888889,2,23092_113088_2,23092_113088
2847,person,0.9904608,175,101,401,704,113088,23092,0.14787109375,0,23092_113088_0,23092_113088
2848,person,0.8582283000000002,436,337,822,697,113088,23092,0.15078125,1,23092_113088_1,23092_113088
2849,person,0.9948354,834,16,1103,700,113202,23092,0.1996484375,3,23092_113202_3,23092_113202
2850,person,0.9931091,178,90,416,706,113202,23092,0.1590798611111111,2,23092_113202_2,23092_113202
2851,person,0.6987465,446,341,781,710,113202,23092,0.134130859375,1,23092_113202_1,23092_113202
2852,person,0.5772676999999999,598,475,845,700,113202,23092,0.060302734375,0,23092_113202_0,23092_113202
2853,person,0.9947759,811,30,1080,693,113316,23092,0.1935188802083333,3,23092_113316_3,23092_113316
2854,person,0.9924089,182,90,416,718,113316,23092,0.159453125,2,23092_113316_2,23092_113316
2855,person,0.81088996,576,273,858,701,113316,23092,0.1309635416666666,1,23092_113316_1,23092_113316
2856,person,0.6851094,404,402,641,704,113316,23092,0.0776627604166666,0,23092_113316_0,23092_113316
2857,person,0.9939652,534,146,936,715,113430,23092,0.2481966145833333,0,23092_113430_0,23092_113430
2858,person,0.9737607,655,122,1050,690,113544,23092,0.2434461805555556,1,23092_113544_1,23092_113544
2859,person,0.85399777,207,295,846,720,113544,23092,0.294677734375,2,23092_113544_2,23092_113544
2860,person,0.6174527,209,332,606,716,113544,23092,0.1654166666666666,0,23092_113544_0,23092_113544
2861,person,0.8546238000000002,247,7,1106,709,113658,23092,0.65431640625,0,23092_113658_0,23092_113658
2862,person,0.99766964,200,47,505,714,113772,23092,0.2207411024305556,2,23092_113772_2,23092_113772
2863,person,0.97867703,693,134,957,706,113772,23092,0.1638541666666666,1,23092_113772_1,23092_113772
2864,person,0.93767464,923,127,1121,653,113772,23092,0.1130078125,0,23092_113772_0,23092_113772
2865,person,0.99542207,211,56,448,683,113886,23092,0.161240234375,2,23092_113886_2,23092_113886
2866,person,0.9798417,940,135,1121,676,113886,23092,0.1062510850694444,0,23092_113886_0,23092_113886
2867,person,0.9754646,695,148,946,704,113886,23092,0.1514279513888889,1,23092_113886_1,23092_113886
2868,person,0.9979862,210,55,461,691,114000,23092,0.1732161458333333,2,23092_114000_2,23092_114000
2869,person,0.96613586,688,129,957,705,114000,23092,0.168125,1,23092_114000_1,23092_114000
2870,person,0.945953,941,142,1126,697,114000,23092,0.1114095052083333,0,23092_114000_0,23092_114000
2871,person,0.9430093,749,172,1034,699,114114,23092,0.1629720052083333,2,23092_114114_2,23092_114114
2872,person,0.9216889,263,115,466,674,114114,23092,0.1231304253472222,1,23092_114114_1,23092_114114
2873,person,0.7791883000000001,943,134,1120,678,114114,23092,0.1044791666666666,0,23092_114114_0,23092_114114
2874,person,0.98326474,706,106,993,714,114228,23092,0.1893402777777778,5,23092_114228_5,23092_114228
2875,person,0.96733856,550,92,770,689,114228,23092,0.1425130208333333,3,23092_114228_3,23092_114228
2876,person,0.9484871,948,86,1124,702,114228,23092,0.1176388888888888,2,23092_114228_2,23092_114228
2877,person,0.6499081999999999,617,89,872,712,114228,23092,0.1723795572916666,4,23092_114228_4,23092_114228
2878,refrigerator,0.5957955,363,184,559,700,114228,23092,0.1097395833333333,1,23092_114228_1,23092_114228
2879,tie,0.58350104,845,224,878,292,114228,23092,0.0024348958333333,0,23092_114228_0,23092_114228
2880,person,0.8224475,561,115,785,719,114342,23092,0.1468055555555555,1,23092_114342_1,23092_114342
2881,refrigerator,0.5927647,338,170,574,708,114342,23092,0.1377690972222222,0,23092_114342_0,23092_114342
2882,person,0.97716856,669,81,1097,702,114456,23092,0.2883984375,0,23092_114456_0,23092_114456
2883,person,0.96680295,370,72,805,693,114456,23092,0.293115234375,1,23092_114456_1,23092_114456
2884,person,0.50628316,490,50,916,714,114456,23092,0.3069270833333333,2,23092_114456_2,23092_114456
2885,person,0.8842537,796,187,1012,491,114570,23092,0.07125,0,23092_114570_0,23092_114570
2886,person,0.6952413000000001,534,167,849,542,114570,23092,0.128173828125,2,23092_114570_2,23092_114570
2887,vase,0.676311,151,55,302,543,114570,23092,0.0799565972222222,1,23092_114570_1,23092_114570
2888,person,0.56124264,730,177,1030,596,114570,23092,0.1363932291666666,3,23092_114570_3,23092_114570
2889,person,0.92548186,678,246,977,668,114684,23092,0.1369118923611111,2,23092_114684_2,23092_114684
2890,person,0.8924048000000001,295,175,697,698,114684,23092,0.2281315104166666,3,23092_114684_3,23092_114684
2891,vase,0.5712605,151,64,294,542,114684,23092,0.0741688368055555,1,23092_114684_1,23092_114684
2892,chair,0.5304512,986,360,1126,549,114684,23092,0.0287109375,0,23092_114684_0,23092_114684
2893,person,0.9540026,520,62,1026,683,115026,23092,0.34095703125,1,23092_115026_1,23092_115026
2894,person,0.7783704,165,270,555,714,115026,23092,0.187890625,0,23092_115026_0,23092_115026
2895,person,0.72055614,687,69,1194,694,115026,23092,0.3438313802083333,2,23092_115026_2,23092_115026
2896,person,0.8945177,540,58,1025,629,115140,23092,0.3004937065972222,1,23092_115140_1,23092_115140
2897,person,0.8339610999999999,142,254,557,704,115140,23092,0.20263671875,0,23092_115140_0,23092_115140
2898,person,0.81943125,619,17,1171,659,115140,23092,0.38453125,3,23092_115140_3,23092_115140
2899,person,0.7728259,786,0,1249,629,115140,23092,0.3160015190972222,2,23092_115140_2,23092_115140
2900,person,0.9237271,491,92,1123,661,115254,23092,0.3901996527777778,2,23092_115254_2,23092_115254
2901,person,0.857872,681,34,1182,708,115254,23092,0.3663997395833333,1,23092_115254_1,23092_115254
2902,person,0.7900425999999999,161,269,565,692,115254,23092,0.1854296875,0,23092_115254_0,23092_115254
2903,person,0.969271,484,77,1045,714,115368,23092,0.3877571614583333,1,23092_115368_1,23092_115368
2904,person,0.7564984,163,297,574,704,115368,23092,0.1815071614583333,0,23092_115368_0,23092_115368
2905,person,0.7285958,606,19,1180,714,115368,23092,0.4328667534722222,2,23092_115368_2,23092_115368
2906,person,0.969908,494,88,1054,705,115482,23092,0.3749131944444444,3,23092_115482_3,23092_115482
2907,person,0.88585347,153,256,564,699,115482,23092,0.1975618489583333,0,23092_115482_0,23092_115482
2908,person,0.64290375,946,14,1259,693,115482,23092,0.2306065538194444,1,23092_115482_1,23092_115482
2909,person,0.62352127,785,39,1221,698,115482,23092,0.3117664930555555,2,23092_115482_2,23092_115482
2910,person,0.9555344,486,107,1070,684,115596,23092,0.3656336805555556,2,23092_115596_2,23092_115596
2911,person,0.87246984,161,311,547,710,115596,23092,0.1671158854166666,0,23092_115596_0,23092_115596
2912,person,0.5034430999999999,790,19,1140,705,115596,23092,0.2605251736111111,1,23092_115596_1,23092_115596
2913,person,0.93860966,506,132,930,690,115710,23092,0.25671875,2,23092_115710_2,23092_115710
2914,person,0.8714433000000001,177,273,599,708,115710,23092,0.1991861979166666,1,23092_115710_1,23092_115710
2915,person,0.7496101,562,74,1101,711,115710,23092,0.3725509982638889,3,23092_115710_3,23092_115710
2916,person,0.5204507,602,151,852,530,115710,23092,0.1028103298611111,0,23092_115710_0,23092_115710
2917,person,0.9592588,550,47,1067,689,115824,23092,0.3601497395833333,3,23092_115824_3,23092_115824
2918,person,0.9104493,164,270,555,701,115824,23092,0.1828569878472222,1,23092_115824_1,23092_115824
2919,person,0.7116078,897,99,1072,480,115824,23092,0.0723470052083333,0,23092_115824_0,23092_115824
2920,person,0.7113746999999999,823,18,1223,703,115824,23092,0.2973090277777778,2,23092_115824_2,23092_115824
2921,person,0.9697759,492,100,1085,678,115938,23092,0.3719118923611111,3,23092_115938_3,23092_115938
2922,person,0.73183995,146,317,577,692,115938,23092,0.1753743489583333,1,23092_115938_1,23092_115938
2923,person,0.67025155,773,8,1214,715,115938,23092,0.338310546875,2,23092_115938_2,23092_115938
2924,person,0.5822196999999999,521,325,612,471,115938,23092,0.0144162326388888,0,23092_115938_0,23092_115938
2925,person,0.9403103,511,91,1061,653,116052,23092,0.3353949652777778,2,23092_116052_2,23092_116052
2926,person,0.72660404,787,12,1243,695,116052,23092,0.3379427083333333,3,23092_116052_3,23092_116052
2927,person,0.6774389000000001,135,305,685,712,116052,23092,0.2428927951388889,1,23092_116052_1,23092_116052
2928,person,0.5708586999999999,476,602,603,719,116052,23092,0.016123046875,0,23092_116052_0,23092_116052
2929,person,0.97454166,518,89,1050,692,116166,23092,0.3480859375,3,23092_116166_3,23092_116166
2930,person,0.9266694,173,295,573,700,116166,23092,0.17578125,0,23092_116166_0,23092_116166
2931,person,0.6255414,915,44,1280,684,116166,23092,0.2534722222222222,1,23092_116166_1,23092_116166
2932,person,0.5017365,677,9,1121,649,116166,23092,0.3083333333333333,2,23092_116166_2,23092_116166
2933,person,0.91287786,533,80,1056,627,116280,23092,0.3104177517361111,1,23092_116280_1,23092_116280
2934,person,0.81713945,166,251,561,707,116280,23092,0.1954427083333333,0,23092_116280_0,23092_116280
2935,person,0.9212459,538,7,1162,699,116394,23092,0.4685416666666667,2,23092_116394_2,23092_116394
2936,person,0.7900739,515,114,950,689,116394,23092,0.2714029947916667,0,23092_116394_0,23092_116394
2937,person,0.6836736,723,22,1269,698,116394,23092,0.4004947916666667,1,23092_116394_1,23092_116394
2938,person,0.9502462,523,76,1100,685,116508,23092,0.3812858072916666,2,23092_116508_2,23092_116508
2939,person,0.8295732,137,289,577,699,116508,23092,0.1957465277777778,0,23092_116508_0,23092_116508
2940,person,0.76281315,809,21,1257,697,116508,23092,0.3286111111111111,1,23092_116508_1,23092_116508
2941,person,0.93105924,513,81,1079,669,116622,23092,0.3611197916666667,3,23092_116622_3,23092_116622
2942,person,0.8624654,171,271,580,711,116622,23092,0.1952690972222222,0,23092_116622_0,23092_116622
2943,person,0.6885331,771,29,1228,707,116622,23092,0.3362044270833333,2,23092_116622_2,23092_116622
2944,person,0.6804988000000001,929,19,1264,695,116622,23092,0.2457248263888889,1,23092_116622_1,23092_116622
2945,person,0.9569531,138,233,587,702,116736,23092,0.2284950086805556,0,23092_116736_0,23092_116736
2946,person,0.93420947,539,63,1046,680,116736,23092,0.3394303385416666,2,23092_116736_2,23092_116736
2947,person,0.88610137,750,0,1223,715,116736,23092,0.3669650607638889,3,23092_116736_3,23092_116736
2948,person,0.5246496,875,40,1260,601,116736,23092,0.2343587239583333,1,23092_116736_1,23092_116736
2949,person,0.93102354,137,296,578,706,116850,23092,0.19619140625,0,23092_116850_0,23092_116850
2950,person,0.9121091999999998,519,78,1002,619,116850,23092,0.2835319010416666,1,23092_116850_1,23092_116850
2951,person,0.70452166,689,0,1219,672,116850,23092,0.3864583333333333,2,23092_116850_2,23092_116850
2952,person,0.93911237,134,219,601,692,116964,23092,0.2396820746527777,1,23092_116964_1,23092_116964
2953,person,0.9338626,523,87,1051,694,116964,23092,0.3477604166666667,4,23092_116964_4,23092_116964
2954,person,0.7014397,686,68,1168,711,116964,23092,0.3362912326388889,3,23092_116964_3,23092_116964
2955,person,0.51883346,531,315,612,448,116964,23092,0.011689453125,0,23092_116964_0,23092_116964
2956,person,0.50205755,831,34,1206,644,116964,23092,0.2482096354166666,2,23092_116964_2,23092_116964
2957,person,0.9382263,568,55,1077,689,117078,23092,0.3501584201388889,1,23092_117078_1,23092_117078
2958,person,0.935454,143,207,547,706,117078,23092,0.2187456597222222,0,23092_117078_0,23092_117078
2959,person,0.6765326,701,20,1236,705,117078,23092,0.3976508246527778,2,23092_117078_2,23092_117078
2960,person,0.96838456,536,76,1043,696,117192,23092,0.3410807291666666,3,23092_117192_3,23092_117192
2961,person,0.946498,133,253,584,699,117192,23092,0.2182573784722222,0,23092_117192_0,23092_117192
2962,person,0.7428855,677,58,1135,701,117192,23092,0.3195464409722222,2,23092_117192_2,23092_117192
2963,person,0.6751923000000001,900,23,1269,655,117192,23092,0.253046875,1,23092_117192_1,23092_117192
2964,person,0.95460546,532,60,1045,668,117306,23092,0.3384375,1,23092_117306_1,23092_117306
2965,person,0.80591416,147,283,590,698,117306,23092,0.1994845920138888,0,23092_117306_0,23092_117306
2966,person,0.51743025,649,44,1234,715,117306,23092,0.425927734375,2,23092_117306_2,23092_117306
2967,person,0.97912735,498,91,1104,682,117420,23092,0.38861328125,2,23092_117420_2,23092_117420
2968,person,0.8960104,190,270,563,704,117420,23092,0.1756532118055555,0,23092_117420_0,23092_117420
2969,person,0.6075488,703,28,1145,711,117420,23092,0.3275672743055555,1,23092_117420_1,23092_117420
2970,person,0.9393354,558,84,1040,668,117534,23092,0.3054340277777778,3,23092_117534_3,23092_117534
2971,person,0.8419215,687,80,1138,710,117534,23092,0.30830078125,4,23092_117534_4,23092_117534
2972,person,0.8300799999999999,124,215,600,697,117534,23092,0.2489496527777777,1,23092_117534_1,23092_117534
2973,person,0.5540018,885,30,1247,695,117534,23092,0.2612087673611111,2,23092_117534_2,23092_117534
2974,person,0.5148983,811,53,1165,645,117534,23092,0.2273958333333333,0,23092_117534_0,23092_117534
2975,person,0.95796454,534,97,1080,682,117648,23092,0.34658203125,3,23092_117648_3,23092_117648
2976,person,0.9051243,141,274,666,687,117648,23092,0.2352701822916666,0,23092_117648_0,23092_117648
2977,person,0.7228535,856,42,1248,683,117648,23092,0.2726475694444445,1,23092_117648_1,23092_117648
2978,person,0.708024,754,43,1156,704,117648,23092,0.2883268229166667,2,23092_117648_2,23092_117648
2979,person,0.9699083,557,81,1115,687,117762,23092,0.3669140625,4,23092_117762_4,23092_117762
2980,person,0.8785972,154,299,573,716,117762,23092,0.1895865885416666,1,23092_117762_1,23092_117762
2981,person,0.68894637,748,48,1229,701,117762,23092,0.3408127170138889,3,23092_117762_3,23092_117762
2982,person,0.66185457,928,25,1272,672,117762,23092,0.2415017361111111,2,23092_117762_2,23092_117762
2983,person,0.58877856,283,308,562,593,117762,23092,0.086279296875,0,23092_117762_0,23092_117762
2984,person,0.95745564,468,92,1109,666,117876,23092,0.3992339409722222,1,23092_117876_1,23092_117876
2985,person,0.8588538,124,270,591,684,117876,23092,0.20978515625,0,23092_117876_0,23092_117876
2986,person,0.9469821,488,107,1094,664,117990,23092,0.3662565104166667,3,23092_117990_3,23092_117990
2987,person,0.83239394,166,294,600,712,117990,23092,0.1968446180555556,1,23092_117990_1,23092_117990
2988,person,0.74466795,767,61,1223,678,117990,23092,0.3052864583333333,2,23092_117990_2,23092_117990
2989,person,0.50684357,338,304,566,590,117990,23092,0.0707552083333333,0,23092_117990_0,23092_117990
2990,person,0.966169,519,79,961,683,118104,23092,0.2896788194444445,3,23092_118104_3,23092_118104
2991,person,0.9133299,162,292,603,699,118104,23092,0.194755859375,2,23092_118104_2,23092_118104
2992,person,0.84538984,756,46,1189,695,118104,23092,0.3049229600694445,4,23092_118104_4,23092_118104
2993,person,0.63594353,314,314,584,591,118104,23092,0.08115234375,0,23092_118104_0,23092_118104
2994,person,0.51123756,305,300,668,693,118104,23092,0.154794921875,1,23092_118104_1,23092_118104
2995,person,0.9682787,556,65,981,656,118218,23092,0.2725423177083333,3,23092_118218_3,23092_118218
2996,person,0.9291964,123,195,597,691,118218,23092,0.2551041666666667,2,23092_118218_2,23092_118218
2997,person,0.85793966,822,19,1224,688,118218,23092,0.29181640625,4,23092_118218_4,23092_118218
2998,person,0.5437803000000001,344,315,519,448,118218,23092,0.0252549913194444,0,23092_118218_0,23092_118218
2999,person,0.5437288,642,40,1031,532,118218,23092,0.2076692708333333,1,23092_118218_1,23092_118218
3000,person,0.9057817,651,474,887,715,118332,23092,0.0617144097222222,0,23092_118332_0,23092_118332
3001,person,0.9907006,510,154,680,601,118446,23092,0.0824544270833333,0,23092_118446_0,23092_118446
3002,person,0.82282346,751,178,929,691,118446,23092,0.09908203125,1,23092_118446_1,23092_118446
3003,person,0.99260616,456,77,722,704,118560,23092,0.1809700520833333,1,23092_118560_1,23092_118560
3004,person,0.96852064,715,113,993,690,118560,23092,0.1740516493055555,0,23092_118560_0,23092_118560
3005,person,0.99255157,437,109,738,709,118674,23092,0.1959635416666666,0,23092_118674_0,23092_118674
3006,person,0.9693732,690,67,1062,720,118674,23092,0.2635807291666667,1,23092_118674_1,23092_118674
3007,person,0.9512176,534,122,767,703,118788,23092,0.1468891059027778,1,23092_118788_1,23092_118788
3008,person,0.7161736999999999,400,96,685,693,118788,23092,0.184619140625,2,23092_118788_2,23092_118788
3009,remote,0.5012838,718,305,762,347,118788,23092,0.0020052083333333,0,23092_118788_0,23092_118788
3010,person,0.9808646,542,128,792,683,118902,23092,0.1505533854166666,0,23092_118902_0,23092_118902
3011,person,0.9361972,767,35,1029,689,118902,23092,0.1859244791666666,1,23092_118902_1,23092_118902
3012,person,0.9242692,470,18,1068,703,119016,23092,0.4444769965277778,3,23092_119016_3,23092_119016
3013,person,0.8107145,329,29,878,704,119016,23092,0.402099609375,2,23092_119016_2,23092_119016
3014,person,0.79648435,165,63,744,686,119016,23092,0.3914029947916667,1,23092_119016_1,23092_119016
3015,tie,0.55925137,750,326,811,387,119016,23092,0.0040375434027777,0,23092_119016_0,23092_119016
3016,person,0.9703268,557,5,1035,677,119130,23092,0.3485416666666667,1,23092_119130_1,23092_119130
3017,person,0.7588041999999999,405,28,909,674,119130,23092,0.35328125,2,23092_119130_2,23092_119130
3018,dog,0.58274806,261,64,664,575,119130,23092,0.2234516059027777,0,23092_119130_0,23092_119130
3019,person,0.9790947,681,23,1166,720,119244,23092,0.3668023003472222,1,23092_119244_1,23092_119244
3020,person,0.97593474,191,195,805,703,119244,23092,0.3384461805555555,0,23092_119244_0,23092_119244
3021,person,0.9848755,716,25,1132,695,119358,23092,0.3024305555555555,0,23092_119358_0,23092_119358
3022,person,0.96961516,237,193,789,700,119358,23092,0.303671875,1,23092_119358_1,23092_119358
3023,person,0.98400533,746,28,1148,704,119472,23092,0.2948697916666666,0,23092_119472_0,23092_119472
3024,person,0.9835892,208,193,816,697,119472,23092,0.3325,1,23092_119472_1,23092_119472
3025,person,0.9837087,714,20,1152,720,119586,23092,0.3326822916666667,1,23092_119586_1,23092_119586
3026,person,0.9818319,208,189,794,702,119586,23092,0.32619140625,0,23092_119586_0,23092_119586
3027,person,0.97967076,624,37,1059,679,119700,23092,0.30302734375,0,23092_119700_0,23092_119700
3028,person,0.8750533000000001,223,41,749,720,119700,23092,0.3875368923611111,1,23092_119700_1,23092_119700
3029,person,0.6858643,390,50,1034,668,119700,23092,0.4318489583333333,2,23092_119700_2,23092_119700
3030,person,0.983002,574,40,1058,705,119814,23092,0.3492404513888889,1,23092_119814_1,23092_119814
3031,person,0.90541005,237,61,961,706,119814,23092,0.5067057291666667,2,23092_119814_2,23092_119814
3032,donut,0.55024344,447,227,682,446,119814,23092,0.0558430989583333,0,23092_119814_0,23092_119814
3033,person,0.94444907,675,317,839,702,119928,23092,0.0685112847222222,1,23092_119928_1,23092_119928
3034,cell phone,0.56933945,785,382,848,418,119928,23092,0.0024609375,0,23092_119928_0,23092_119928
3035,person,0.91035867,669,336,803,687,120042,23092,0.05103515625,2,23092_120042_2,23092_120042
3036,person,0.8771609,665,324,758,647,120042,23092,0.0325944010416666,1,23092_120042_1,23092_120042
3037,person,0.75104237,734,350,812,612,120042,23092,0.0221744791666666,0,23092_120042_0,23092_120042
3038,scissors,0.7257994000000001,489,137,835,348,120270,23092,0.0792165798611111,0,23092_120270_0,23092_120270
